TT I
1.2716486653135266 7.57486
1.2939594142134223 7.38662
1.3162702121660406 6.8023
1.3385810600174564 7.6620800000000004
1.3608919586137629 6.833819999999999
1.383202908801069 6.33451
1.405513911425503 6.673439999999999
1.4278249673332093 6.59797
1.4501343378461518 6.12116
1.4724455028545926 5.81114
1.4947567236847858 6.18938
1.517068001182951 6.48337
1.5393793361953272 5.62459
1.5616907295681737 6.22576
1.5840021821477681 5.5631
1.60631369478041 6.18277
1.6286252683124185 5.4425099999999995
1.6509369035901333 5.473409999999999
1.6732468618895553 5.238180000000001
1.695558623192809 4.86341
1.7178704487808514 5.42697
1.7401823395001077 5.43032
1.7625012545597203 5.03983
1.7848028405262486 5.14396
1.8071218901122095 4.96585
1.8294236121921872 5.33487
1.8517427996910911 4.96632
1.8740620574440425 5.00461
1.8963639900671978 4.75661
1.9186833908139995 4.83865
1.9409854680117449 4.8520900000000005
1.9633050151394713 4.92619
1.9856246367570705 4.851430000000001
2.0079269371922672 4.8108
2.03024671027244 4.91806
2.0525491637446027 4.8685599999999996
2.074869091674931 4.34963
2.097171701569106 4.4501
2.1194917877373847 5.17771
2.141811954326636 5.32859
2.164114805233074 5.25087
2.186435135143035 6.28776
2.208738150935709 15.9113
2.231058647554722 32.2957
2.2533792288321184 24.2851
2.275682498336085 10.9949
2.298003251406138 6.12897
2.3203066942619714 4.69775
2.3426276225136022 4.66239
2.3649486396617507 4.79948
2.387252348930071 4.47271
2.4095735463442893 4.78509
2.4318774374315884 5.34114
2.4541988185014043 5.34283
2.476502894794693 5.71525
2.498824462909887 5.51627
2.521146125856138 5.882999999999999
2.5434504863470337 6.40552
2.5657723414244717 5.9633199999999995
2.588076895590662 6.91237
2.610398946189713 7.5092300000000005
2.6327210958598384 7.067810000000001
2.6550259469304716 6.755539999999999
2.6773482972090137 6.84581
2.6996533504259 7.26541
2.7219759047039602 7.4046899999999996
2.744298562293959 6.77275
2.7666039251246595 7.31146
2.7889267918020164 7.447539999999999
2.8112323652516555 7.1220300000000005
2.833555444408179 7.99719
2.8558786311183852 7.76497
2.8781845268938557 7.850289999999999
2.9005079311721484 8.522
2.9228140460410397 8.71958
2.9451376712799635 9.22855
2.967444008632326 9.88831
2.9897678582247247 10.5221
3.0120918213106695 10.6577
3.0343984987899373 11.0603
3.0567226913198637 11.6388
3.079029599759726 12.0405
3.101354025127254 12.4493
3.123678568232338 12.9978
3.145985829517914 12.9653
3.16831061055229 13.6144
3.1906181112775593 13.8535
3.212943133635653 14.9097
3.2352682779763207 15.4524
3.2575761442691227 15.5635
3.2799015350264273 15.9677
3.302209649240067 16.1113
3.3245352898092655 17.3744
3.3468436553365257 18.1031
3.369169549113219 18.2744
3.3914955708171384 18.9815
3.413804319727358 18.6912
3.4361305997334863 19.4268
3.4584396084414553 20.1842
3.4807661501462652 20.6722
3.503092824025881 21.4777
3.5254022288463154 21.6825
3.5477291695206588 22.3911
3.5700388426251948 22.8878
3.5923660534916446 24.6566
3.6146934007816114 41.2724
3.637003482731501 101.59200000000001
3.6593311053109985 113.199
3.681641464033634 63.7796
3.7039693653009733 32.513000000000005
3.726297407241705 26.9818
3.7486081875460804 26.1335
3.7709365132734978 26.3865
3.793247578841633 27.3898
3.8155761917550093 27.4301
3.8378875459837216 27.5725
3.8602164494827234 27.8611
3.882545499606844 28.9255
3.9048572932539183 29.461
3.9271866390645718 29.7428
3.9494987298666713 30.4064
3.971828374764527 30.8922
3.9941581705403255 31.4782
4.016470713506008 32.1606
4.038800813471445 32.9967
4.061113662089144 33.6322
4.0834440696459176 34.532
4.105774632334751 35.1926
4.128087945865126 35.9888
4.150418821249301 36.9808
4.172732448931298 38.3924
4.195063640413578 40.5417
4.2173775856475215 44.4733
4.239709096631102 81.2372
4.262040768704612 277.746
4.284355196706267 375.084
4.306687193387355 240.69400000000002
4.329001947444346 90.0876
4.35133427213731 50.8561
4.373666762177566 46.1719
4.395982011761091 45.7091
4.418314834921175 47.3837
4.44063041906622 56.0851
4.4629635787515625 68.8764
4.4852969080429785 68.9207
4.5076130004776225 56.7834
4.529946671403969 52.6413
4.552263106909177 53.0008
4.574597122877047 53.2618
4.596931312711224 53.9504
4.619248269273446 55.1334
4.6415828092605835 56.0746
4.663900117405352 57.0847
4.686235010953232 58.4215
4.708552674085913 59.6953
4.730887924602802 61.3142
4.753223354952695 62.8693
4.775541557023902 64.405
4.797877349456786 65.874
4.820195915032126 67.7774
4.842532072957498 69.3134
4.864868414979744 71.6285
4.88718753227192 74.0826
4.909524244902505 75.8062
4.931843734218147 77.9037
4.954180820867835 80.4952
4.976518095879839 83.9089
4.998838149695359 87.3983
5.021175803844231 91.463
5.043496238205739 94.8973
5.065834274903528 99.9741
5.088172504230693 106.729
5.1104935158799565 114.869
5.132832132875765 143.858
5.155153533596801 200.83700000000002
5.1774925416746225 252.123
5.199814334878411 510.06699999999995
5.2221537374521505 1361.09
5.244493338631803 3243.72
5.266815727034316 7043.58
5.289155727832427 11357.1
5.311478517248165 9396.97
5.333818921080011 3807.39
5.356159527788849 823.314
5.3784829252032536 233.96900000000002
5.400823940070432 165.167
5.423147747031976 141.276
5.445489173474152 127.709
5.467830807066149 121.1
5.490155234831516 116.07600000000001
5.512497285125229 111.225
5.534822130975162 108.921
5.557164601388673 106.23899999999999
5.579489868738879 103.465
5.601832762690846 102.757
5.6241758697774475 101.762
5.646501775867269 100.49700000000001
5.668845311622074 99.036
5.691171647754637 98.2708
5.713515615597765 96.9147
5.735859800852677 96.0965
5.758186788542988 96.0246
5.780531411018185 96.2522
5.802858837297399 95.6865
5.825203900414495 96.4456
5.8475491852224 96.89399999999999
5.869877275883075 97.4678
5.892223006467101 98.87899999999999
5.914551544266608 100.432
5.936897724049891 104.65899999999999
5.959244129804903 112.473
5.981573344815301 140.028
6.0039202049061 265.823
6.026249875609095 571.125
6.04859719346037 1114.39
6.070927323278297 2177.37
6.093275102315365 3911.04
6.115623113320588 4920.21
6.137953938319995 3620.39
6.160302415650845 1301.79
6.182633708324452 312.937
6.2049826554078376 133.27
6.227331838745022 102.781
6.249663839443684 91.5541
6.27201349767565 87.6803
6.294345974611799 94.2843
6.316696111167083 108.70700000000001
6.339046488263839 102.759
6.361379686074702 84.6089
6.383730546639482 75.0082
6.406064229255215 71.852
6.428415576718203 70.571
6.450749747566656 69.8292
6.47310158535871 68.346
6.495453669698332 67.5645
6.517788579421056 67.1353
6.540141159237969 66.2015
6.562476565766648 65.5021
6.5848296444934045 65.1645
6.607182974060425 64.8052
6.6295191323281015 65.1705
6.651872965955752 68.5433
6.6742096296068985 99.7375
6.6965639707294615 156.386
6.71891856698715 156.88
6.741255995248479 104.404
6.763611104154477 71.9413
6.785949046381137 62.9082
6.808304671371482 61.1534
6.8306605557940046 60.3332
6.852999275508618 59.3032
6.875355681171544 59.053000000000004
6.897694923437771 58.9201
6.92005185377892 58.6709
6.9423916220322655 58.2383
6.964749080490181 57.6291
6.987106804399774 57.9102
7.009447368180821 57.5771
7.031805625367033 57.0474
7.054146723727803 57.0597
7.076505517631004 56.7883
7.098864581288365 57.297
7.121206488070854 56.7295
7.143566093607822 57.1054
7.165908543567245 57.3098
7.188268694426048 57.2648
7.2106291193438095 57.6152
7.232972390625943 58.7776
7.255333366030969 74.0282
7.277677189091925 138.183
7.300038718428332 198.05
7.322400526130865 165.253
7.344745183422596 98.3311
7.367107550224791 64.7444
7.389452767901992 58.6024
7.411815697249891 57.356
7.434161478756298 56.4209
7.456524974096713 56.1567
7.478888753837185 55.6477
7.501235387657368 56.2554
7.523599738562711 56.4812
7.545946944825532 57.0414
7.568311870344528 56.9986
7.5906770845765665 57.4285
7.613025156078678 59.2875
7.635390950099687 60.56399999999999
7.657739602662809 59.4519
7.680105979923558 58.0171
7.702472650212829 57.8045
7.724822180948224 57.8305
7.747189439655568 58.0274
7.769539560075357 58.1199
7.791907410653562 58.3925
7.81425812420825 58.3476
7.836626570110925 58.7165
7.858995315087906 59.4642
7.881346924933401 59.426
7.903716270417482 60.2714
7.926068482028405 60.6885
7.948438431475253 61.2544
7.9708086843180235 62.1275
7.993161805171116 62.433
8.015532667162402 62.4936
8.037886398416653 63.5076
8.060257873014221 64.2823
8.082629655331942 64.8018
8.104984308787587 65.6085
8.127356708900503 69.8712
8.149711981398308 76.9587
8.172085002766314 79.5652
8.194458336181368 75.4305
8.216814543847752 72.107
8.23918850371002 71.8786
8.26154533906492 72.6924
8.283919928836452 74.167
8.306277395339652 75.2883
8.328652618483376 76.7806
8.351028159736202 78.9616
8.373386579575245 81.2125
8.395762759396959 83.3113
8.418121819038275 89.4235
8.440498640894003 105.662
8.462875785192262 123.838
8.485235811156207 140.998
8.507613602688501 193.954
8.529974277114228 299.664
8.552352719347912 443.184
8.574731488360351 680.9110000000001
8.59709314210385 1097.26
8.619472567021075 1640.49
8.64183487789147 2107.93
8.664214962183097 1925.14
8.686577933647762 1141.29
8.708958680784317 475.515
8.731339760774953 195.637
8.753703729764451 122.478
8.77608547780821 105.90700000000001
8.798450116065078 100.40100000000001
8.820832535634787 96.6932
8.843215292401656 94.6173
8.865580941199045 92.781
8.887964374703538 92.1511
8.910330701447199 93.1185
8.932714815164482 96.0449
8.955099270424924 95.3784
8.977466620733543 91.2544
8.999851761421976 87.9082
9.022219798361645 86.1648
9.04460562795561 85.6833
9.066991803441677 85.5039
9.089360876979615 85.5206
9.111747746589993 84.9263
9.13411751544971 84.3673
9.156505082664324 84.1936
9.178875550323522 84.1016
9.20126381862328 84.9519
9.223652438908596 85.4052
9.246023961427412 84.975
9.26841328802173 84.3182
9.290785518039224 84.4606
9.313175554425882 85.6123
9.335565947154315 85.2378
9.357939245086508 85.3506
9.380330352834827 85.5045
9.40270436697103 85.8704
9.425096193225055 85.6216
9.447488380180165 86.8488
9.469863475295412 86.5578
9.492256385987508 87.0621
9.514632206018318 87.8942
9.537025843935714 88.0778
9.559402392368193 89.2543
9.581796761000229 90.3286
9.604191496441521 91.2169
9.626569144158516 95.5686
9.648964615551032 100.954
9.671343000390081 102.764
9.693739211225699 99.8005
9.716135793237463 97.0672
9.738515290448102 96.4108
9.760912617143402 97.2882
9.783292860202891 98.4051
9.805690935076182 99.8962
9.828089385495742 101.176
9.850470754023561 103.557
9.872869957865444 112.61399999999999
9.89525208097539 130.901
9.917652041736662 146.344
9.940052382417589 147.017
9.962435644102392 157.648
9.984836746950979 202.986
10.007220771957746 279.522
10.029622640473708 391.19
10.052007432299963 554.097
10.074410069984072 786.196
10.096813093716005 1151.66
10.119199042482517 1593.93
10.141602840636468 1905.32
10.163989564971628 1748.72
10.186394141051062 1115.82
10.208799107559706 508.913
10.231187001965623 234.435
10.253592751657669 141.872
10.275981430388155 120.397
10.298387966769793 119.2
10.320794897965431 121.68
10.343184759907361 120.428
10.36559248305461 114.131
10.387983138083852 109.20100000000001
10.410391656691655 113.09100000000001
10.432800574501677 127.70200000000001
10.455192425893369 147.743
10.47760214443012 174.442
10.499994797678786 212.606
10.522405320453982 275.355
10.54479877906917 372.32800000000003
10.567210109595656 475.42699999999996
10.5896218454736 546.1030000000001
10.612016518879773 535.403
10.634429067781074 383.411
10.656824555333241 230.49099999999999
10.679237920773568 136.657
10.701651695961992 102.00299999999999
10.724048411481384 93.4929
10.746463008485165 89.9738
10.768860546937125 87.9564
10.791275969274796 86.056
10.81369180576079 84.9079
10.836090585366925 83.6853
10.858507252467449 82.4025
10.88090686379991 81.541
10.903324365036394 81.2904
10.925724811614439 81.096
10.948143150509463 82.6334
10.970561909719066 81.9721
10.992963615930844 79.9091
11.015383218085756 77.4933
11.037785768347074 75.8084
11.06020621697282 74.9877
11.082627090322113 74.5705
11.105030913430326 74.3978
11.12745263854165 75.0454
11.149857314510728 78.9957
11.172279894912576 86.6141
11.194702904450653 87.6165
11.217108866490921 82.8435
11.239532736615194 77.5264
11.26193956033512 74.8295
11.284364294577085 72.9794
11.306789462371718 70.6756
11.329197585398376 69.4395
11.351623622610898 69.128
11.37403261614354 68.2589
11.396459526308487 68.0246
11.418869393879497 67.7442
11.441297180532617 67.2506
11.463725406927658 67.0367
11.486136592353875 66.9841
11.508565700543707 67.5138
11.530977768845315 69.7812
11.553407762368774 70.8615
11.575838200059769 70.3667
11.598251599479612 67.743
11.620682927815501 66.2989
11.64309721895548 65.3733
11.665529441478206 65.3231
11.687962112597958 64.8151
11.710377748130886 65.0575
11.732811318753434 64.7827
11.755227854859067 64.7843
11.777662328529495 64.6518
11.800079768750786 64.3963
11.822515149015453 64.5023
11.844950984084935 64.4959
11.867369787303163 64.1846
11.889806534289491 64.2055
11.912226250487029 64.7518
11.934663912939751 64.8322
11.9571020346363 65.0414
11.979523127133968 65.1886
12.001962169624331 66.0704
12.024384183972964 67.1828
12.046824150809913 71.6472
12.069264581333726 77.5408
12.091687985297767 84.0503
12.11412934550045 92.87799999999999
12.136553680195208 104.927
12.158995973632788 122.865
12.181438735204349 146.05200000000002
12.20386447284199 176.032
12.226308172985636 203.725
12.24873485024193 207.78099999999998
12.271179492516982 183.12599999999998
12.293607112949127 140.741
12.316052700916226 105.15700000000001
12.338498763250042 84.3658
12.360927805303868 74.0871
12.383374818673879 69.1191
12.405804812803074 67.0112
12.428252780773262 66.513
12.45070122756722 66.5705
12.473132656675375 66.2092
12.49558206341869 66.4687
12.518014453510101 66.5761
12.540464823770117 66.6811
12.562915677315177 67.0769
12.58534951575545 67.8534
12.607801338171472 70.1447
12.630236146511358 76.445
12.652688941369085 82.3376
12.675124723177234 82.6751
12.697578494048786 78.282
12.720032754458185 72.7835
12.742470003354093 70.1981
12.764925245138771 69.9191
12.787363476431278 70.1449
12.809819703166806 70.4081
12.83227642391173 71.1385
12.854716135692716 72.0311
12.877173846755147 73.1033
12.899614549869717 73.2816
12.9220732548287 74.2005
12.94453245827299 74.7297
12.966974655289818 75.4156
12.989434858002571 76.5811
13.011878055298721 77.3021
13.034339260862497 78.2389
13.056800969391883 79.442
13.079245674017244 81.8787
13.101708390774869 84.4871
13.12415410463411 93.4129
13.146617833206086 107.76299999999999
13.169064559883248 121.574
13.191529303857127 137.399
13.213994557076367 157.493
13.236442809902437 186.357
13.258909083908291 230.06599999999997
13.28135835851934 282.125
13.30382565690295 346.537
13.326293469022952 413.019
13.348744283242008 438.144
13.371213125129904 394.98900000000003
13.39366497011003 297.986
13.416134845360597 198.84400000000002
13.438605238843131 137.41899999999998
13.46105863690397 113.971
13.483530069144786 113.285
13.505984506951902 119.70100000000001
13.528456981549432 129.763
13.550929978879088 143.35399999999998
13.573385983253365 162.66
13.595860028340867 192.292
13.618317081455832 232.112
13.64079217790333 279.515
13.663250283359057 327.205
13.685726434770173 363.454
13.708203115221277 356.235
13.730662806148091 292.372
13.75314054697177 214.76
13.775601299246777 144.482
13.798080104050406 105.682
13.820559442405358 89.6532
13.843021793671388 84.8908
13.865502201420897 83.1388
13.887965623051947 82.4084
13.910447103807167 80.9749
13.932929122629764 79.6117
13.955394156785959 79.1915
13.977877254034569 78.3198
14.000343367582113 77.3261
14.022827546871707 76.687
14.045294743423524 76.079
14.06778000837062 75.3476
14.090265817715476 75.0117
14.112734645763819 75.0526
14.13522154619454 74.8493
14.157691466286913 74.676
14.180179461423874 74.6404
14.202668005486178 74.0436
14.22513957064374 73.1554
14.247629214846473 72.7602
14.270101881097517 72.433
14.29259262906496 72.9054
14.315083930490205 73.8277
14.337558255389705 74.3418
14.360050666019726 73.8296
14.382526101071944 72.6145
14.405019624534942 71.3671
14.427513705993134 71.0942
14.449990813291825 70.919
14.47248601302899 70.5929
14.49496423954951 71.0013
14.517460561197822 70.977
14.539939910570322 70.8908
14.562437357763558 71.3241
14.58493536931253 72.7497
14.607416409993311 73.7815
14.62991555254159 74.7042
14.652397725157423 74.2921
14.674898002342799 73.5592
14.697398848433282 72.899
14.719882725991326 73.6165
14.74238471217934 75.0942
14.764869730765593 78.8471
14.787372860692983 83.3921
14.809876564079925 88.5557
14.83236330125751 94.5285
14.854868153850365 102.11399999999999
14.877356041159485 113.211
14.899862046604186 127.36399999999999
14.922351087688757 147.469
14.944858249632887 171.13
14.967365991421232 196.90099999999998
14.989856770231246 217.62900000000002
15.012365673994204 224.215
15.03485761569738 201.327
15.05736768508665 161.121
15.07987833888692 124.447
15.102372032001655 97.415
15.124883856909658 80.7381
15.14737872204565 74.8511
15.169891721717274 73.1014
15.192405310371893 72.8762
15.214901940621196 73.5224
15.237416709527137 73.5592
15.259914520936249 74.0277
15.282430473753607 72.8036
15.304947020131227 71.4597
15.327446610371178 70.3541
15.349964346154254 69.5068
15.372465126703139 69.0816
15.394984055556009 68.8041
15.417486030076159 68.6385
15.44000615566487 68.2659
15.462526881230803 68.3559
15.485030653812652 68.5636
15.507552581617434 68.6305
15.530057557334603 68.7288
15.55258069104857 68.4846
15.575104429329837 68.1801
15.597611216864632 67.9879
15.620136166564563 68.4399
15.6426441664095 69.3707
15.665170331202765 72.1708
15.687697105158826 76.2161
15.710206930593545 80.0919
15.732734925158933 84.5793
15.755245972089478 90.1908
15.77777519094324 97.805
15.800287463046663 108.117
15.822817909869592 122.99
15.84534897229804 140.762
15.867863089299354 161.65200000000002
15.890395385222186 182.90400000000002
15.912910736597423 196.77900000000002
15.935444269699861 194.61700000000002
15.957978423016485 171.84599999999998
15.980495633101265 137.793
16.003031029129367 107.23
16.02554948280019 82.8751
16.048086125229432 71.6116
16.070623392487107 68.3902
16.09314371869582 67.5914
16.11568223789321 66.4954
16.13820381691126 65.1017
16.160743591742527 63.8366
16.183283996022084 62.8894
16.205807461423195 61.7873
16.228349126881973 60.9138
16.25087385432698 61.0398
16.27341678466365 60.4698
16.29594277784926 60.4967
16.31848697676433 60.8772
16.341031811604868 61.4289
16.36355971058487 61.6762
16.3861058195587 61.1766
16.40863499352978 59.7779
16.431182380342005 58.7287
16.453730407713202 58.0555
16.476261501364792 57.6277
16.498810812136167 57.3929
16.52134319004079 57.5657
16.54389378792203 57.1349
16.566445031001553 57.1762
16.588979342490088 57.0605
16.61153187824822 56.9549
16.634067483263312 56.6344
16.656621315414416 56.4939
16.679175797408888 56.4994
16.701713349928728 56.4614
16.72426913389191 56.4819
16.74680798922351 56.6732
16.76936507887444 57.0072
16.791905240734874 57.0027
16.814463639794468 56.7444
16.837022695210294 56.5636
16.859564824093756 57.2012
16.882125194503903 57.9124
16.904668639217885 58.6342
16.927230328348003 58.8815
16.949792678493612 59.0303
16.972338104193863 58.3162
16.994901778652235 57.5587
17.017448529496576 57.6676
17.040013531998152 57.9357
17.06257920018044 58.2433
17.0851279459922 59.4116
17.107694947817667 60.3881
17.130245028099072 61.1815
17.15281336730298 62.5086
17.17536478578733 64.044
17.19793446610687 65.7478
17.220504818648422 68.0473
17.243058251703697 70.3273
17.265629950971032 74.208
17.288184731571736 78.5171
17.310757781306908 82.876
17.33333150794385 85.191
17.355888317140174 84.6895
17.37846339986244 80.9558
17.401021565958885 75.0268
17.42359800851343 68.9559
17.44617513265564 64.7801
17.468735341390783 62.2933
17.491261035594565 61.0425
17.51396340099364 60.91
17.536490463869136 61.0318
17.559018209820174 61.1401
17.58154663977963 60.9266
17.604251766089718 61.2506
17.626781572227713 61.6078
17.64931206518155 61.8067
17.671843245885103 62.3036
17.69455114821572 62.6351
17.717083712612634 62.9139
17.739616967569667 62.79600000000001
17.762150914021706 63.3029
17.78486160749854 63.3573
17.807396945166804 63.8946
17.829932977143503 65.07600000000001
17.85246970436452 66.8679
17.875183204129467 69.074
17.897721330097664 71.5286
17.920260154126645 74.1335
17.942799677153296 77.5857
17.9655159983646 80.5824
17.988056927677544 84.9632
18.010598558807683 90.7183
18.033140892692916 98.6949
18.05586005052525 107.56
18.07840379824407 117.464
18.10094825154059 129.474
18.12366954819864 140.05100000000002
18.146215420998306 144.295
18.16876200220057 139.31799999999998
18.191309292745153 126.837
18.214033452627167 112.48899999999999
18.236582170236648 98.6809
18.259131600016456 90.6671
18.281681742907335 88.3121
18.304408781233683 90.5245
18.32696035875955 94.4033
18.349512652227624 98.9302
18.372065662579683 104.545
18.394795594587553 108.086
18.41735004715306 107.434
18.43990521943684 101.306
18.46246111238171 92.1748
18.485193953325208 82.0512
18.507751296070428 73.7121
18.530309362314178 68.7917
18.552868153000343 65.8966
18.57560391815056 64.3973
18.59816416623245 63.9456
18.620725141597372 63.4872
18.643286845190268 62.8327
18.666025549835414 62.3407
18.688588718427933 61.9317
18.711152618092243 61.6787
18.73389353884365 61.2442
18.75645890921984 61.0351
18.77902501351406 60.562
18.801591852673102 60.4997
18.824335739722738 59.9359
18.846904057212626 60.0293
18.8694731124168 59.6665
18.89204290628315 59.7164
18.914789774966803 59.3826
18.937361054791623 59.0924
18.959933076131318 58.7738
18.982505839934877 59.1804
19.00525570560582 59.1571
19.027829963004184 58.8942
19.05040496572238 58.906000000000006
19.072980714710468 58.8923
19.095733592739563 59.0459
19.11831084296757 59.5632
19.140888842324735 60.2362
19.16346759176222 60.59
19.18622349753803 61.0691
19.208803755869358 61.6847
19.231384767143577 62.4868
19.253966532312948 63.6847
19.276725481241822 65.2414
19.29930876296784 67.0308
19.3218928014549 69.752
19.34465404436217 73.0415
19.36723960516257 75.964
19.389825925592426 78.3295
19.412413006605938 78.3466
19.43517731967805 76.08
19.457765930683355 71.7622
19.48035530514408 66.8042
19.50294544401556 62.4644
19.525712842708348 59.0714
19.54830451925909 57.4323
19.570896963095727 56.0942
19.593490175174704 55.7162
19.616260674962184 55.6119
19.638855432416964 55.2297
19.661450960992624 55.4498
19.68404726164677 55.4882
19.706820878021247 55.038000000000004
19.729418731756834 55.309
19.752017360452857 54.9728
19.77461676506804 55.1748
19.797393513540218 55.5288
19.819994478951667 55.8769
19.84259622316767 56.4396
19.8651987471481 57.001999999999995
19.887978643247177 57.1631
19.91058273574792 57.6093
19.933187610901943 58.1546
19.955969879466828 59.1256
19.97857632894404 60.2168
20.00118356396599 61.5582
20.023791585494575 63.3003
20.046577028914875 65.6309
20.069186632506966 67.8025
20.091797025500632 70.0861
20.114408208858933 71.6109
20.137196842715273 72.1828
20.159809615886765 71.4357
20.18242318232135 68.8255
20.20503754298326 66.1345
20.227829382875154 64.3752
20.250445341109344 63.523
20.27306209647285 63.6295
20.29567964993108 64.4153
20.31847471147704 65.5721
20.34109387027612 66.9697
20.363713830075454 67.5433
20.386334591841646 66.7762
20.409132890679302 64.2166
20.431755265564437 61.2176
20.454378445325528 58.355
20.477002430930366 55.8829
20.499803982716553 54.5301
20.522429589228004 53.3395
20.54505600449589 52.9983
20.567683229489194 52.8604
20.590488049900088 52.2826
20.61311690359731 51.8594
20.63574656993626 51.8051
20.658553853717297 51.2774
20.681185154618298 51.3184
20.703817271080066 51.2685
20.72645020407368 50.8876
20.749260783967177 50.7655
20.771895359337133 50.7203
20.794530754161617 50.5717
20.817166969412938 50.4664
20.83998086114876 50.5187
20.86261872660049 50.3789
20.885257415405402 50.3407
20.90789692853701 50.2844
20.930714147864748 50.2589
20.953355319030678 50.266000000000005
20.97599731745334 50.3539
20.99864014410749 50.1881
21.021460706796564 50.4061
21.044105199328826 50.4138
21.06675052302631 50.5509
21.089396678865015 50.7506
21.112220600704806 51.1
21.134868430275347 51.4356
21.15751709492456 51.5319
21.180166595629693 51.6708
21.202993892429635 52.1374
21.22564507473034 52.4991
21.24829709602816 52.9795
21.27112693608965 53.1467
21.293780644891275 53.3489
21.316435195634053 52.6972
21.339090589297417 52.0273
21.361923832041875 51.56100000000001
21.384580921090404 50.7739
21.407238856007325 50.1068
21.429897637773326 50.0134
21.45273429906592 50.0611
21.475394784108598 50.1142
21.498056118951983 50.0304
21.520718304578022 50.1262
21.543558400304388 50.2075
21.566222297108816 50.4254
21.58888704765135 50.5333
21.61155265291521 50.8465
21.63439619898156 51.4519
21.657063523335786 51.8613
21.67973170537063 52.3278
21.7024007460706 52.7883
21.72524775840385 53.2324
21.747918526116475 54.3802
21.770590155457388 55.3077
21.79326264741238 56.6349
21.816113141960237 58.1463
21.838787368860547 59.6528
21.861462461341976 61.2725
21.884315579735777 63.1755
21.90699241312273 64.9618
21.92967011506078 66.2221
21.95234868653799 66.8619
21.9752053151131 66.1624
21.997885635446785 64.2395
22.020566828293532 62.2764
22.04324889464272 59.9495
22.066109049404666 58.1255
22.088792872571794 57.3955
22.111477572219204 57.5246
22.1341631493376 57.7389
22.157026846313123 57.8243
22.179714188221507 57.4032
22.202402410582668 56.5052
22.22509151438863 55.0176
22.24795876962584 53.5137
22.270649646204486 52.5453
22.293341407213727 51.7665
22.316034053646906 51.0635
22.338904883215342 50.8461
22.36159931041458 50.7325
22.38429462602756 50.9079
22.40699083104897 50.5673
22.429865251039757 50.6538
22.452563244831367 50.765
22.47526213102522 50.547
22.49813925616515 50.3337
22.520839937143307 50.3631
22.543541513520587 50.3143
22.56624398629403 50.1576
22.589124730075895 49.965
22.611829005656723 50.1563
22.63453418063466 50.3102
22.657240256008077 50.5155
22.680124634582935 50.696999999999996
22.70283252079775 51.038999999999994
22.725541310413075 51.3079
22.74825100442868 51.5489
22.771139033969575 51.9617
22.79385054687155 52.1503
22.81656296718292 52.687
22.83927629590484 53.3337
22.862167992606945 53.9649
22.88488314827121 54.9843
22.907599215359284 55.98
22.93031619487366 56.9994
22.953211574954405 57.9644
22.975930389478226 59.0121
22.998650119445763 59.7986
23.02137076586092 59.4722
23.044269845560063 58.5895
23.06699233506288 56.9711
23.089715744034912 55.066
23.112617610931565 53.2027
23.135342869061212 51.8587
23.158069049684816 51.0593
23.1807961538087 50.5433
23.20370174880544 50.5425
23.226430710184808 50.5261
23.249160598093425 50.5244
23.271891413539002 50.6567
23.294800752937697 50.6084
23.31753343374794 50.7933
23.340267045128353 50.7506
23.36300158808808 51.3065
23.38591468821339 51.46
23.408651104658304 51.7202
23.431388455719986 52.2192
23.454126742409 52.9088
23.4770436196085 53.6859
23.499783787914662 54.8963
23.522524894889884 55.4966
23.54526694154616 56.4661
23.56818761219047 57.6346
23.59093154860734 58.6512
23.613676427751283 59.3929
23.636422250635754 59.1951
23.659346731118656 58.0066
23.68209445191868 56.2292
23.704843119509587 54.1806
23.72759273490623 51.8941
23.750521041644767 50.2213
23.77327256312355 49.0702
23.796025035462787 48.2313
23.818956224555475 47.677
23.841710609113413 47.531000000000006
23.86446594758979 47.3768
23.887222241002014 47.0892
23.910157285144578 46.7383
23.932915498962537 46.7238
23.955674670778713 46.6328
23.978434801611975 46.309
24.001373717286125 46.2134
24.024135776723917 46.0718
24.046898798245582 45.9436
24.06966278287146 46.0069
24.092605586582614 45.7912
24.115371508023642 45.5499
24.1381383956401 45.5112
24.16090625045381 45.4564
24.183852958731244 45.3915
24.206622758582608 45.3737
24.229393528706886 45.2791
24.252165270127392 45.2776
24.27511589952438 45.1776
24.297889594216997 44.9634
24.32066426328598 44.7279
24.34343990775613 44.7031
24.36639447485003 44.7047
24.38917208083877 44.6291
24.41195066531332 44.512
24.43490819850244 44.5045
24.457688750692377 44.4252
24.48047028445616 44.2788
24.503252800821233 44.5489
24.526214300784112 44.3884
24.548998793132213 44.4568
24.57178427117417 44.3119
24.59457073593893 44.31
24.617536219319863 44.3257
24.64032466834748 44.2797
24.663114107195035 44.3229
24.685904536893013 44.1492
24.708874020360852 44.0408
24.731666442613744 43.9207
24.754459858818787 43.8197
24.777254270007962 43.6779
24.80022777025625 43.6788
24.82302418230472 43.6496
24.845821592443674 43.6871
24.86862000170663 43.645
24.891597535453727 43.5268
24.914397953892728 43.7489
24.93719937456671 43.695
24.96000179851076 43.6372
24.98298338249997 43.9548
25.00578782394922 44.1518
25.028593271784167 44.09
25.05157790644186 44.5995
25.07438537804115 44.6631
25.097193859145293 44.8666
25.120003350792075 44.9713
25.142992065061257 45.4311
25.165803588823465 45.6703
25.18861612625217 45.9747
25.211429678386736 46.1386
25.234422489079968 46.0479
25.257238081693636 46.1173
25.280054692141732 46.2153
25.3028723214652 46.0475
25.325869245420463 46.221000000000004
25.348688923599397 46.2141
25.371509623787006 46.2998
25.394331347025812 46.2456
25.41733240110666 45.8562
25.440156181590016 45.2617
25.46298098826268 44.7441
25.48580682216873 44.045
25.50881202326435 43.4425
25.53163992281684 42.9613
25.55446885274561 42.6825
25.577298814096377 42.5639
25.600308179121807 42.3368
25.623140214533745 42.357
25.64597328451537 42.1666
25.66898578564376 41.8352
25.691820936010206 41.864
25.714657124097695 41.8699
25.737494350954734 41.8963
25.760511045684957 41.843
25.783350361364224 41.95
25.806190718969255 41.91
25.82903211955018 42.1113
25.852053024868923 42.0728
25.874896522722523 41.9212
25.897741066713106 41.8524
25.920586657892454 42.0557
25.943611790812668 42.0952
25.966459487728237 42.1432
25.989308234998564 42.2052
26.01215803367705 42.7144
26.03518741123814 42.6316
26.05803932412957 42.8123
26.080892291600094 42.7238
26.10374631470478 42.708
26.12677995397268 43.0481
26.14963609978026 43.1355
26.172493304397875 42.8301
26.19535156888223 42.5508
26.218389486949604 42.3144
26.241249882640123 42.0426
26.26411134137826 41.8515
26.28715248187403 41.7008
26.31001607820869 41.5225
26.3328807407756 41.328
26.35574647063438 41.5678
26.37879191991473 41.4761
26.401659795896734 41.5527
26.424528742360263 41.6379
26.447398760366614 41.7708
26.470448535598294 41.8523
26.49332070826805 42.0093
26.516193955675355 42.3451
26.53906827888316 42.5303
26.562122397260108 42.5524
26.584998883685063 42.8106
26.607876449110325 42.989
26.63075509460056 43.1593
26.65381357334404 43.3952
26.67669439061878 43.5606
26.699576291163382 43.4247
26.722459276044212 43.4226
26.745522132402975 43.1166
26.768407297649354 42.9625
26.791293550442003 42.6014
26.814180891848974 42.2147
26.837248143099337 41.9594
26.860137673466657 41.7941
26.88302829566349 41.5028
26.90592001075963 41.4707
26.92899167420566 41.324
26.951885586870763 40.8874
26.974780595655517 40.6222
26.99785558178161 40.4847
27.020752794605112 40.2506
27.043651106772522 40.1855
27.06655051935668 40.1159
27.089629948036183 39.9032
27.112531573292053 39.9443
27.135434302194138 39.99
27.158338135817015 39.9312
27.181422024430987 39.8074
27.204328079372566 39.6628
27.22723524226965 39.7918
27.250143514198573 39.7358
27.273231880156334 39.7822
27.296142382065014 39.5467
27.319053996245536 39.6466
27.341966723775965 39.7501
27.365059584515222 39.8691
27.38797455070062 39.701
27.410890633481237 39.5925
27.433807833936918 39.6332
27.456905206923906 39.644
27.47982465472398 39.7335
27.502745223449743 39.6502
27.525666914182825 39.8744
27.548768816912457 39.8595
27.571692763693633 39.7464
27.59461783573812 39.7254
27.617723149491244 39.6683
27.640650484125285 39.4528
27.66357894728264 39.4902
27.686508540048052 39.3501
27.709618414237887 39.2098
27.732550278321757 39.1058
27.755483275279115 39.171
27.778417406196485 39.1974
27.801531858397514 39.0148
27.824468269376716 38.942
27.847405817586786 38.9564
27.870344504116094 39.2471
27.893463551932008 39.2507
27.916404527281053 39.4899
27.93934664422563 39.5041
27.962289903855886 39.5094
27.98541356491974 39.6934
28.00835912214229 39.8745
28.03130582533231 40.0662
28.054253675581805 40.192
28.077381967556104 40.2394
28.100332124185126 40.3941
28.123283431160893 40.2467
28.146235889577238 40.1431
28.169368830154156 39.7981
28.192323603752033 39.6625
28.215279532083304 39.3793
28.238415973016764 39.1996
28.261374223145094 39.06
28.284333631303806 38.92
28.307294198589954 38.6483
28.330435319167677 38.3901
28.353398217078915 38.2176
28.376362277420153 37.9829
28.39932750129032 37.7843
28.422473319286713 37.5844
28.44544088262495 37.5662
28.468409612800283 37.4883
28.491379510913497 37.2089
28.51453004413313 37.0909
28.53750229057244 37.1452
28.56047570826344 37.0769
28.583450298308804 37.0547
28.606605564586562 36.7858
28.629582511831156 36.9389
28.65256063474956 36.7438
28.675539934446338 36.7281
28.698699951647605 36.8357
28.72168161743193 36.6348
28.74466446331978 36.7037
28.767648490417624 36.5534
28.790813276438353 36.6158
28.813799678527303 36.6007
28.836787265157085 36.5742
28.859955641890075 36.5069
28.882945610203045 36.4453
28.905936766392035 36.3938
28.928929111566863 36.5428
28.952102288520145 36.4923
28.975097024308607 36.2882
28.998092952423807 36.162
29.021090073977508 36.179
29.04426806913204 35.9811
29.067267590245258 35.8549
29.090268308143695 35.7809
29.11327022394099 35.6733
29.13645305530891 35.5843
29.159457379627167 35.5116
29.18246290519685 35.429
29.20546963313352 35.4618
29.22865731875826 35.475
29.25166646419296 35.4565
29.27467681535305 35.3015
29.29768837335608 35.2191
29.320880931312562 35.3653
29.34389491580634 35.3683
29.366910110507334 35.2317
29.38992651653503 35.3049
29.41312396492981 35.3139
29.436142806456754 35.297
29.45916286268059 35.3089
29.48236399319994 35.1028
29.50538649169417 34.9714
29.528410208259935 34.8198
29.55143514402014 34.6153
29.574641196749695 34.5462
29.597668583816574 34.3506
29.6206971934585 34.2405
29.64372702680042 34.1867
29.666938019934474 34.1063
29.689970313635285 34.0766
29.713003834422636 33.9977
29.73603858342347 33.9558
29.759254535188578 34.0421
29.78229175361658 33.9861
29.80533020365064 33.9959
29.82836988641968 33.8991
29.85159081507472 33.9672
29.874632976355343 33.7775
29.89767637376955 33.805
29.920721008448314 33.6743
29.9439469322847 33.7148
29.96699405457564 33.65
29.9900424175358 33.78
30.013092022298157 33.556
30.03632295963995 33.4834
30.059375061131373 33.4901
30.08242840783577 33.6531
30.105483000888153 33.5287
30.128718970092244 33.4077
30.151776069006917 33.3665
30.17483441768648 33.4014
30.198074175317235 33.3979
30.221135036724256 33.549
30.24419715131772 33.428000000000004
30.267260520236203 33.3745
30.290505341942243 33.3992
30.313571232750228 33.4324
30.336638381310948 33.3346
30.35970678876503 33.3268
30.38295669299435 33.2176
30.40602763151657 33.2874
30.429099832366074 33.2432
30.452173296685572 33.2312
30.47542830191959 33.196999999999996
30.498504306502497 33.1539
30.521581577995562 33.147
30.544660117543582 33.1774
30.56792024229725 33.284
30.59100133132069 33.1841
30.614083691845494 33.0965
30.637167325018545 33.1772
30.660432587840603 33.2644
30.683518779717886 33.2108
30.70660624769615 33.2242
30.729694992924372 33.2024
30.75296541239743 33.3268
30.77605672557558 33.2362
30.799149319462742 33.1246
30.8224236211637 32.9824
30.845518789950724 32.7988
30.868615242910597 32.8376
30.891712981195973 32.7184
30.91499247215866 32.6657
30.938092794619365 32.6062
30.96119440587579 32.5358
30.984297307082752 32.4427
31.00758200598383 32.372
31.030687500658694 32.2332
31.053794288760695 32.1608
31.076902371446767 32.122
31.100192296997445 32.246
31.12330298246119 32.101
31.14641496599209 31.9746
31.169528248749216 31.9303
31.19282341969534 31.8981
31.215939314557186 31.9472
31.239056512134788 31.9463
31.262175013589378 31.9134
31.28547544871168 31.8506
31.30859657161541 31.8178
31.331719001892175 31.9015
31.35484274070538 31.8802
31.378148458819545 31.8798
31.401274828443725 31.8306
31.424402510106933 31.8199
31.447712205419993 31.8058
31.470842524931633 31.7423
31.493974159989783 31.7389
31.51710711176168 31.7763
31.54042212308802 31.8961
31.563557722100917 31.8913
31.586694641341655 31.5707
31.609832881979628 31.4521
31.63315322823208 31.4193
31.656294125521327 31.3032
31.679436347728515 31.2723
31.70257989602529 31.2375
31.725905596152327 31.1196
31.74905181052835 31.1091
31.772199354521323 31.1812
31.79534822930507 31.1561
31.818679302290967 31.2329
31.84183085259981 31.1374
31.864983737233473 31.1229
31.88813795736804 31.1015
31.911474422233013 30.9685
31.934631327356435 30.9695
31.9577895715215 31.0846
31.980949155906522 30.9977
32.004291031706956 31.0059
32.027453310562606 30.9172
32.05061693318573 30.776
32.07396288236386 30.7139
32.09712920658542 30.7531
32.12029687812702 30.5901
32.14346589817093 30.5027
32.166817291729984 30.5748
32.18998902288583 30.4364
32.21316210610336 30.3526
32.23633654256711 30.2061
32.259693399663725 30.139
32.282870556771144 30.2125
32.30604907069099 30.1594
32.329228942610065 30.046999999999997
32.35259128243769 29.9437
32.375773884550505 29.9087
32.398957848235646 29.8624
32.422143174682176 29.849
32.445511016471215 29.6988
32.468699082679954 29.6631
32.49188851523011 29.6812
32.51507931531304 29.5923
32.538452678331 29.5609
32.56164622776311 29.4917
32.58484114831493 29.3556
32.60803744118015 29.4772
32.631416344731896 29.4243
32.654615396551876 29.3923
32.67781582427913 29.2478
32.701198898634416 29.254
32.72440209253756 29.2077
32.747606665947124 29.1637
32.77081262006088 29.0433
32.79420126883317 29.0784
32.81740999876112 29.0964
32.840620112999424 29.0244
32.86383161274818 28.8937
32.88722585534586 28.9235
32.91044014056596 28.8948
32.933655814909734 28.9102
32.95687287957963 28.8698
32.98027273544904 28.7157
33.00349259526636 28.7188
33.026713849030116 28.7541
33.04993649794511 28.6648
33.073341986570746 28.6766
33.09656744032826 28.6725
33.11979429286444 28.699
33.14302254538647 28.7441
33.166433686291185 28.6034
33.18966475336992 28.6304
33.212897224069096 28.4367
33.23613109959831 28.4967
33.259547912343415 28.4714
33.2827846121627 28.4587
33.306022720453775 28.3521
33.32926223842861 28.2921
33.352684742614166 28.2995
33.37592709463173 28.1529
33.399170859982064 28.1772
33.422597648419426 28.0799
33.44584425514446 27.9029
33.46909227885668 27.967
33.4923417207723 27.8704
33.51577423505344 27.9004
33.539026528130385 27.8081
33.56228024307245 27.7258
33.585535381098246 27.5809
33.60897364093058 27.6698
33.63223163992385 27.658
33.6554910656699 27.5636
33.678751919389796 27.5162
33.702195944520106 27.4485
33.72545966903325 27.4839
33.74872482519663 27.3626
33.771991414233746 27.4066
33.79544122444841 27.3001
33.81871069412428 27.2386
33.84198160035767 27.2544
33.86525394437455 27.3236
33.88870955949969 27.1307
33.911984794020626 27.1554
33.93526147001624 27.1024
33.958539588715006 27.0898
33.98200102861669 27.0226
34.0052820477047 26.9965
34.02856451319451 27.0215
34.05203033759056 26.816
34.07531571090147 26.7852
34.09860253431845 26.7706
34.121890809074316 26.7121
34.145362493118924 26.769000000000002
34.16865368561615 26.6445
34.191946333164054 26.6101
34.21524043699793 26.6281
34.23871800066799 26.5932
34.26201503218366 26.4727
34.28531352370466 26.4461
34.30861347646881 26.3482
34.33209693978188 26.3818
34.3553998301885 26.3232
34.378704185565205 26.243000000000002
34.402010007152356 26.2599
34.42549939016683 26.2002
34.44880815937748 26.1296
34.472118398533134 26.0493
34.49543010887669 26.0941
34.51892543169198 25.9818
34.54224009966052 25.9967
34.56555624255917 25.9495
34.58887386163339 25.9119
34.61237514439016 25.81
34.6356957311114 25.755
34.65901779775809 25.752
34.68252356662995 25.7326
34.705848608458616 25.7111
34.72917513396849 25.7006
34.75250314440949 25.6757
34.77601490857862 25.5258
34.799345904259795 25.4236
34.82267838863559 25.4872
34.846012362958525 25.448
34.869530142679984 25.427
34.89286711232212 25.4492
34.91620557568269 25.3444
34.93954553401677 25.4293
34.9630693495876 25.2697
34.986412313340814 25.2784
35.00975677584668 25.2562
35.033102738362956 25.1183
35.05663261012228 25.108
35.0799815881786 25.1439
35.10333207003229 25.0461
35.12668405694369 25.0359
35.150220005273056 25.0345
35.17357501786656 25.0491
35.19693153931268 24.965
35.220289570874385 24.9227
35.24383161619786 25.0098
35.267192683604904 24.9406
35.290555264930376 24.9218
35.314101899412165 24.8656
35.33746752422433 24.8454
35.36083466676374 24.7984
35.38420332829803 24.7366
35.407756095629054 24.7426
35.43112781085063 24.8017
35.45450104888391 24.759
35.477875810999194 24.7503
35.50143473172161 24.6087
35.52481255774625 24.6055
35.54819191167777 24.5793
35.57157279478914 24.4706
35.595137889488406 24.4799
35.61852184675279 24.441
35.641907337029984 24.3129
35.665294361595684 24.3215
35.68886565090076 24.2264
35.7122557598848 24.1987
35.73564740699838 24.2632
35.759040593519934 24.3035
35.78261809810353 24.2225
35.80601437933051 24.1154
35.829412203814705 24.0854
35.85281157283719 23.9976
35.876395313415884 24.0471
35.8997977874528 23.955
35.92320180988546 23.8987
35.946790244133936 23.8347
35.97019737933222 23.8181
35.993606066789866 23.816
36.01701630779276 23.8404
36.04061101440684 23.6671
36.06402437852291 23.7148
36.08743930005611 23.6982
36.1108557802951 23.5397
36.13445678011326 23.6681
36.15787639383515 23.5789
36.18129757014299 23.5924
36.20472031032821 23.5177
36.22832762423364 23.4613
36.25175350829375 23.4651
36.275180960119776 23.4109
36.298609981005924 23.3822
36.32222362992669 23.4158
36.34565580510207 23.3252
36.36908955323448 23.3187
36.39252487562093 23.199
36.416144880530226 23.1147
36.43958336764275 23.1376
36.463023432914625 23.1243
36.486465077645676 23.0127
36.51009145956204 23.1249
36.53353627947859 23.1541
36.55698268276811 23.0663
36.58043067073321 23.031999999999996
36.60406345072071 22.9264
36.62751462435344 22.8615
36.65096738658405 22.8398
36.67460498210655 22.8292
36.69806093788647 22.8769
36.72151848619297 22.7628
36.744977628333636 22.7645
36.76862165890998 22.5972
36.79208400512205 22.666
36.81554794910557 22.6645
36.83901349217101 22.5652
36.862663978991606 22.5686
36.88613273667352 22.4828
36.90960309738324 22.395
36.933075062434064 22.3878
36.95673202673572 22.4037
36.98020721697122 22.3375
37.003684015502365 22.2555
37.027162423645365 22.3218
37.050825886711465 22.315
37.07430753063053 22.1889
37.09779078812467 22.2235
37.121275660513014 22.1438
37.144945643673694 22.0843
37.16843376245278 22.0615
37.19192350009803 22.121
37.215414857931435 22.0134
37.239091382563885 21.955
37.262585997426164 21.9866
37.28608223645736 21.8993
37.309763684451696 21.9561
37.33326318851098 21.8947
37.356764320726555 21.8179
37.380267082425526 21.8031
37.40395510942588 21.7895
37.42746114683234 21.744
37.45096881771841 21.648000000000003
37.474478123414166 21.629
37.49817275092816 21.5854
37.52168534303452 21.6355
37.54519957395567 21.4486
37.568715445024665 21.5243
37.592416694607714 21.4261
37.61593586281424 21.5157
37.63945667518264 21.5278
37.66297913304891 21.3814
37.68668702630454 21.3623
37.710212792059274 21.3146
37.733740207334854 21.3257
37.757269273470364 21.3053
37.780983832050374 21.2569
37.80451621684926 21.2145
37.82805025654007 21.2225
37.851585952464795 21.1358
37.8753071980695 21.0269
37.89884622345676 21.0343
37.92238690911902 20.9927
37.94611318753442 20.8885
37.969657210779765 20.9256
37.99320289834801 20.9048
38.016750251586465 20.8198
38.04048325513017 20.843000000000004
38.06403395679343 20.8505
38.087586328183946 20.7758
38.11114037065203 20.801
38.13488012115898 20.7914
38.1584375229181 20.7193
38.181996599821 20.6911
38.205557353221124 20.5788
38.229303872575656 20.5573
38.2528679961576 20.5133
38.27643380031219 20.4616
38.30000128639589 20.4367
38.32375459653193 20.4774
38.34732546371299 20.4399
38.37089801690786 20.363
38.39447225747609 20.3325
38.418232380377425 20.3261
38.441810012983396 20.2971
38.46538933705673 20.2563
38.488970353960084 20.1917
38.51273731166058 20.1518
38.536321731567014 20.1231
38.55990784840681 20.1581
38.58367995004091 20.0312
38.60726947812959 20.0127
38.63086070726198 20.0056
38.654453638806274 19.9922
38.678232613930824 19.9572
38.70182896773327 19.945
38.72542702806741 19.8827
38.7490267963045 19.8248
38.77281266709232 19.7693
38.79641586862214 19.7374
38.8200207821842 19.7407
38.843627409152944 19.7795
38.86742019782782 19.7006
38.891030269149255 19.6367
38.914642058016156 19.6378
38.938255565806124 19.6226
38.96205529464307 19.569000000000003
38.98567225787121 19.5609
39.00929094417078 19.4929
39.03291135492255 19.4354
39.05671804624804 19.4715
39.080341923549106 19.4312
39.103967529460334 19.4238
39.127594865365744 19.2987
39.15140854155791 19.3059
39.17503935514948 19.3509
39.19867190290282 19.2465
39.22249083587951 19.2633
39.24612686969409 19.2534
39.269764641845306 19.2577
39.293404153722804 19.2246
39.317230110864074 19.1102
39.34087311998506 19.0916
39.36451787301696 19.0438
39.388164371352595 18.9255
39.41199737518003 18.9074
39.43564738196752 18.9462
39.45929913825317 18.9119
39.48295264543308 18.8559
39.506792718520884 18.8332
39.530449745387216 18.7722
39.55410852735203 18.7926
39.57776906581474 18.8516
39.60161623079 18.7503
39.625280300200025 18.7307
39.64894613032202 18.6313
39.67261372255866 18.6684
39.6964680021016 18.660999999999998
39.72013913657293 18.6177
39.74381203738292 18.5958
39.76748670593756 18.5997
39.79134812278169 18.5612
39.81502634488497 18.5233
39.83870633896685 18.4096
39.862388106436654 18.3768
39.88625668336918 18.3929
39.90994201572829 18.4287
39.933629125719285 18.3381
39.957503091207826 18.3448
39.9811937746168 18.3647
40.00488623990914 18.301
40.02858048850006 18.2436
40.05246165409549 18.1962
40.076159487492085 18.162
40.099859108448875 18.1384
40.123560518384345 18.1141
40.1474489070226 18.149
40.171153913178564 18.0349
40.194860712584955 17.9941
40.2185693066637 18.0561
40.242464941335314 17.9392
40.26617714307655 17.9228
40.289891143772046 17.879
40.3136069448471 17.8591
40.33750984859743 17.8449
40.3612292688043 17.8831
40.3849504936829 17.7822
40.40867352466194 17.7717
40.43258372059144 17.7078
40.45631038219906 17.7395
40.48003885420956 17.6539
40.503769138055105 17.677
40.52768664931955 17.6613
40.55142057531802 17.5954
40.57515631746428 17.5763
40.599079334038514 17.6084
40.62281872700477 17.5518
40.64655994043941 17.4561
40.67030297578061 17.4657
40.69423334835778 17.4703
40.71798004609188 17.3872
40.74172857006355 17.374000000000002
40.76547892171441 17.3784
40.7894166736039 17.3561
40.813170699248566 17.3153
40.83692655691388 17.2895
40.86068424804498 17.3316
40.884629402612525 17.2339
40.908390779366385 17.2371
40.932153993938 17.2279
40.95591904777605 17.2317
40.979871628443995 17.1679
41.003640379561936 17.1085
41.02741097430883 17.0867
41.05118341413683 17.0076
41.075143444384416 17.0258
41.098919593177826 16.9619
41.1226975914255 16.948
41.14647744058318 16.892
41.170444943946755 16.8855
41.19422851378379 16.8903
41.218013938914645 16.8458
41.24198706625173 16.7737
41.26577622087193 16.7538
41.289567235177785 16.6808
41.31336011063129 16.6314
41.337340752422875 16.5649
41.361137369129835 16.6055
41.38493585138705 16.6248
41.40873620066004 16.6152
41.43272438060107 16.6194
41.45652848292052 16.5044
41.48033445666918 16.5164
41.50414230331616 16.4848
41.528138045159764 16.4843
41.551949656675205 16.4134
41.575763145513235 16.408
41.59957851314666 16.4355
41.62358184070442 16.3852
41.64740098505737 16.3439
41.6712220126409 16.2539
41.69504492493139 16.2398
41.71905586207357 16.2276
41.74288256296395 16.1941
41.766711153007456 16.158
41.79054163368412 16.1198
41.814560204340054 16.1459
41.838394485526365 16.1376
41.86223066180303 16.054000000000002
41.88625497706819 16.0369
41.910094962812 16.0378
41.93393684811168 16.0362
41.95778063445365 15.9595
41.981812625263366 15.9513
42.00566023303407 15.9277
42.029509746323676 15.8704
42.05336116662236 15.8502
42.077400857069705 15.8562
42.10125611078846 15.7945
42.12511327600405 15.8033
42.14897235421036 15.762
42.173019768448455 15.7567
42.19688269209613 15.7095
42.22074753323349 15.7621
42.24461429335818 15.7038
42.268669455600495 15.675
42.292540073217886 15.6156
42.31641261433284 15.5567
42.34028708044675 15.5694
42.36435001496739 15.5669
42.38822835065557 15.5097
42.41210861586426 15.4944
42.4359908120986 15.4486
42.46006154323262 15.4187
42.48394762115317 15.3879
42.507835634632315 15.3883
42.531912233047436 15.3803
42.55580413732265 15.3573
42.579697981698 15.2855
42.60359376768525 15.2863
42.62767820545945 15.2807
42.65157789440821 15.2741
42.67547952952185 15.2299
42.699383112316 15.1835
42.72347541395347 15.1461
42.74738291190531 15.0738
42.771292362102166 15.1325
42.795203766063516 15.0773
42.819303956130405 15.0133
42.843219287476536 14.9967
42.86713657716324 15.014000000000001
42.89105582671383 15.0289
42.91516392983864 14.9442
42.939087119032166 14.8866
42.963012272677304 14.9129
42.98693939230129 14.8989
43.01105543317513 14.8124
43.034986504731386 14.8131
43.05891954686589 14.7962
43.08285456110972 14.7922
43.10697856448665 14.6762
43.130917542983475 14.645
43.15485849820081 14.6519
43.17880143167367 14.6383
43.20293342237094 14.606
43.226880332449 14.6051
43.25082922540554 14.5765
43.27496722682525 14.5748
43.29892010567796 14.5176
43.32287497204102 14.5412
43.34683182745632 14.4669
43.370977859791836 14.4367
43.39493871351105 14.3913
43.41890156092628 14.4412
43.44286640358341 14.3658
43.46702049182749 14.3608
43.49098934522816 14.3127
43.51496019852649 14.2964
43.5389330532723 14.2527
43.56309522248204 14.1835
43.58707210044314 14.2121
43.61105098451946 14.1721
43.63503187626491 14.139000000000001
43.659202151562134 14.1624
43.68318707902681 14.1498
43.70717401884041 14.1221
43.731162972560874 14.0662
43.75534137913236 14.0349
43.779334381108384 14.015
43.803329401683186 14.0327
43.82732644241872 13.9518
43.8515130055166 13.9879
43.87551410707659 13.9567
43.89951723350145 13.9203
43.923709934595614 13.8719
43.94771713129917 13.8238
43.97172635758096 13.8692
43.99573761501002 13.7682
44.0199385169922 13.7612
44.04395385732619 13.7944
44.067971233533086 13.7493
44.09199064718605 13.6981
44.11619977548961 13.6984
44.14022328470671 13.6526
44.16424883610785 13.6918
44.18827643127035 13.6437
44.21249381139513 13.5999
44.236525514814076 13.5435
44.26055926674478 13.5413
44.28459506876863 13.5966
44.3088207262813 13.4816
44.33286064928722 13.4964
44.35690262714919 13.4684
44.38094666145278 13.4629
44.4051806219871 13.4436
44.42922879003185 13.4414
44.45327901929361 13.3549
44.477331311362136 13.3729
44.501573600619416 13.3182
44.525630039221795 13.2922
44.54968854541895 13.3276
44.573937102200176 13.2827
44.5979997645541 13.2589
44.622064499300315 13.2249
44.64613130803592 13.19
44.67038823869318 13.1808
44.69445921643748 13.1434
44.718532272981385 13.0979
44.742607409926194 13.0947
44.76687274034801 13.085999999999999
44.79095205918753 13.0293
44.81503346325094 13.0217
44.839116954143876 13.0037
44.86339071028742 13.0069
44.88747839599524 12.9936
44.91156817336837 12.917
44.93566004401666 12.9071
44.959942251908146 12.8719
44.984038330325966 12.8451
45.00813650686762 12.8549
45.03223678314731 12.7961
45.05652746888232 12.7626
45.08063196592069 12.7804
45.104738567558705 12.7639
45.128847275414856 12.7044
45.15314646515866 12.6565
45.17725940679741 12.6979
45.20137445952892 12.6455
45.22568004865265 12.6231
45.24979934496396 12.5784
45.27392075725247 12.5413
45.29804428714431 12.5811
45.322358426247604 12.5297
45.346486212804315 12.5046
45.370616121861914 12.4881
45.39474815505086 12.4889
45.41907087049246 12.4704
45.4432071734666 12.4261
45.46734560548283 12.4276
45.49148616817604 12.4042
45.51581748638564 12.3478
45.5399623320197 12.3141
45.56410931325473 12.2876
45.58825843173002 12.3226
45.61259837920865 12.2494
45.636751793816 12.2155
45.66090735060093 12.2386
45.68506505120716 12.1964
45.7094136545275 12.1604
45.73357566449271 12.1609
45.75773982322992 12.1663
45.78190613238733 12.149000000000001
45.806263418194064 12.0556
45.83043404997326 12.0967
45.85460683713677 12.0587
45.87897065658495 12.0629
45.90314777634752 12.0394
45.92732705646868 12.0327
45.9515084986045 11.9931
45.97588104735473 11.9635
46.00006683541565 11.9681
46.02425479047904 11.9162
46.04844491420549 11.876
46.0728262191024 11.8416
46.09702070211635 11.8537
46.12121735879483 11.8409
46.14541619080294 11.8333
46.169806278764455 11.8009
46.194009483459034 11.7959
46.21821486849841 11.7702
46.24242243555223 11.7232
46.266821333570014 11.6664
46.29103328674601 11.6876
46.31524742696538 11.7461
46.33946375590237 11.6505
46.36387149104216 11.5685
46.38809221957392 11.5644
46.41231514186606 11.5641
46.436540259597464 11.5917
46.460956858999374 11.5732
46.48518638983522 11.5198
46.509418121166966 11.5005
46.533652054678114 11.4758
46.55807754555709 11.4192
46.58231590571962 11.4315
46.60655647313217 11.4273
46.630988654873654 11.354000000000001
46.655233659129024 11.3584
46.67948087571551 11.367
46.70373030632484 11.2955
46.72817142736393 11.3499
46.752425308428684 11.2872
46.77668140861147 11.3119
46.80093972960865 11.1868
46.82538981736788 11.2111
46.849652602470904 11.2026
46.87391761349769 11.1698
46.8981848521493 11.1794
46.9226439341274 11.1242
46.946915650573224 11.118
46.97118959976749 11.1006
46.99546578341598 11.0578
47.019933887188216 11.0413
47.04421456235744 11.017999999999999
47.06849747711879 11.0106
47.09278263318286 11.0161
47.11725978640143 10.9675
47.14154944775105 10.9238
47.165841355555656 10.9069
47.1901355115306 10.8759
47.214621741924994 10.8917
47.23892041698887 10.8962
47.26322134538975 10.8326
47.28771440635075 10.8085
47.31201986422527 10.7961
47.33632758061436 10.7721
47.360637557241866 10.7494
47.38513974410611 10.7386
47.40945426407847 10.7302
47.43377104948137 10.7055
47.45809010204344 10.6928
47.48260144275502 10.6734
47.506925052572285 10.6576
47.53125093475548 10.6667
47.55557909103813 10.6103
47.58009961361992 10.5512
47.60443234110732 10.5494
47.62876734791564 10.5607
47.65310463578333 10.4914
47.6776343683373 10.526
47.7019762413987 10.4661
47.72632040075572 10.4826
47.75066684815169 10.432
47.77520581885936 10.440999999999999
47.799556865477655 10.4224
47.823910205386 10.4108
47.84826584033272 10.3435
47.87281407745551 10.3439
47.89717432569297 10.3546
47.92153687423484 10.3063
47.94609208429692 10.312000000000001
47.97045925671401 10.2761
47.99482873471275 10.2338
48.01920052005013 10.2554
48.04376504619224 10.195
48.068141469543484 10.2299
48.09252020552573 10.1916
48.11690125590099 10.1532
48.1414751266064 10.137
48.16586082917454 10.1242
48.19024885144316 10.0811
48.2146391951793 10.0896
48.239222439012764 10.1035
48.26361744916137 10.0723
48.28801478610016 10.0466
48.31241445160131 10.0404
48.337007097209366 10.0096
48.36141144338331 10.0221
48.38581812345755 9.96983
48.41022713920929 9.976939999999999
48.434829215320704 9.960230000000001
48.45924292604658 9.92435
48.48365897780325 9.93143
48.50807737237308 9.898610000000001
48.532688907799276 9.89151
48.55711201168574 9.90065
48.581537463754074 9.81628
48.60615611725119 9.87277
48.63058628942721 9.82409
48.65501881516546 9.76798
48.6794536962573 9.74397
48.70408185970339 9.73579
48.72852147531801 9.69755
48.75296345168211 9.68977
48.77740779059232 9.70628
48.80204549302823 9.70617
48.82649458091802 9.67078
48.85094603676547 9.63315
48.87539986237231 9.60924
48.90004713292306 9.56219
48.92450572200832 9.58935
48.94896668628025 9.59325
48.97343002754588 9.541160000000001
48.99808689542115 9.535919999999999
49.02255501470614 9.53089
49.04702551642794 9.48643
49.0714984023988 9.50672
49.096164896893235 9.46001
49.120642575466796 9.438369999999999
49.145122643748394 9.44801
49.16960510355558 9.403939999999999
49.19428125404938 9.40793
49.2187685210852 9.34258
49.243258185121555 9.35895
49.26794160167084 9.31485
49.2924360839405 9.30317
49.31693296869764 9.31301
49.34143225776915 9.27614
49.36612538195438 9.24795
49.39062950396021 9.25136
49.41513603578346 9.184610000000001
49.4396449792564 9.206760000000001
49.46434784069503 9.21321
49.488861631846454 9.17137
49.513377840166804 9.168
49.537896467493745 9.124080000000001
49.56260909589029 9.0634
49.587132585683285 9.10019
49.611658500018365 9.08601
49.636186840738596 9.037519999999999
49.66090926588511 9.02549
49.685442483902584 9.03319
49.70997813385706 8.98542
49.734516217597076 8.98185
49.75924846937352 9.01782
49.7837914452858 8.95814
49.80833686055187 8.90537
49.83288471702571 8.89925
49.85762682540054 8.91734
49.882179588965734 8.88922
49.9067347993235 8.85163
49.93129245833333 8.84089
49.95604445336378 8.8735
49.98060703442832 8.84736
50.005172069746266 8.799610000000001
50.02993150438364 8.80231
50.05450147301533 8.80406
50.07907390151433 8.77414
50.10364879174981 8.72537
50.12841816587289 8.70911
50.1529980044635 8.71824
50.17758031042124 8.684280000000001
50.20216508562089 8.6902
50.22694442953363 8.650739999999999
50.25153416817468 8.638110000000001
50.27612638170508 8.6385
50.300721072005196 8.60636
50.325510416102105 8.58953
50.350110084975064 8.549560000000001
50.37471223628208 8.55583
50.39931687190919 8.56076
50.424116246675766 8.52743
50.44872587605249 8.49692
50.47333799543065 8.511289999999999
50.49795260670191 8.48949
50.52276204271512 8.438369999999999
50.54738166295838 8.42052
50.57200378079314 8.41346
50.596628398116835 8.3708
50.62144792604559 8.37393
50.646077567609396 8.35715
50.670709714377715 8.37834
50.69553683636198 8.32697
50.72017401885922 8.3009
50.7448137122895 8.3069
50.76945591856022 8.2706
50.79429318636823 8.28481
50.818940443716784 8.244
50.84359021965163 8.26132
50.868242516085964 8.221
50.893089960641895 8.225769999999999
50.917747323549435 8.17365
50.94240721271973 8.177480000000001
50.96706963007175 8.1546
50.99192728239342 8.147210000000001
51.01659478166073 8.13734
51.04126481489051 8.096860000000001
51.06593738400761 8.09845
51.090805275207074 8.08635
51.11548294172845 8.070969999999999
51.14016314993547 8.09234
51.164845901758845 8.06973
51.18972406304274 8.033710000000001
51.21441192780656 7.99339
51.23910234200271 8.00783
51.2637953075678 7.97288
51.288683770237945 7.96115
51.31338186432707 7.921010000000001
51.33808251561888 7.90383
51.362978729967345 7.93058
51.387684521509755 7.89785
51.41239287610203 7.90401
51.437103795691165 7.852710000000001
51.46201036644977 7.83778
51.486726441956634 7.80633
51.51144508832545 7.80527
51.536166307509156 7.75639
51.56108326624387 7.7502699999999995
51.58580965706056 7.76576
51.61053862657523 7.71985
51.635270176746864 7.6913
51.66019755512065 7.72302
51.68493429268881 7.70247
51.70967361681515 7.691089999999999
51.73441552946465 7.68635
51.759353359237934 7.65727
51.7841004750961 7.64562
51.80885018539685 7.62442
51.833602492111254 7.625319999999999
51.8585508051424 7.588189999999999
51.883308330926425 7.53885
51.90806845906181 7.53418
51.932831191525715 7.4922699999999995
51.95779001977161 7.5007
51.98255798721516 7.468210000000001
52.00732856494335 7.4987
52.03229530577543 7.440989999999999
52.057071130455945 7.42365
52.081849571391054 7.421119999999999
52.106630630568695 7.43169
52.13160794279417 7.39429
52.15639426492067 7.38658
52.18118321127822 7.373069999999999
52.205974783860896 7.3769800000000005
52.23096269971011 7.3369800000000005
52.255759551287994 7.332660000000001
52.280559035098186 7.301310000000001
52.30536115314103 7.288930000000001
52.33035970494467 7.26921
52.35516711807904 7.27315
52.37997717147198 7.2489
52.40478986713005 7.244280000000001
52.42979908731974 7.1738
52.454617094216 7.1973199999999995
52.47943774942214 7.1759699999999995
52.50426105495102 7.190110000000001
52.529280976059844 7.18732
52.554109609024096 7.15914
52.57894089837482 7.14412
52.60377484613117 7.09352
52.62880550079408 7.116389999999999
52.65364479223379 7.045910000000001
52.67848674816189 7.02112
52.70352547971946 7.065410000000001
52.72837279155837 7.068169999999999
52.753222773982785 7.06265
52.778075429022984 7.037789999999999
52.80312495150885 6.992780000000001
52.827982978797436 6.99994
52.85284368481815 6.973339999999999
52.87770707160767 6.96811
52.90276741793998 6.97209
52.92763619336701 6.91949
52.952507655698504 6.901669999999999
52.977381806977576 6.868189999999999
53.00245301017842 6.910139999999999
53.02733256653592 6.8703899999999996
53.052214817996074 6.84495
53.077099766608484 6.84991
53.102181859804446 6.875319999999999
53.127072229988265 6.832999999999999
53.15196530349892 6.8132
53.17686108239249 6.8117600000000005
53.20195409881522 6.795939999999999
53.22685531582556 6.75409
53.25175924441303 6.71023
53.27666588664027 6.68352
53.30176985962693 6.6969199999999995
53.3266819565689 6.711060000000001
53.35159677336455 6.66246
53.376514312083096 6.70478
53.40162927507703 6.68655
53.42655228516116 6.603269999999999
53.45147802340193 6.5951699999999995
53.47660125628886 6.580080000000001
53.50153247842639 6.55213
53.52646643496923 6.575139999999999
53.55140312799818 6.57728
53.576537409691696 6.57788
53.60147960336152 6.5240800000000005
53.626424539786164 6.52314
53.65137222105307 6.49815
53.67651758529126 6.4901800000000005
53.70147078399681 6.47277
53.72642673383343 6.4855
53.75138543689533 6.47997
53.776541917524526 6.45416
53.801506154876755 6.47387
53.826473151763246 6.40132
53.851442910284916 6.37805
53.87661054126026 6.4097599999999995
53.9015858509782 6.402430000000001
53.92656392866066 6.37763
53.95154477641532 6.359
53.976723591801296 6.34358
54.00171000771266 6.32085
54.02669920004598 6.32107
54.051691170915745 6.28177
54.076881204886796 6.32033
54.101878760928514 6.28905
54.12687910187696 6.25915
54.152077577768296 6.2472900000000005
54.1770835166946 6.22506
54.20209224691339 6.19589
54.22710377055121 6.1767199999999995
54.25231352511594 6.18619
54.27733066384342 6.14846
54.30235060239643 6.1589599999999995
54.32737334290836 6.11811
54.35259441062629 6.08721
54.377622783395324 6.0464
54.40265396455061 6.07257
54.42768795623251 6.02728
54.45292037169559 6.0064
54.477960012857906 6.0168099999999995
54.50300247099511 6.00595
54.52804774825457 5.99412
54.55329154616743 5.90137
54.57834249018678 5.9444300000000005
54.6033962597977 5.91038
54.6284528571545 5.9040300000000006
54.653708072335164 5.83899
54.67877035378786 5.86655
54.70383546947698 5.81893
54.72890342156389 5.81358
54.7541700889442 5.78189
54.77924374251975 5.7864
54.8043202390049 5.71155
54.82959552413022 5.753909999999999
54.8546777351945 5.752730000000001
54.87976279569621 5.68184
54.90485070780914 5.69675
54.930137506558005 5.64902
54.95523115074295 5.7064
54.98032765308844 5.64895
55.005427015775496 5.63467
55.03072536339621 5.607
55.05583047570572 5.51783
55.080938454927676 5.50446
55.10604930325027 5.54435
55.131359235107396 5.53868
55.15647585066083 5.46655
55.181595341907496 5.48105
55.20671771104285 5.43533
55.232039262617704 5.43695
55.25716741665048 5.38439
55.28229845518636 5.3095300000000005
55.30743238042802 5.29394
55.33276558731939 5.34386
55.357905315183636 5.25833
55.383047936390035 5.26599
55.40819345314859 5.23761
55.433538351073295 5.20485
55.458689688238415 5.19407
55.483843927614096 5.16179
55.509197623043605 5.11755
55.53435769621134 5.08165
55.55952067826466 5.11726
55.5846865714265 5.1077
55.61005202069737 5.05985
55.63522376553902 5.02076
55.66039842818645 5.02717
55.68557601087004 4.99241
55.7109532500271 4.9011
55.73613670233794 5.01994
