TT I
1.2716486653135266 7.439189999999999
1.2939594142134223 7.264819999999999
1.3162702121660406 7.173889999999999
1.3385810600174564 7.10525
1.3608919586137629 6.81492
1.383202908801069 6.01581
1.405513911425503 5.87828
1.4278249673332093 6.57989
1.4501343378461518 6.621
1.4724455028545926 6.4806
1.4947567236847858 6.508769999999999
1.517068001182951 5.94634
1.5393793361953272 6.2366
1.5616907295681737 6.01253
1.5840021821477681 5.34547
1.60631369478041 5.30368
1.6286252683124185 5.4861699999999995
1.6509369035901333 4.32189
1.6732468618895553 5.3934
1.695558623192809 4.70319
1.7178704487808514 4.76775
1.7401823395001077 4.86718
1.7625012545597203 4.8219199999999995
1.7848028405262486 5.29481
1.8071218901122095 5.03446
1.8294236121921872 4.87575
1.8517427996910911 4.85572
1.8740620574440425 4.75009
1.8963639900671978 4.85974
1.9186833908139995 4.38441
1.9409854680117449 5.07325
1.9633050151394713 4.36419
1.9856246367570705 5.15611
2.0079269371922672 4.28552
2.03024671027244 4.44629
2.0525491637446027 4.3074699999999995
2.074869091674931 4.1285
2.097171701569106 4.93246
2.1194917877373847 5.0202
2.141811954326636 4.87355
2.164114805233074 4.90492
2.186435135143035 5.53377
2.208738150935709 10.8243
2.231058647554722 19.2149
2.2533792288321184 14.5948
2.275682498336085 7.688339999999999
2.298003251406138 5.20902
2.3203066942619714 5.429180000000001
2.3426276225136022 4.68219
2.3649486396617507 5.22926
2.387252348930071 5.806369999999999
2.4095735463442893 5.18914
2.4318774374315884 5.62386
2.4541988185014043 6.43456
2.476502894794693 6.33119
2.498824462909887 6.79855
2.521146125856138 6.943169999999999
2.5434504863470337 6.86953
2.5657723414244717 7.098310000000001
2.588076895590662 7.8216600000000005
2.610398946189713 8.060030000000001
2.6327210958598384 7.36765
2.6550259469304716 7.3266800000000005
2.6773482972090137 8.24778
2.6996533504259 8.42361
2.7219759047039602 8.03678
2.744298562293959 7.79995
2.7666039251246595 8.28387
2.7889267918020164 8.15564
2.8112323652516555 7.96782
2.833555444408179 8.78443
2.8558786311183852 8.20963
2.8781845268938557 8.603810000000001
2.9005079311721484 8.8133
2.9228140460410397 8.81955
2.9451376712799635 9.70412
2.967444008632326 9.66893
2.9897678582247247 9.60956
3.0120918213106695 10.2438
3.0343984987899373 10.3613
3.0567226913198637 10.9547
3.079029599759726 11.5244
3.101354025127254 12.0019
3.123678568232338 12.7492
3.145985829517914 13.2914
3.16831061055229 13.5312
3.1906181112775593 14.4555
3.212943133635653 14.7439
3.2352682779763207 14.9038
3.2575761442691227 15.2777
3.2799015350264273 15.7605
3.302209649240067 16.4994
3.3245352898092655 16.7846
3.3468436553365257 16.9676
3.369169549113219 17.2728
3.3914955708171384 18.0201
3.413804319727358 18.6
3.4361305997334863 19.0547
3.4584396084414553 19.7053
3.4807661501462652 20.3412
3.503092824025881 20.9639
3.5254022288463154 21.0467
3.5477291695206588 21.7942
3.5700388426251948 22.2812
3.5923660534916446 23.4588
3.6146934007816114 32.6084
3.637003482731501 60.426
3.6593311053109985 65.2516
3.681641464033634 42.3029
3.7039693653009733 27.8438
3.726297407241705 25.8525
3.7486081875460804 25.6304
3.7709365132734978 25.9741
3.793247578841633 26.6539
3.8155761917550093 26.7469
3.8378875459837216 27.368000000000002
3.8602164494827234 27.6216
3.882545499606844 28.2597
3.9048572932539183 29.0531
3.9271866390645718 28.9104
3.9494987298666713 29.8059
3.971828374764527 30.7346
3.9941581705403255 31.0462
4.016470713506008 31.6774
4.038800813471445 32.5371
4.061113662089144 32.5785
4.0834440696459176 33.607
4.105774632334751 33.8371
4.128087945865126 34.7673
4.150418821249301 35.7179
4.172732448931298 36.5356
4.195063640413578 37.9757
4.2173775856475215 40.5613
4.239709096631102 61.4093
4.262040768704612 156.41
4.284355196706267 199.864
4.306687193387355 130.347
4.329001947444346 62.6989
4.35133427213731 45.7348
4.373666762177566 43.8007
4.395982011761091 44.1617
4.418314834921175 45.3416
4.44063041906622 50.1237
4.4629635787515625 57.4555
4.4852969080429785 57.4382
4.5076130004776225 52.6054
4.529946671403969 52.4948
4.552263106909177 53.4329
4.574597122877047 53.3749
4.596931312711224 53.4224
4.619248269273446 54.1506
4.6415828092605835 54.7555
4.663900117405352 56.6699
4.686235010953232 57.4868
4.708552674085913 58.9923
4.730887924602802 60.3396
4.753223354952695 62.1529
4.775541557023902 64.0437
4.797877349456786 65.7808
4.820195915032126 67.1254
4.842532072957498 68.5903
4.864868414979744 70.6279
4.88718753227192 73.0833
4.909524244902505 75.1938
4.931843734218147 76.9429
4.954180820867835 79.314
4.976518095879839 82.3774
4.998838149695359 85.2319
5.021175803844231 89.1877
5.043496238205739 92.8004
5.065834274903528 97.4899
5.088172504230693 102.57799999999999
5.1104935158799565 109.507
5.132832132875765 130.218
5.155153533596801 164.294
5.1774925416746225 213.97
5.199814334878411 464.504
5.2221537374521505 1266.05
5.244493338631803 3260.32
5.266815727034316 7907.94
5.289155727832427 12221.5
5.311478517248165 8311.65
5.333818921080011 2741.14
5.356159527788849 567.432
5.3784829252032536 196.687
5.400823940070432 150.161
5.423147747031976 131.65200000000002
5.445489173474152 121.626
5.467830807066149 117.412
5.490155234831516 114.031
5.512497285125229 109.273
5.534822130975162 106.24799999999999
5.557164601388673 103.75299999999999
5.579489868738879 100.949
5.601832762690846 99.9806
5.6241758697774475 98.7787
5.646501775867269 97.9543
5.668845311622074 96.223
5.691171647754637 95.6463
5.713515615597765 94.8536
5.735859800852677 94.0152
5.758186788542988 94.1636
5.780531411018185 95.16
5.802858837297399 95.4744
5.825203900414495 95.1473
5.8475491852224 96.3631
5.869877275883075 96.7217
5.892223006467101 96.6086
5.914551544266608 97.5269
5.936897724049891 100.611
5.959244129804903 108.492
5.981573344815301 139.908
6.0039202049061 267.957
6.026249875609095 556.107
6.04859719346037 1116.89
6.070927323278297 2348.81
6.093275102315365 4596.43
6.115623113320588 5445.83
6.137953938319995 3323.74
6.160302415650845 1036.22
6.182633708324452 244.10299999999998
6.2049826554078376 115.084
6.227331838745022 94.1582
6.249663839443684 86.0055
6.27201349767565 82.8786
6.294345974611799 85.0142
6.316696111167083 90.6228
6.339046488263839 86.4274
6.361379686074702 76.3852
6.383730546639482 71.7648
6.406064229255215 69.9181
6.428415576718203 69.8591
6.450749747566656 68.615
6.47310158535871 66.97800000000001
6.495453669698332 66.0023
6.517788579421056 65.1869
6.540141159237969 64.26
6.562476565766648 63.8118
6.5848296444934045 63.3875
6.607182974060425 62.9086
6.6295191323281015 62.8918
6.651872965955752 65.1158
6.6742096296068985 80.1049
6.6965639707294615 106.421
6.71891856698715 105.156
6.741255995248479 79.2585
6.763611104154477 64.1432
6.785949046381137 59.93
6.808304671371482 59.1499
6.8306605557940046 59.1016
6.852999275508618 58.2694
6.875355681171544 57.9203
6.897694923437771 57.1483
6.92005185377892 56.9503
6.9423916220322655 56.803999999999995
6.964749080490181 56.3621
6.987106804399774 56.2841
7.009447368180821 56.3758
7.031805625367033 55.6935
7.054146723727803 55.7033
7.076505517631004 55.2492
7.098864581288365 55.7349
7.121206488070854 55.7458
7.143566093607822 55.1664
7.165908543567245 55.586999999999996
7.188268694426048 56.0
7.2106291193438095 55.5991
7.232972390625943 56.4231
7.255333366030969 64.2407
7.277677189091925 94.6729
7.300038718428332 121.555
7.322400526130865 104.868
7.344745183422596 74.3433
7.367107550224791 58.9309
7.389452767901992 56.0684
7.411815697249891 55.1744
7.434161478756298 54.6476
7.456524974096713 54.6205
7.478888753837185 54.621
7.501235387657368 55.1469
7.523599738562711 55.2357
7.545946944825532 55.2446
7.568311870344528 55.6493
7.5906770845765665 55.8668
7.613025156078678 56.4631
7.635390950099687 57.4935
7.657739602662809 56.8431
7.680105979923558 55.945
7.702472650212829 56.8824
7.724822180948224 56.5825
7.747189439655568 56.8407
7.769539560075357 56.5835
7.791907410653562 56.7632
7.81425812420825 56.8867
7.836626570110925 57.3165
7.858995315087906 57.9954
7.881346924933401 58.2603
7.903716270417482 58.6984
7.926068482028405 59.123000000000005
7.948438431475253 60.0427
7.9708086843180235 60.2415
7.993161805171116 60.8803
8.015532667162402 61.4804
8.037886398416653 62.3586
8.060257873014221 62.8556
8.082629655331942 63.5973
8.104984308787587 64.6236
8.127356708900503 66.7892
8.149711981398308 71.0907
8.172085002766314 72.8068
8.194458336181368 71.0451
8.216814543847752 69.9288
8.23918850371002 70.1587
8.26154533906492 70.9741
8.283919928836452 72.7622
8.306277395339652 73.9522
8.328652618483376 75.0794
8.351028159736202 77.4553
8.373386579575245 79.3818
8.395762759396959 81.6306
8.418121819038275 86.3414
8.440498640894003 95.6349
8.462875785192262 108.95200000000001
8.485235811156207 134.274
8.507613602688501 194.513
8.529974277114228 295.10200000000003
8.552352719347912 443.355
8.574731488360351 724.1619999999999
8.59709314210385 1246.01
8.619472567021075 1869.29
8.64183487789147 2172.32
8.664214962183097 1732.49
8.686577933647762 923.4010000000001
8.708958680784317 355.027
8.731339760774953 158.092
8.753703729764451 110.765
8.77608547780821 100.041
8.798450116065078 96.529
8.820832535634787 93.6792
8.843215292401656 92.4358
8.865580941199045 91.4541
8.887964374703538 90.6835
8.910330701447199 91.1161
8.932714815164482 91.6574
8.955099270424924 90.162
8.977466620733543 88.0975
8.999851761421976 86.0974
9.022219798361645 85.1624
9.04460562795561 84.9654
9.066991803441677 84.1898
9.089360876979615 84.1601
9.111747746589993 83.8091
9.13411751544971 83.2992
9.156505082664324 82.9805
9.178875550323522 82.8613
9.20126381862328 83.3226
9.223652438908596 83.3062
9.246023961427412 83.4531
9.26841328802173 83.3574
9.290785518039224 83.1336
9.313175554425882 84.1312
9.335565947154315 84.5144
9.357939245086508 84.8982
9.380330352834827 84.7785
9.40270436697103 85.0656
9.425096193225055 84.8649
9.447488380180165 85.4725
9.469863475295412 85.3563
9.492256385987508 85.5886
9.514632206018318 86.5845
9.537025843935714 86.5232
9.559402392368193 87.8516
9.581796761000229 89.1866
9.604191496441521 90.4026
9.626569144158516 92.5999
9.648964615551032 95.635
9.671343000390081 96.8694
9.693739211225699 95.2914
9.716135793237463 93.7227
9.738515290448102 94.2743
9.760912617143402 95.6958
9.783292860202891 97.0559
9.805690935076182 98.9839
9.828089385495742 99.8635
9.850470754023561 101.585
9.872869957865444 107.42
9.89525208097539 116.884
9.917652041736662 126.35600000000001
9.940052382417589 133.236
9.962435644102392 158.195
9.984836746950979 208.19299999999998
10.007220771957746 275.434
10.029622640473708 383.999
10.052007432299963 576.929
10.074410069984072 868.3910000000001
10.096813093716005 1293.55
10.119199042482517 1716.03
10.141602840636468 1895.89
10.163989564971628 1505.45
10.186394141051062 837.865
10.208799107559706 366.654
10.231187001965623 178.43599999999998
10.253592751657669 125.086
10.275981430388155 113.97200000000001
10.298387966769793 111.833
10.320794897965431 112.28
10.343184759907361 111.322
10.36559248305461 107.75299999999999
10.387983138083852 106.8
10.410391656691655 113.695
10.432800574501677 127.4
10.455192425893369 144.997
10.47760214443012 172.025
10.499994797678786 219.979
10.522405320453982 302.108
10.54479877906917 414.785
10.567210109595656 523.781
10.5896218454736 570.61
10.612016518879773 496.727
10.634429067781074 328.61
10.656824555333241 190.421
10.679237920773568 119.568
10.701651695961992 95.5004
10.724048411481384 89.6551
10.746463008485165 87.4139
10.768860546937125 85.7693
10.791275969274796 84.1045
10.81369180576079 82.9432
10.836090585366925 81.9648
10.858507252467449 80.7665
10.88090686379991 79.5527
10.903324365036394 79.2302
10.925724811614439 78.568
10.948143150509463 79.1309
10.970561909719066 78.4012
10.992963615930844 76.9908
11.015383218085756 75.1792
11.037785768347074 73.8897
11.06020621697282 73.2343
11.082627090322113 72.7728
11.105030913430326 72.3177
11.12745263854165 72.5292
11.149857314510728 74.2074
11.172279894912576 77.4425
11.194702904450653 77.5479
11.217108866490921 74.9003
11.239532736615194 72.2789
11.26193956033512 70.5786
11.284364294577085 69.75
11.306789462371718 68.2958
11.329197585398376 67.718
11.351623622610898 67.6034
11.37403261614354 66.8601
11.396459526308487 66.6771
11.418869393879497 65.8507
11.441297180532617 65.6845
11.463725406927658 65.2051
11.486136592353875 65.2036
11.508565700543707 65.1213
11.530977768845315 66.35600000000001
11.553407762368774 66.6487
11.575838200059769 66.4275
11.598251599479612 65.0468
11.620682927815501 64.4104
11.64309721895548 63.989
11.665529441478206 63.7454
11.687962112597958 63.3924
11.710377748130886 63.5635
11.732811318753434 63.6897
11.755227854859067 63.3721
11.777662328529495 63.2395
11.800079768750786 63.1298
11.822515149015453 63.0737
11.844950984084935 63.4233
11.867369787303163 63.0844
11.889806534289491 63.3341
11.912226250487029 63.2878
11.934663912939751 63.4764
11.9571020346363 63.7124
11.979523127133968 63.5517
12.001962169624331 64.83800000000001
12.024384183972964 66.6414
12.046824150809913 70.6484
12.069264581333726 75.8762
12.091687985297767 82.7172
12.11412934550045 91.9582
12.136553680195208 106.948
12.158995973632788 129.774
12.181438735204349 157.50799999999998
12.20386447284199 185.28900000000002
12.226308172985636 203.07
12.24873485024193 195.62900000000002
12.271179492516982 159.22299999999998
12.293607112949127 118.027
12.316052700916226 89.4353
12.338498763250042 74.7952
12.360927805303868 68.2805
12.383374818673879 65.9426
12.405804812803074 64.5861
12.428252780773262 64.6798
12.45070122756722 64.7764
12.473132656675375 64.6357
12.49558206341869 65.1719
12.518014453510101 65.0334
12.540464823770117 65.4429
12.562915677315177 65.4036
12.58534951575545 65.7935
12.607801338171472 67.0011
12.630236146511358 70.3052
12.652688941369085 73.1205
12.675124723177234 73.5048
12.697578494048786 71.6437
12.720032754458185 69.2509
12.742470003354093 68.2631
12.764925245138771 68.4213
12.787363476431278 68.7753
12.809819703166806 69.24
12.83227642391173 70.025
12.854716135692716 70.5047
12.877173846755147 71.5172
12.899614549869717 71.9466
12.9220732548287 72.8287
12.94453245827299 73.4043
12.966974655289818 74.3806
12.989434858002571 75.3716
13.011878055298721 75.8551
13.034339260862497 77.0063
13.056800969391883 78.1816
13.079245674017244 81.0937
13.101708390774869 85.1439
13.12415410463411 94.5676
13.146617833206086 106.76799999999999
13.169064559883248 118.25200000000001
13.191529303857127 133.947
13.213994557076367 159.108
13.236442809902437 198.351
13.258909083908291 252.951
13.28135835851934 311.757
13.30382565690295 373.751
13.326293469022952 426.865
13.348744283242008 418.725
13.371213125129904 343.949
13.39366497011003 247.39700000000002
13.416134845360597 163.96099999999998
13.438605238843131 121.181
13.46105863690397 108.711
13.483530069144786 110.50299999999999
13.505984506951902 116.60799999999999
13.528456981549432 126.906
13.550929978879088 143.122
13.573385983253365 168.57
13.595860028340867 208.39
13.618317081455832 257.457
13.64079217790333 309.019
13.663250283359057 351.654
13.685726434770173 364.531
13.708203115221277 331.62
13.730662806148091 251.886
13.75314054697177 177.02599999999998
13.775601299246777 123.825
13.798080104050406 95.6842
13.820559442405358 85.0977
13.843021793671388 82.31700000000001
13.865502201420897 80.7542
13.887965623051947 80.007
13.910447103807167 79.2478
13.932929122629764 77.5903
13.955394156785959 77.5148
13.977877254034569 76.574
14.000343367582113 75.7521
14.022827546871707 75.0376
14.045294743423524 74.2333
14.06778000837062 73.6448
14.090265817715476 73.468
14.112734645763819 73.2216
14.13522154619454 72.7564
14.157691466286913 72.6781
14.180179461423874 72.3654
14.202668005486178 71.9103
14.22513957064374 71.2773
14.247629214846473 70.8178
14.270101881097517 70.6273
14.29259262906496 70.6889
14.315083930490205 71.191
14.337558255389705 71.3765
14.360050666019726 71.1377
14.382526101071944 70.4543
14.405019624534942 70.2475
14.427513705993134 69.6071
14.449990813291825 69.4461
14.47248601302899 69.3242
14.49496423954951 69.5837
14.517460561197822 69.6356
14.539939910570322 69.3394
14.562437357763558 69.8202
14.58493536931253 70.4606
14.607416409993311 70.9937
14.62991555254159 71.587
14.652397725157423 71.3823
14.674898002342799 71.3255
14.697398848433282 71.3124
14.719882725991326 72.4641
14.74238471217934 74.7377
14.764869730765593 78.8004
14.787372860692983 82.3683
14.809876564079925 86.6263
14.83236330125751 93.2667
14.854868153850365 102.536
14.877356041159485 116.734
14.899862046604186 135.546
14.922351087688757 158.895
14.944858249632887 185.907
14.967365991421232 211.051
14.989856770231246 222.68200000000002
15.012365673994204 216.673
15.03485761569738 184.123
15.05736768508665 143.01
15.07987833888692 109.834
15.102372032001655 88.5909
15.124883856909658 76.7102
15.14737872204565 72.6467
15.169891721717274 70.908
15.192405310371893 70.6772
15.214901940621196 70.7724
15.237416709527137 70.6715
15.259914520936249 70.5305
15.282430473753607 69.8114
15.304947020131227 68.7436
15.327446610371178 68.2963
15.349964346154254 67.6529
15.372465126703139 67.6557
15.394984055556009 67.2118
15.417486030076159 67.1306
15.44000615566487 66.6625
15.462526881230803 66.5583
15.485030653812652 66.7262
15.507552581617434 66.6288
15.530057557334603 66.9066
15.55258069104857 66.8021
15.575104429329837 66.7681
15.597611216864632 66.5308
15.620136166564563 67.2367
15.6426441664095 68.9802
15.665170331202765 71.8544
15.687697105158826 74.9269
15.710206930593545 78.574
15.732734925158933 82.8004
15.755245972089478 89.65
15.77777519094324 99.2449
15.800287463046663 113.15
15.822817909869592 131.424
15.84534897229804 150.651
15.867863089299354 172.155
15.890395385222186 190.08599999999998
15.912910736597423 192.90599999999998
15.935444269699861 179.12400000000002
15.957978423016485 148.727
15.980495633101265 118.405
16.003031029129367 92.7376
16.02554948280019 75.1789
16.048086125229432 67.2774
16.070623392487107 64.6683
16.09314371869582 64.1421
16.11568223789321 63.1157
16.13820381691126 62.4114
16.160743591742527 61.6429
16.183283996022084 60.9068
16.205807461423195 59.99100000000001
16.228349126881973 59.4778
16.25087385432698 59.3982
16.27341678466365 58.6703
16.29594277784926 58.5486
16.31848697676433 58.7828
16.341031811604868 58.5367
16.36355971058487 58.7889
16.3861058195587 58.5491
16.40863499352978 57.6066
16.431182380342005 57.1175
16.453730407713202 56.4869
16.476261501364792 56.2014
16.498810812136167 56.1279
16.52134319004079 56.1876
16.54389378792203 55.7125
16.566445031001553 55.6203
16.588979342490088 55.5497
16.61153187824822 55.6148
16.634067483263312 55.3843
16.656621315414416 55.2381
16.679175797408888 54.9373
16.701713349928728 55.0202
16.72426913389191 55.199
16.74680798922351 55.3047
16.76936507887444 55.2259
16.791905240734874 55.282
16.814463639794468 55.1891
16.837022695210294 55.3118
16.859564824093756 55.4713
16.882125194503903 55.8249
16.904668639217885 56.4454
16.927230328348003 56.4134
16.949792678493612 56.5924
16.972338104193863 56.2438
16.994901778652235 56.129
17.017448529496576 56.1196
17.040013531998152 56.581
17.06257920018044 57.1733
17.0851279459922 57.9679
17.107694947817667 58.8909
17.130245028099072 59.5248
17.15281336730298 61.0944
17.17536478578733 62.9718
17.19793446610687 65.0143
17.220504818648422 68.1611
17.243058251703697 71.3086
17.265629950971032 75.512
17.288184731571736 79.46600000000001
17.310757781306908 83.0585
17.33333150794385 83.8378
17.355888317140174 81.6404
17.37846339986244 77.0577
17.401021565958885 70.7554
17.42359800851343 65.6407
17.44617513265564 62.3622
17.468735341390783 60.4014
17.491261035594565 59.6199
17.51396340099364 59.4082
17.536490463869136 59.5658
17.559018209820174 59.6574
17.58154663977963 59.7054
17.604251766089718 59.9911
17.626781572227713 60.2492
17.64931206518155 60.676
17.671843245885103 60.8673
17.69455114821572 61.049
17.717083712612634 61.1674
17.739616967569667 61.5329
17.762150914021706 61.9847
17.78486160749854 62.1671
17.807396945166804 63.0924
17.829932977143503 64.4367
17.85246970436452 66.2893
17.875183204129467 68.0843
17.897721330097664 69.9608
17.920260154126645 72.7013
17.942799677153296 75.8128
17.9655159983646 79.8652
17.988056927677544 85.6071
18.010598558807683 93.0389
18.033140892692916 103.04799999999999
18.05586005052525 113.085
18.07840379824407 124.255
18.10094825154059 135.406
18.12366954819864 141.22
18.146215420998306 140.113
18.16876200220057 130.442
18.191309292745153 115.984
18.214033452627167 102.035
18.236582170236648 91.4238
18.259131600016456 87.5301
18.281681742907335 88.1727
18.304408781233683 92.26100000000001
18.32696035875955 96.9582
18.349512652227624 101.304
18.372065662579683 105.414
18.394795594587553 105.564
18.41735004715306 101.50200000000001
18.43990521943684 94.5367
18.46246111238171 85.4916
18.485193953325208 76.109
18.507751296070428 69.5956
18.530309362314178 65.9384
18.552868153000343 63.8722
18.57560391815056 62.5056
18.59816416623245 62.1941
18.620725141597372 61.7817
18.643286845190268 61.3735
18.666025549835414 61.1192
18.688588718427933 60.2297
18.711152618092243 60.1805
18.73389353884365 59.8826
18.75645890921984 59.4437
18.77902501351406 59.0768
18.801591852673102 59.086999999999996
18.824335739722738 58.7266
18.846904057212626 58.7263
18.8694731124168 58.1762
18.89204290628315 58.0034
18.914789774966803 57.836999999999996
18.937361054791623 57.7099
18.959933076131318 57.4061
18.982505839934877 57.4945
19.00525570560582 57.4611
19.027829963004184 57.268
19.05040496572238 57.3245
19.072980714710468 57.6296
19.095733592739563 57.8195
19.11831084296757 58.0438
19.140888842324735 58.5975
19.16346759176222 58.848
19.18622349753803 59.2942
19.208803755869358 60.3552
19.231384767143577 61.5108
19.253966532312948 63.1241
19.276725481241822 65.1397
19.29930876296784 67.5136
19.3218928014549 70.4216
19.34465404436217 72.9616
19.36723960516257 75.3524
19.389825925592426 76.3297
19.412413006605938 75.0323
19.43517731967805 71.7362
19.457765930683355 67.172
19.48035530514408 63.0877
19.50294544401556 59.2012
19.525712842708348 56.9263
19.54830451925909 55.4759
19.570896963095727 54.4416
19.593490175174704 54.3776
19.616260674962184 54.2159
19.638855432416964 53.8949
19.661450960992624 54.1077
19.68404726164677 53.876000000000005
19.706820878021247 53.7792
19.729418731756834 53.9885
19.752017360452857 53.7301
19.77461676506804 54.0377
19.797393513540218 54.4354
19.819994478951667 54.7116
19.84259622316767 55.1708
19.8651987471481 55.5034
19.887978643247177 55.8148
19.91058273574792 56.3464
19.933187610901943 57.0666
19.955969879466828 58.5826
19.97857632894404 59.9273
20.00118356396599 61.345
20.023791585494575 63.4557
20.046577028914875 66.0568
20.069186632506966 67.8493
20.091797025500632 69.7498
20.114408208858933 70.1548
20.137196842715273 69.8735
20.159809615886765 68.2163
20.18242318232135 65.7377
20.20503754298326 63.918
20.227829382875154 62.8241
20.250445341109344 62.4504
20.27306209647285 63.0744
20.29567964993108 64.0957
20.31847471147704 65.2427
20.34109387027612 65.7892
20.363713830075454 65.5027
20.386334591841646 64.0592
20.409132890679302 61.2299
20.431755265564437 58.0917
20.454378445325528 55.5882
20.477002430930366 53.5779
20.499803982716553 52.4798
20.522429589228004 51.718
20.54505600449589 51.1276
20.567683229489194 51.1906
20.590488049900088 50.992
20.61311690359731 50.7351
20.63574656993626 50.493
20.658553853717297 50.0067
20.681185154618298 50.0707
20.703817271080066 49.9751
20.72645020407368 49.644
20.749260783967177 49.5626
20.771895359337133 49.3699
20.794530754161617 49.4752
20.817166969412938 49.3718
20.83998086114876 49.0853
20.86261872660049 49.0456
20.885257415405402 49.2745
20.90789692853701 48.9964
20.930714147864748 48.9789
20.953355319030678 49.0259
20.97599731745334 49.1751
20.99864014410749 49.0228
21.021460706796564 49.1008
21.044105199328826 49.313
21.06675052302631 49.5612
21.089396678865015 49.6095
21.112220600704806 49.9044
21.134868430275347 50.3727
21.15751709492456 50.4653
21.180166595629693 50.7447
21.202993892429635 51.2202
21.22564507473034 51.4689
21.24829709602816 51.7176
21.27112693608965 51.7337
21.293780644891275 51.7028
21.316435195634053 51.0456
21.339090589297417 50.2681
21.361923832041875 49.7935
21.384580921090404 49.2316
21.407238856007325 48.7307
21.429897637773326 48.8147
21.45273429906592 48.721000000000004
21.475394784108598 48.6942
21.498056118951983 48.6276
21.520718304578022 48.9765
21.543558400304388 49.0761
21.566222297108816 49.4676
21.58888704765135 49.6686
21.61155265291521 49.9483
21.63439619898156 50.3662
21.657063523335786 50.4638
21.67973170537063 51.1262
21.7024007460706 51.6846
21.72524775840385 52.4195
21.747918526116475 53.4113
21.770590155457388 54.6458
21.79326264741238 56.4312
21.816113141960237 57.9097
21.838787368860547 59.8747
21.861462461341976 61.6877
21.884315579735777 63.3766
21.90699241312273 64.4379
21.92967011506078 64.9904
21.95234868653799 64.5139
21.9752053151131 63.3199
21.997885635446785 61.4746
22.020566828293532 59.7096
22.04324889464272 57.78
22.066109049404666 56.6334
22.088792872571794 56.2899
22.111477572219204 56.3824
22.1341631493376 56.5003
22.157026846313123 56.1223
22.179714188221507 55.3668
22.202402410582668 54.4203
22.22509151438863 52.9484
22.24795876962584 51.6674
22.270649646204486 50.7248
22.293341407213727 50.0886
22.316034053646906 49.5281
22.338904883215342 49.3253
22.36159931041458 49.312
22.38429462602756 49.2489
22.40699083104897 49.1257
22.429865251039757 49.082
22.452563244831367 49.1143
22.47526213102522 49.0809
22.49813925616515 49.148999999999994
22.520839937143307 48.9059
22.543541513520587 48.9496
22.56624398629403 49.01
22.589124730075895 48.9496
22.611829005656723 49.1341
22.63453418063466 49.1889
22.657240256008077 49.3389
22.680124634582935 49.5735
22.70283252079775 49.8511
22.725541310413075 50.2761
22.74825100442868 50.2416
22.771139033969575 50.8758
22.79385054687155 51.1626
22.81656296718292 51.8235
22.83927629590484 52.607
22.862167992606945 53.6507
22.88488314827121 54.8386
22.907599215359284 55.698
22.93031619487366 56.6746
22.953211574954405 57.556999999999995
22.975930389478226 58.2278
22.998650119445763 58.2874
23.02137076586092 57.4108
23.044269845560063 56.0542
23.06699233506288 54.3956
23.089715744034912 52.7092
23.112617610931565 51.2479
23.135342869061212 50.1131
23.158069049684816 49.3946
23.1807961538087 49.1491
23.20370174880544 49.2019
23.226430710184808 49.3064
23.249160598093425 49.3221
23.271891413539002 49.3198
23.294800752937697 49.2474
23.31753343374794 49.5005
23.340267045128353 49.4982
23.36300158808808 50.1033
23.38591468821339 50.221000000000004
23.408651104658304 50.8892
23.431388455719986 51.5959
23.454126742409 52.2627
23.4770436196085 53.2368
23.499783787914662 54.3189
23.522524894889884 55.2513
23.54526694154616 56.3669
23.56818761219047 57.2106
23.59093154860734 57.6745
23.613676427751283 57.931999999999995
23.636422250635754 57.0964
23.659346731118656 55.6264
23.68209445191868 53.6729
23.704843119509587 51.2621
23.72759273490623 49.5483
23.750521041644767 48.3765
23.77327256312355 47.3796
23.796025035462787 46.8338
23.818956224555475 46.3734
23.841710609113413 46.336000000000006
23.86446594758979 46.0957
23.887222241002014 45.8522
23.910157285144578 45.4622
23.932915498962537 45.485
23.955674670778713 45.2917
23.978434801611975 45.1541
24.001373717286125 45.0381
24.024135776723917 44.8275
24.046898798245582 44.953
24.06966278287146 44.9165
24.092605586582614 44.6902
24.115371508023642 44.4516
24.1381383956401 44.3258
24.16090625045381 44.2278
24.183852958731244 44.1029
24.206622758582608 44.1939
24.229393528706886 43.9628
24.252165270127392 44.0625
24.27511589952438 43.9192
24.297889594216997 43.7659
24.32066426328598 43.6547
24.34343990775613 43.6538
24.36639447485003 43.4837
24.38917208083877 43.4304
24.41195066531332 43.3882
24.43490819850244 43.4614
24.457688750692377 43.2726
24.48047028445616 43.2049
24.503252800821233 43.2828
24.526214300784112 43.4863
24.548998793132213 43.4268
24.57178427117417 43.2409
24.59457073593893 43.2948
24.617536219319863 43.2927
24.64032466834748 43.2958
24.663114107195035 43.16
24.685904536893013 42.8706
24.708874020360852 42.919
24.731666442613744 42.7749
24.754459858818787 42.6432
24.777254270007962 42.5514
24.80022777025625 42.5751
24.82302418230472 42.6101
24.845821592443674 42.5126
24.86862000170663 42.4977
24.891597535453727 42.3814
24.914397953892728 42.5481
24.93719937456671 42.599
24.96000179851076 42.8021
24.98298338249997 42.9283
25.00578782394922 43.2244
25.028593271784167 43.3314
25.05157790644186 43.6616
25.07438537804115 43.729
25.097193859145293 44.0546
25.120003350792075 44.2213
25.142992065061257 44.5084
25.165803588823465 44.7795
25.18861612625217 44.9864
25.211429678386736 44.8993
25.234422489079968 45.1316
25.257238081693636 45.0253
25.280054692141732 44.9948
25.3028723214652 44.9566
25.325869245420463 45.0898
25.348688923599397 45.2152
25.371509623787006 45.1597
25.394331347025812 44.9003
25.41733240110666 44.3355
25.440156181590016 43.6489
25.46298098826268 43.1282
25.48580682216873 42.7153
25.50881202326435 42.1206
25.53163992281684 41.6415
25.55446885274561 41.4531
25.577298814096377 41.1962
25.600308179121807 41.1588
25.623140214533745 41.0961
25.64597328451537 41.0868
25.66898578564376 40.8881
25.691820936010206 40.8935
25.714657124097695 40.7786
25.737494350954734 40.8774
25.760511045684957 40.7063
25.783350361364224 40.6724
25.806190718969255 40.7573
25.82903211955018 40.86
25.852053024868923 40.9549
25.874896522722523 40.9649
25.897741066713106 40.8766
25.920586657892454 41.0227
25.943611790812668 41.2087
25.966459487728237 41.3295
25.989308234998564 41.2863
26.01215803367705 41.6642
26.03518741123814 41.6891
26.05803932412957 41.9339
26.080892291600094 41.9269
26.10374631470478 42.0
26.12677995397268 41.9465
26.14963609978026 41.9473
26.172493304397875 41.559
26.19535156888223 41.235
26.218389486949604 41.0018
26.241249882640123 40.7249
26.26411134137826 40.5523
26.28715248187403 40.6958
26.31001607820869 40.516
26.3328807407756 40.1818
26.35574647063438 40.3742
26.37879191991473 40.4338
26.401659795896734 40.4551
26.424528742360263 40.5399
26.447398760366614 40.814
26.470448535598294 40.9859
26.49332070826805 41.2546
26.516193955675355 41.4196
26.53906827888316 41.6689
26.562122397260108 41.8791
26.584998883685063 42.0291
26.607876449110325 42.2302
26.63075509460056 42.4639
26.65381357334404 42.5048
26.67669439061878 42.4739
26.699576291163382 42.3154
26.722459276044212 42.1428
26.745522132402975 41.951
26.768407297649354 41.5936
26.791293550442003 41.3478
26.814180891848974 41.0745
26.837248143099337 40.7304
26.860137673466657 40.796
26.88302829566349 40.3814
26.90592001075963 40.3098
26.92899167420566 40.0485
26.951885586870763 39.73
26.974780595655517 39.4633
26.99785558178161 39.4866
27.020752794605112 39.2486
27.043651106772522 39.1714
27.06655051935668 39.2209
27.089629948036183 39.0473
27.112531573292053 38.9098
27.135434302194138 39.0444
27.158338135817015 38.8507
27.181422024430987 38.8794
27.204328079372566 38.8421
27.22723524226965 38.8868
27.250143514198573 38.7806
27.273231880156334 38.8837
27.296142382065014 38.6205
27.319053996245536 38.6656
27.341966723775965 38.7367
27.365059584515222 38.842
27.38797455070062 38.7811
27.410890633481237 38.7736
27.433807833936918 38.7201
27.456905206923906 38.7563
27.47982465472398 38.8564
27.502745223449743 38.8685
27.525666914182825 38.9294
27.548768816912457 38.8724
27.571692763693633 38.7112
27.59461783573812 38.619
27.617723149491244 38.5087
27.640650484125285 38.3464
27.66357894728264 38.3815
27.686508540048052 38.3638
27.709618414237887 38.3324
27.732550278321757 38.056999999999995
27.755483275279115 38.0072
27.778417406196485 38.1202
27.801531858397514 38.150999999999996
27.824468269376716 38.0445
27.847405817586786 38.0887
27.870344504116094 38.2975
27.893463551932008 38.4261
27.916404527281053 38.6385
27.93934664422563 38.6099
27.962289903855886 38.6148
27.98541356491974 38.933
28.00835912214229 39.0169
28.03130582533231 39.298
28.054253675581805 39.4609
28.077381967556104 39.4523
28.100332124185126 39.2496
28.123283431160893 39.1892
28.146235889577238 39.079
28.169368830154156 38.8751
28.192323603752033 38.7016
28.215279532083304 38.2684
28.238415973016764 38.1116
28.261374223145094 38.0753
28.284333631303806 37.9338
28.307294198589954 37.6851
28.330435319167677 37.3372
28.353398217078915 37.0935
28.376362277420153 36.9289
28.39932750129032 36.7713
28.422473319286713 36.6022
28.44544088262495 36.4915
28.468409612800283 36.4672
28.491379510913497 36.2962
28.51453004413313 36.2989
28.53750229057244 36.1609
28.56047570826344 36.0497
28.583450298308804 36.157
28.606605564586562 35.9147
28.629582511831156 36.0595
28.65256063474956 35.9712
28.675539934446338 35.9005
28.698699951647605 35.8123
28.72168161743193 35.8062
28.74466446331978 35.7434
28.767648490417624 35.7744
28.790813276438353 35.6948
28.813799678527303 35.6646
28.836787265157085 35.6507
28.859955641890075 35.5292
28.882945610203045 35.6547
28.905936766392035 35.5656
28.928929111566863 35.6478
28.952102288520145 35.4717
28.975097024308607 35.3415
28.998092952423807 35.2104
29.021090073977508 35.1145
29.04426806913204 35.0363
29.067267590245258 34.8542
29.090268308143695 34.838
29.11327022394099 34.8683
29.13645305530891 34.6743
29.159457379627167 34.7091
29.18246290519685 34.5432
29.20546963313352 34.5562
29.22865731875826 34.5971
29.25166646419296 34.6403
29.27467681535305 34.4312
29.29768837335608 34.5863
29.320880931312562 34.5097
29.34389491580634 34.606
29.366910110507334 34.5551
29.38992651653503 34.5732
29.41312396492981 34.5329
29.436142806456754 34.4255
29.45916286268059 34.2852
29.48236399319994 34.2275
29.50538649169417 33.9474
29.528410208259935 33.9143
29.55143514402014 33.7919
29.574641196749695 33.7217
29.597668583816574 33.5754
29.6206971934585 33.351
29.64372702680042 33.4572
29.666938019934474 33.2455
29.689970313635285 33.2252
29.713003834422636 33.1769
29.73603858342347 33.1766
29.759254535188578 33.0757
29.78229175361658 33.113
29.80533020365064 33.1678
29.82836988641968 33.1664
29.85159081507472 33.0743
29.874632976355343 32.8874
29.89767637376955 33.0566
29.920721008448314 32.9043
29.9439469322847 32.9497
29.96699405457564 32.7958
29.9900424175358 32.7706
30.013092022298157 32.6669
30.03632295963995 32.6231
30.059375061131373 32.7807
30.08242840783577 32.745
30.105483000888153 32.7724
30.128718970092244 32.7074
30.151776069006917 32.704
30.17483441768648 32.7071
30.198074175317235 32.6013
30.221135036724256 32.7478
30.24419715131772 32.5229
30.267260520236203 32.4924
30.290505341942243 32.607
30.313571232750228 32.595
30.336638381310948 32.5067
30.35970678876503 32.4698
30.38295669299435 32.3883
30.40602763151657 32.4556
30.429099832366074 32.4718
30.452173296685572 32.446999999999996
30.47542830191959 32.3429
30.498504306502497 32.3345
30.521581577995562 32.4044
30.544660117543582 32.4516
30.56792024229725 32.4857
30.59100133132069 32.3516
30.614083691845494 32.4061
30.637167325018545 32.4464
30.660432587840603 32.4538
30.683518779717886 32.3536
30.70660624769615 32.4434
30.729694992924372 32.42
30.75296541239743 32.373000000000005
30.77605672557558 32.3943
30.799149319462742 32.2717
30.8224236211637 32.1716
30.845518789950724 32.0774
30.868615242910597 31.951999999999998
30.891712981195973 31.8896
30.91499247215866 31.8195
30.938092794619365 31.7707
30.96119440587579 31.6444
30.984297307082752 31.5261
31.00758200598383 31.4843
31.030687500658694 31.4727
31.053794288760695 31.4017
31.076902371446767 31.2658
31.100192296997445 31.4131
31.12330298246119 31.3549
31.14641496599209 31.2039
31.169528248749216 31.1758
31.19282341969534 31.1526
31.215939314557186 31.1352
31.239056512134788 31.1314
31.262175013589378 31.1434
31.28547544871168 31.0651
31.30859657161541 31.0356
31.331719001892175 31.0911
31.35484274070538 31.1573
31.378148458819545 31.2031
31.401274828443725 31.084
31.424402510106933 31.1307
31.447712205419993 31.2414
31.470842524931633 31.0739
31.493974159989783 31.009
31.51710711176168 31.0218
31.54042212308802 31.03
31.563557722100917 30.909000000000002
31.586694641341655 30.838
31.609832881979628 30.6968
31.63315322823208 30.6609
31.656294125521327 30.5865
31.679436347728515 30.4906
31.70257989602529 30.3727
31.725905596152327 30.3998
31.74905181052835 30.3199
31.772199354521323 30.3704
31.79534822930507 30.3418
31.818679302290967 30.3991
31.84183085259981 30.4334
31.864983737233473 30.3263
31.88813795736804 30.2778
31.911474422233013 30.2011
31.934631327356435 30.2615
31.9577895715215 30.2507
31.980949155906522 30.2516
32.004291031706956 30.2996
32.027453310562606 30.1319
32.05061693318573 29.9972
32.07396288236386 30.0832
32.09712920658542 29.8955
32.12029687812702 29.7624
32.14346589817093 29.7645
32.166817291729984 29.7636
32.18998902288583 29.683000000000003
32.21316210610336 29.6352
32.23633654256711 29.4474
32.259693399663725 29.4025
32.282870556771144 29.458000000000002
32.30604907069099 29.4153
32.329228942610065 29.3451
32.35259128243769 29.2453
32.375773884550505 29.125
32.398957848235646 29.1712
32.422143174682176 29.1268
32.445511016471215 28.9934
32.468699082679954 29.0069
32.49188851523011 28.9497
32.51507931531304 28.8507
32.538452678331 28.8701
32.56164622776311 28.7301
32.58484114831493 28.6244
32.60803744118015 28.7269
32.631416344731896 28.7111
32.654615396551876 28.7142
32.67781582427913 28.7255
32.701198898634416 28.5244
32.72440209253756 28.5
32.747606665947124 28.4426
32.77081262006088 28.3553
32.79420126883317 28.2934
32.81740999876112 28.3471
32.840620112999424 28.2634
32.86383161274818 28.2013
32.88722585534586 28.2829
32.91044014056596 28.1984
32.933655814909734 28.1291
32.95687287957963 28.0999
32.98027273544904 28.1153
33.00349259526636 28.0971
33.026713849030116 28.0816
33.04993649794511 28.0187
33.073341986570746 27.9583
33.09656744032826 27.9815
33.11979429286444 28.0214
33.14302254538647 27.9777
33.166433686291185 27.9092
33.18966475336992 27.8911
33.212897224069096 27.8116
33.23613109959831 27.8262
33.259547912343415 27.6761
33.2827846121627 27.75
33.306022720453775 27.6803
33.32926223842861 27.5617
33.352684742614166 27.6409
33.37592709463173 27.6405
33.399170859982064 27.5294
33.422597648419426 27.4206
33.44584425514446 27.2623
33.46909227885668 27.2699
33.4923417207723 27.191
33.51577423505344 27.2228
33.539026528130385 27.0678
33.56228024307245 27.0432
33.585535381098246 26.9767
33.60897364093058 26.9346
33.63223163992385 27.0042
33.6554910656699 26.8526
33.678751919389796 26.7839
33.702195944520106 26.7929
33.72545966903325 26.750999999999998
33.74872482519663 26.6925
33.771991414233746 26.7006
33.79544122444841 26.6298
33.81871069412428 26.5526
33.84198160035767 26.4568
33.86525394437455 26.5807
33.88870955949969 26.4906
33.911984794020626 26.436
33.93526147001624 26.4523
33.958539588715006 26.4101
33.98200102861669 26.3705
34.0052820477047 26.2825
34.02856451319451 26.1858
34.05203033759056 26.2168
34.07531571090147 26.2096
34.09860253431845 26.1608
34.121890809074316 26.1413
34.145362493118924 26.0267
34.16865368561615 25.9587
34.191946333164054 25.9388
34.21524043699793 25.9499
34.23871800066799 25.9137
34.26201503218366 25.7754
34.28531352370466 25.7152
34.30861347646881 25.7287
34.33209693978188 25.7455
34.3553998301885 25.7498
34.378704185565205 25.671
34.402010007152356 25.5709
34.42549939016683 25.5946
34.44880815937748 25.4709
34.472118398533134 25.3259
34.49543010887669 25.4132
34.51892543169198 25.3323
34.54224009966052 25.3275
34.56555624255917 25.3853
34.58887386163339 25.2501
34.61237514439016 25.1428
34.6356957311114 25.1065
34.65901779775809 25.2132
34.68252356662995 25.1194
34.705848608458616 25.058000000000003
34.72917513396849 25.0146
34.75250314440949 24.9635
34.77601490857862 24.8935
34.799345904259795 24.8802
34.82267838863559 24.921
34.846012362958525 24.8399
34.869530142679984 24.8588
34.89286711232212 24.7952
34.91620557568269 24.8081
34.93954553401677 24.709
34.9630693495876 24.6094
34.986412313340814 24.7112
35.00975677584668 24.6429
35.033102738362956 24.5567
35.05663261012228 24.4929
35.0799815881786 24.5221
35.10333207003229 24.458000000000002
35.12668405694369 24.4321
35.150220005273056 24.4049
35.17357501786656 24.3703
35.19693153931268 24.3782
35.220289570874385 24.3875
35.24383161619786 24.339000000000002
35.267192683604904 24.301
35.290555264930376 24.2964
35.314101899412165 24.2654
35.33746752422433 24.2084
35.36083466676374 24.2269
35.38420332829803 24.1558
35.407756095629054 24.1755
35.43112781085063 24.1557
35.45450104888391 24.1074
35.477875810999194 24.1047
35.50143473172161 24.0752
35.52481255774625 24.0351
35.54819191167777 23.9338
35.57157279478914 23.8998
35.595137889488406 23.8591
35.61852184675279 23.8796
35.641907337029984 23.794
35.665294361595684 23.769000000000002
35.68886565090076 23.7432
35.7122557598848 23.6978
35.73564740699838 23.695
35.759040593519934 23.6671
35.78261809810353 23.6173
35.80601437933051 23.5163
35.829412203814705 23.4286
35.85281157283719 23.4662
35.876395313415884 23.4818
35.8997977874528 23.3373
35.92320180988546 23.3283
35.946790244133936 23.2872
35.97019737933222 23.3008
35.993606066789866 23.2276
36.01701630779276 23.2106
36.04061101440684 23.17
36.06402437852291 23.1532
36.08743930005611 23.1422
36.1108557802951 23.0164
36.13445678011326 23.0473
36.15787639383515 22.9521
36.18129757014299 22.9505
36.20472031032821 22.9633
36.22832762423364 22.8464
36.25175350829375 22.8511
36.275180960119776 22.7778
36.298609981005924 22.8377
36.32222362992669 22.8309
36.34565580510207 22.7316
36.36908955323448 22.7632
36.39252487562093 22.4775
36.416144880530226 22.5797
36.43958336764275 22.605999999999998
36.463023432914625 22.6214
36.486465077645676 22.5353
36.51009145956204 22.5761
36.53353627947859 22.5223
36.55698268276811 22.5054
36.58043067073321 22.5261
36.60406345072071 22.3165
36.62751462435344 22.2817
36.65096738658405 22.2869
36.67460498210655 22.2699
36.69806093788647 22.2965
36.72151848619297 22.2461
36.744977628333636 22.1678
36.76862165890998 22.0648
36.79208400512205 22.1023
36.81554794910557 22.0683
36.83901349217101 21.9939
36.862663978991606 21.9267
36.88613273667352 21.9682
36.90960309738324 21.8484
36.933075062434064 21.8561
36.95673202673572 21.8587
36.98020721697122 21.7902
37.003684015502365 21.7542
37.027162423645365 21.7209
37.050825886711465 21.7417
37.07430753063053 21.7257
37.09779078812467 21.6156
37.121275660513014 21.5767
37.144945643673694 21.4729
37.16843376245278 21.5486
37.19192350009803 21.5064
37.215414857931435 21.4711
37.239091382563885 21.4253
37.262585997426164 21.4566
37.28608223645736 21.4284
37.309763684451696 21.3695
37.33326318851098 21.3202
37.356764320726555 21.3113
37.380267082425526 21.3264
37.40395510942588 21.2572
37.42746114683234 21.163
37.45096881771841 21.1266
37.474478123414166 21.1644
37.49817275092816 21.0702
37.52168534303452 21.0712
37.54519957395567 20.9695
37.568715445024665 21.0305
37.592416694607714 20.9586
37.61593586281424 20.9829
37.63945667518264 21.0146
37.66297913304891 20.8002
37.68668702630454 20.7977
37.710212792059274 20.7399
37.733740207334854 20.785999999999998
37.757269273470364 20.7064
37.780983832050374 20.673000000000002
37.80451621684926 20.6663
37.82805025654007 20.616999999999997
37.851585952464795 20.6036
37.8753071980695 20.4811
37.89884622345676 20.4725
37.92238690911902 20.4017
37.94611318753442 20.3921
37.969657210779765 20.3659
37.99320289834801 20.4351
38.016750251586465 20.3858
38.04048325513017 20.3286
38.06403395679343 20.3161
38.087586328183946 20.2301
38.11114037065203 20.2455
38.13488012115898 20.2907
38.1584375229181 20.1965
38.181996599821 20.1187
38.205557353221124 20.1012
38.229303872575656 20.0503
38.2528679961576 20.0923
38.27643380031219 20.0453
38.30000128639589 19.9727
38.32375459653193 20.0045
38.34732546371299 19.9532
38.37089801690786 19.8513
38.39447225747609 19.8617
38.418232380377425 19.7878
38.441810012983396 19.8474
38.46538933705673 19.758
38.488970353960084 19.7592
38.51273731166058 19.7103
38.536321731567014 19.6515
38.55990784840681 19.5742
38.58367995004091 19.5882
38.60726947812959 19.5268
38.63086070726198 19.4591
38.654453638806274 19.4961
38.678232613930824 19.4404
38.70182896773327 19.3722
38.72542702806741 19.3713
38.7490267963045 19.4019
38.77281266709232 19.3285
38.79641586862214 19.3484
38.8200207821842 19.1886
38.843627409152944 19.2434
38.86742019782782 19.2333
38.891030269149255 19.1825
38.914642058016156 19.1784
38.938255565806124 19.1579
38.96205529464307 19.1078
38.98567225787121 19.0576
39.00929094417078 19.0715
39.03291135492255 19.0548
39.05671804624804 19.035999999999998
39.080341923549106 18.9221
39.103967529460334 18.8656
39.127594865365744 18.8321
39.15140854155791 18.8424
39.17503935514948 18.8672
39.19867190290282 18.7705
39.22249083587951 18.7592
39.24612686969409 18.6911
39.269764641845306 18.6549
39.293404153722804 18.6721
39.317230110864074 18.6351
39.34087311998506 18.57
39.36451787301696 18.509
39.388164371352595 18.4794
39.41199737518003 18.5372
39.43564738196752 18.5268
39.45929913825317 18.4554
39.48295264543308 18.3845
39.506792718520884 18.3877
39.530449745387216 18.3687
39.55410852735203 18.3798
39.57776906581474 18.3376
39.60161623079 18.2587
39.625280300200025 18.327
39.64894613032202 18.2057
39.67261372255866 18.2202
39.6964680021016 18.1281
39.72013913657293 18.1324
39.74381203738292 18.2077
39.76748670593756 18.1434
39.79134812278169 18.0698
39.81502634488497 18.0082
39.83870633896685 18.0317
39.862388106436654 17.9012
39.88625668336918 17.9347
39.90994201572829 18.007
39.933629125719285 17.9089
39.957503091207826 17.8751
39.9811937746168 17.8715
40.00488623990914 17.7889
40.02858048850006 17.7757
40.05246165409549 17.7606
40.076159487492085 17.6925
40.099859108448875 17.7398
40.123560518384345 17.6247
40.1474489070226 17.6193
40.171153913178564 17.6293
40.194860712584955 17.6089
40.2185693066637 17.4954
40.242464941335314 17.4611
40.26617714307655 17.509
40.289891143772046 17.4636
40.3136069448471 17.4577
40.33750984859743 17.4566
40.3612292688043 17.3563
40.3849504936829 17.3377
40.40867352466194 17.3671
40.43258372059144 17.3356
40.45631038219906 17.3005
40.48003885420956 17.199
40.503769138055105 17.2463
40.52768664931955 17.2317
40.55142057531802 17.1504
40.57515631746428 17.1391
40.599079334038514 17.146
40.62281872700477 17.0495
40.64655994043941 16.9865
40.67030297578061 17.0288
40.69423334835778 16.984
40.71798004609188 16.9361
40.74172857006355 16.9283
40.76547892171441 16.9568
40.7894166736039 16.9503
40.813170699248566 16.8565
40.83692655691388 16.8095
40.86068424804498 16.7834
40.884629402612525 16.7881
40.908390779366385 16.7894
40.932153993938 16.7253
40.95591904777605 16.7107
40.979871628443995 16.743
41.003640379561936 16.6358
41.02741097430883 16.6575
41.05118341413683 16.6104
41.075143444384416 16.6177
41.098919593177826 16.592
41.1226975914255 16.5205
41.14647744058318 16.4871
41.170444943946755 16.4016
41.19422851378379 16.4978
41.218013938914645 16.4506
41.24198706625173 16.3788
41.26577622087193 16.3297
41.289567235177785 16.3243
41.31336011063129 16.3155
41.337340752422875 16.2479
41.361137369129835 16.3243
41.38493585138705 16.2298
41.40873620066004 16.1715
41.43272438060107 16.1507
41.45652848292052 16.1331
41.48033445666918 16.1024
41.50414230331616 16.0666
41.528138045159764 16.0538
41.551949656675205 15.9833
41.575763145513235 16.0
41.59957851314666 15.9894
41.62358184070442 15.8753
41.64740098505737 15.9298
41.6712220126409 15.9084
41.69504492493139 15.9067
41.71905586207357 15.8226
41.74288256296395 15.8175
41.766711153007456 15.7557
41.79054163368412 15.7821
41.814560204340054 15.7384
41.838394485526365 15.76
41.86223066180303 15.6915
41.88625497706819 15.6468
41.910094962812 15.6342
41.93393684811168 15.6304
41.95778063445365 15.5522
41.981812625263366 15.526
42.00566023303407 15.491
42.029509746323676 15.4464
42.05336116662236 15.4575
42.077400857069705 15.4077
42.10125611078846 15.4358
42.12511327600405 15.4091
42.14897235421036 15.3418
42.173019768448455 15.3431
42.19688269209613 15.3371
42.22074753323349 15.2725
42.24461429335818 15.3083
42.268669455600495 15.2449
42.292540073217886 15.2344
42.31641261433284 15.2382
42.34028708044675 15.161
42.36435001496739 15.1481
42.38822835065557 15.1459
42.41210861586426 15.0988
42.4359908120986 15.0534
42.46006154323262 15.0394
42.48394762115317 14.9799
42.507835634632315 14.9998
42.531912233047436 14.9746
42.55580413732265 14.9714
42.579697981698 14.9095
42.60359376768525 14.8697
42.62767820545945 14.8464
42.65157789440821 14.8774
42.67547952952185 14.7736
42.699383112316 14.7812
42.72347541395347 14.6878
42.74738291190531 14.6843
42.771292362102166 14.7456
42.795203766063516 14.7096
42.819303956130405 14.6065
42.843219287476536 14.6608
42.86713657716324 14.5939
42.89105582671383 14.6183
42.91516392983864 14.5992
42.939087119032166 14.5676
42.963012272677304 14.5099
42.98693939230129 14.4549
43.01105543317513 14.4147
43.034986504731386 14.4235
43.05891954686589 14.4123
43.08285456110972 14.3972
43.10697856448665 14.3547
43.130917542983475 14.3166
43.15485849820081 14.3413
43.17880143167367 14.3006
43.20293342237094 14.222999999999999
43.226880332449 14.2497
43.25082922540554 14.2214
43.27496722682525 14.2181
43.29892010567796 14.1713
43.32287497204102 14.1449
43.34683182745632 14.1283
43.370977859791836 14.0891
43.39493871351105 14.0453
43.41890156092628 14.0922
43.44286640358341 14.0095
43.46702049182749 14.0204
43.49098934522816 14.0238
43.51496019852649 13.9314
43.5389330532723 13.9349
43.56309522248204 13.8953
43.58707210044314 13.8429
43.61105098451946 13.8659
43.63503187626491 13.8276
43.659202151562134 13.7585
43.68318707902681 13.7791
43.70717401884041 13.8088
43.731162972560874 13.6986
43.75534137913236 13.6778
43.779334381108384 13.68
43.803329401683186 13.6316
43.82732644241872 13.6378
43.8515130055166 13.6358
43.87551410707659 13.5858
43.89951723350145 13.6153
43.923709934595614 13.5599
43.94771713129917 13.4937
43.97172635758096 13.5435
43.99573761501002 13.4765
44.0199385169922 13.4267
44.04395385732619 13.466
44.067971233533086 13.4298
44.09199064718605 13.3939
44.11619977548961 13.3337
44.14022328470671 13.329
44.16424883610785 13.3055
44.18827643127035 13.3175
44.21249381139513 13.3105
44.236525514814076 13.2355
44.26055926674478 13.244000000000002
44.28459506876863 13.2348
44.3088207262813 13.1503
44.33286064928722 13.1582
44.35690262714919 13.1549
44.38094666145278 13.0384
44.4051806219871 13.1072
44.42922879003185 13.0801
44.45327901929361 13.0068
44.477331311362136 13.0112
44.501573600619416 12.9885
44.525630039221795 12.9543
44.54968854541895 12.9125
44.573937102200176 12.9185
44.5979997645541 12.8708
44.622064499300315 12.8826
44.64613130803592 12.8243
44.67038823869318 12.8194
44.69445921643748 12.8069
44.718532272981385 12.7708
44.742607409926194 12.8093
44.76687274034801 12.789000000000001
44.79095205918753 12.7246
44.81503346325094 12.7137
44.839116954143876 12.696
44.86339071028742 12.6893
44.88747839599524 12.623
44.91156817336837 12.6151
44.93566004401666 12.5865
44.959942251908146 12.5806
44.984038330325966 12.5492
45.00813650686762 12.5205
45.03223678314731 12.503
45.05652746888232 12.4738
45.08063196592069 12.4588
45.104738567558705 12.4175
45.128847275414856 12.4172
45.15314646515866 12.3988
45.17725940679741 12.3883
45.20137445952892 12.3395
45.22568004865265 12.3523
45.24979934496396 12.3209
45.27392075725247 12.2467
45.29804428714431 12.2584
45.322358426247604 12.2479
45.346486212804315 12.2578
45.370616121861914 12.1956
45.39474815505086 12.1356
45.41907087049246 12.1215
45.4432071734666 12.1451
45.46734560548283 12.1152
45.49148616817604 12.0657
45.51581748638564 12.0583
45.5399623320197 12.0531
45.56410931325473 12.0364
45.58825843173002 12.0291
45.61259837920865 11.9811
45.636751793816 11.993
45.66090735060093 11.9238
45.68506505120716 11.9213
45.7094136545275 11.9247
45.73357566449271 11.8532
45.75773982322992 11.8382
45.78190613238733 11.8364
45.806263418194064 11.7493
45.83043404997326 11.7869
45.85460683713677 11.786
45.87897065658495 11.7411
45.90314777634752 11.6759
45.92732705646868 11.7123
45.9515084986045 11.6889
45.97588104735473 11.6591
46.00006683541565 11.6216
46.02425479047904 11.6223
46.04844491420549 11.5849
46.0728262191024 11.6056
46.09702070211635 11.5826
46.12121735879483 11.5528
46.14541619080294 11.5124
46.169806278764455 11.5405
46.194009483459034 11.4719
46.21821486849841 11.4596
46.24242243555223 11.4204
46.266821333570014 11.3907
46.29103328674601 11.4001
46.31524742696538 11.3721
46.33946375590237 11.3597
46.36387149104216 11.3044
46.38809221957392 11.2834
46.41231514186606 11.3024
46.436540259597464 11.3127
46.460956858999374 11.2417
46.48518638983522 11.2073
46.509418121166966 11.1801
46.533652054678114 11.2023
46.55807754555709 11.175
46.58231590571962 11.1641
46.60655647313217 11.142999999999999
46.630988654873654 11.1234
46.655233659129024 11.0824
46.67948087571551 11.0495
46.70373030632484 11.0355
46.72817142736393 11.0707
46.752425308428684 10.9923
46.77668140861147 10.9572
46.80093972960865 10.9564
46.82538981736788 10.9178
46.849652602470904 10.8979
46.87391761349769 10.8865
46.8981848521493 10.9003
46.9226439341274 10.8493
46.946915650573224 10.835999999999999
46.97118959976749 10.8106
46.99546578341598 10.7921
47.019933887188216 10.7594
47.04421456235744 10.7722
47.06849747711879 10.7481
47.09278263318286 10.6939
47.11725978640143 10.7051
47.14154944775105 10.6653
47.165841355555656 10.6857
47.1901355115306 10.6385
47.214621741924994 10.6251
47.23892041698887 10.6291
47.26322134538975 10.6081
47.28771440635075 10.5815
47.31201986422527 10.5408
47.33632758061436 10.5272
47.360637557241866 10.5148
47.38513974410611 10.4822
47.40945426407847 10.4547
47.43377104948137 10.460999999999999
47.45809010204344 10.4653
47.48260144275502 10.3843
47.506925052572285 10.3589
47.53125093475548 10.3613
47.55557909103813 10.3631
47.58009961361992 10.3344
47.60443234110732 10.2905
47.62876734791564 10.2754
47.65310463578333 10.2632
47.6776343683373 10.2766
47.7019762413987 10.217
47.72632040075572 10.1887
47.75066684815169 10.1796
47.77520581885936 10.1567
47.799556865477655 10.1317
47.823910205386 10.135
47.84826584033272 10.1078
47.87281407745551 10.081
47.89717432569297 10.1414
47.92153687423484 10.0854
47.94609208429692 10.0509
47.97045925671401 10.0111
47.99482873471275 10.0202
48.01920052005013 10.0165
48.04376504619224 9.95524
48.068141469543484 9.9704
48.09252020552573 9.96245
48.11690125590099 9.908610000000001
48.1414751266064 9.88534
48.16586082917454 9.90175
48.19024885144316 9.863480000000001
48.2146391951793 9.84934
48.239222439012764 9.82998
48.26361744916137 9.79295
48.28801478610016 9.83033
48.31241445160131 9.806519999999999
48.337007097209366 9.80809
48.36141144338331 9.81172
48.38581812345755 9.73091
48.41022713920929 9.707180000000001
48.434829215320704 9.70761
48.45924292604658 9.68498
48.48365897780325 9.628960000000001
48.50807737237308 9.60388
48.532688907799276 9.62953
48.55711201168574 9.58844
48.581537463754074 9.61914
48.60615611725119 9.58501
48.63058628942721 9.53288
48.65501881516546 9.54331
48.6794536962573 9.516639999999999
48.70408185970339 9.49093
48.72852147531801 9.470369999999999
48.75296345168211 9.45139
48.77740779059232 9.460339999999999
48.80204549302823 9.47086
48.82649458091802 9.43162
48.85094603676547 9.39286
48.87539986237231 9.36185
48.90004713292306 9.34126
48.92450572200832 9.34305
48.94896668628025 9.30462
48.97343002754588 9.28315
48.99808689542115 9.28781
49.02255501470614 9.30955
49.04702551642794 9.236410000000001
49.0714984023988 9.25109
49.096164896893235 9.19615
49.120642575466796 9.20916
49.145122643748394 9.148
49.16960510355558 9.16668
49.19428125404938 9.16122
49.2187685210852 9.1251
49.243258185121555 9.04885
49.26794160167084 9.11008
49.2924360839405 9.068019999999999
49.31693296869764 9.05655
49.34143225776915 9.04053
49.36612538195438 9.020710000000001
49.39062950396021 9.033719999999999
49.41513603578346 8.993839999999999
49.4396449792564 8.96649
49.46434784069503 8.93851
49.488861631846454 8.93173
49.513377840166804 8.91328
49.537896467493745 8.87006
49.56260909589029 8.83717
49.587132585683285 8.870460000000001
49.611658500018365 8.83335
49.636186840738596 8.81715
49.66090926588511 8.82029
49.685442483902584 8.77095
49.70997813385706 8.737860000000001
49.734516217597076 8.7285
49.75924846937352 8.723289999999999
49.7837914452858 8.75027
49.80833686055187 8.72898
49.83288471702571 8.685989999999999
49.85762682540054 8.70482
49.882179588965734 8.64762
49.9067347993235 8.64851
49.93129245833333 8.67377
49.95604445336378 8.63625
49.98060703442832 8.604569999999999
50.005172069746266 8.57312
50.02993150438364 8.56203
50.05450147301533 8.563419999999999
50.07907390151433 8.532910000000001
50.10364879174981 8.48602
50.12841816587289 8.4883
50.1529980044635 8.45421
50.17758031042124 8.45097
50.20216508562089 8.465860000000001
50.22694442953363 8.43555
50.25153416817468 8.42685
50.27612638170508 8.411810000000001
50.300721072005196 8.34043
50.325510416102105 8.36808
50.350110084975064 8.32668
50.37471223628208 8.380180000000001
50.39931687190919 8.32616
50.424116246675766 8.349860000000001
50.44872587605249 8.263119999999999
50.47333799543065 8.28155
50.49795260670191 8.2806
50.52276204271512 8.21838
50.54738166295838 8.195969999999999
50.57200378079314 8.21016
50.596628398116835 8.18492
50.62144792604559 8.16618
50.646077567609396 8.14986
50.670709714377715 8.14648
50.69553683636198 8.129760000000001
50.72017401885922 8.11333
50.7448137122895 8.10155
50.76945591856022 8.08734
50.79429318636823 8.11539
50.818940443716784 8.069189999999999
50.84359021965163 8.03443
50.868242516085964 8.00933
50.893089960641895 8.00282
50.917747323549435 7.952610000000001
50.94240721271973 7.94698
50.96706963007175 7.93545
50.99192728239342 7.943410000000001
51.01659478166073 7.973210000000001
51.04126481489051 7.930969999999999
51.06593738400761 7.9077399999999995
51.090805275207074 7.873360000000001
51.11548294172845 7.85722
51.14016314993547 7.8547
51.164845901758845 7.8304
51.18972406304274 7.777989999999999
51.21441192780656 7.788889999999999
51.23910234200271 7.79555
51.2637953075678 7.75992
51.288683770237945 7.753419999999999
51.31338186432707 7.72416
51.33808251561888 7.738239999999999
51.362978729967345 7.749510000000001
51.387684521509755 7.71077
51.41239287610203 7.66904
51.437103795691165 7.660660000000001
51.46201036644977 7.61693
51.486726441956634 7.643269999999999
51.51144508832545 7.61257
51.536166307509156 7.6407300000000005
51.56108326624387 7.572539999999999
51.58580965706056 7.54672
51.61053862657523 7.540210000000001
51.635270176746864 7.52548
51.66019755512065 7.48493
51.68493429268881 7.46978
51.70967361681515 7.47958
51.73441552946465 7.492260000000001
51.759353359237934 7.45666
51.7841004750961 7.43059
51.80885018539685 7.40658
51.833602492111254 7.38997
51.8585508051424 7.39942
51.883308330926425 7.3718
51.90806845906181 7.340389999999999
51.932831191525715 7.33599
51.95779001977161 7.315410000000001
51.98255798721516 7.26432
52.00732856494335 7.29545
52.03229530577543 7.25586
52.057071130455945 7.268489999999999
52.081849571391054 7.26835
52.106630630568695 7.225160000000001
52.13160794279417 7.194610000000001
52.15639426492067 7.219310000000001
52.18118321127822 7.20413
52.205974783860896 7.15591
52.23096269971011 7.1654800000000005
52.255759551287994 7.13777
52.280559035098186 7.11159
52.30536115314103 7.13675
52.33035970494467 7.106330000000001
52.35516711807904 7.11257
52.37997717147198 7.09985
52.40478986713005 7.09996
52.42979908731974 7.0627699999999995
52.454617094216 7.01968
52.47943774942214 7.04437
52.50426105495102 7.002730000000001
52.529280976059844 6.975639999999999
52.554109609024096 6.97353
52.57894089837482 6.99608
52.60377484613117 6.9904
52.62880550079408 6.94917
52.65364479223379 6.910880000000001
52.67848674816189 6.8722199999999996
52.70352547971946 6.868360000000001
52.72837279155837 6.898160000000001
52.753222773982785 6.87047
52.778075429022984 6.876580000000001
52.80312495150885 6.88127
52.827982978797436 6.816139999999999
52.85284368481815 6.810810000000001
52.87770707160767 6.77945
52.90276741793998 6.75813
52.92763619336701 6.74251
52.952507655698504 6.7566
52.977381806977576 6.734389999999999
53.00245301017842 6.734189999999999
53.02733256653592 6.710839999999999
53.052214817996074 6.72545
53.077099766608484 6.657260000000001
53.102181859804446 6.667660000000001
53.127072229988265 6.65265
53.15196530349892 6.61866
53.17686108239249 6.61218
53.20195409881522 6.631460000000001
53.22685531582556 6.616619999999999
53.25175924441303 6.56261
53.27666588664027 6.62149
53.30176985962693 6.5497
53.3266819565689 6.56522
53.35159677336455 6.530819999999999
53.376514312083096 6.508859999999999
53.40162927507703 6.507680000000001
53.42655228516116 6.48445
53.45147802340193 6.42791
53.47660125628886 6.41414
53.50153247842639 6.422540000000001
53.52646643496923 6.4134
53.55140312799818 6.41432
53.576537409691696 6.40212
53.60147960336152 6.36378
53.626424539786164 6.35341
53.65137222105307 6.326980000000001
53.67651758529126 6.33283
53.70147078399681 6.30636
53.72642673383343 6.35746
53.75138543689533 6.31668
53.776541917524526 6.27303
53.801506154876755 6.28292
53.826473151763246 6.2624699999999995
53.851442910284916 6.235609999999999
53.87661054126026 6.25667
53.9015858509782 6.2049199999999995
53.92656392866066 6.193219999999999
53.95154477641532 6.19895
53.976723591801296 6.169490000000001
54.00171000771266 6.17638
54.02669920004598 6.17261
54.051691170915745 6.16367
54.076881204886796 6.13572
54.101878760928514 6.1410800000000005
54.12687910187696 6.0972800000000005
54.152077577768296 6.051769999999999
54.1770835166946 6.02442
54.20209224691339 6.017930000000001
54.22710377055121 6.066269999999999
54.25231352511594 6.03452
54.27733066384342 6.000719999999999
54.30235060239643 5.988230000000001
54.32737334290836 5.99291
54.35259441062629 5.96309
54.377622783395324 5.93332
54.40265396455061 5.92696
54.42768795623251 5.88474
54.45292037169559 5.85918
54.477960012857906 5.88553
54.50300247099511 5.89275
54.52804774825457 5.888669999999999
54.55329154616743 5.78224
54.57834249018678 5.7964
54.6033962597977 5.75502
54.6284528571545 5.77234
54.653708072335164 5.72969
54.67877035378786 5.70793
54.70383546947698 5.6624300000000005
54.72890342156389 5.72045
54.7541700889442 5.65621
54.77924374251975 5.65608
54.8043202390049 5.62407
54.82959552413022 5.57289
54.8546777351945 5.52977
54.87976279569621 5.5558
54.90485070780914 5.55207
54.930137506558005 5.5702300000000005
54.95523115074295 5.55089
54.98032765308844 5.48152
55.005427015775496 5.4599
55.03072536339621 5.49805
55.05583047570572 5.39385
55.080938454927676 5.37765
55.10604930325027 5.3915
55.131359235107396 5.38226
55.15647585066083 5.34511
55.181595341907496 5.35374
55.20671771104285 5.2923599999999995
55.232039262617704 5.23921
55.25716741665048 5.26818
55.28229845518636 5.26556
55.30743238042802 5.17405
55.33276558731939 5.19074
55.357905315183636 5.24111
55.383047936390035 5.11816
55.40819345314859 5.072769999999999
55.433538351073295 5.04937
55.458689688238415 5.09157
55.483843927614096 5.07586
55.509197623043605 5.047
55.53435769621134 5.00557
55.55952067826466 4.9393400000000005
55.5846865714265 5.0018400000000005
55.61005202069737 4.91423
55.63522376553902 4.9826
55.66039842818645 4.90606
55.68557601087004 4.8907099999999994
55.7109532500271 4.8276900000000005
55.73613670233794 4.85267
