TT I
1.2716486653135266 6.743989999999999
1.2939594142134223 6.64427
1.3162702121660406 6.844069999999999
1.3385810600174564 5.67675
1.3608919586137629 5.95972
1.383202908801069 6.00168
1.405513911425503 5.4075
1.4278249673332093 5.84244
1.4501343378461518 5.85485
1.4724455028545926 5.62919
1.4947567236847858 5.56778
1.517068001182951 5.90744
1.5393793361953272 5.20901
1.5616907295681737 4.49259
1.5840021821477681 4.8221
1.60631369478041 4.456980000000001
1.6286252683124185 4.58898
1.6509369035901333 4.24734
1.6732468618895553 4.58804
1.695558623192809 4.36645
1.7178704487808514 4.85954
1.7401823395001077 4.64328
1.7625012545597203 4.761419999999999
1.7848028405262486 4.98062
1.8071218901122095 5.32149
1.8294236121921872 4.53975
1.8517427996910911 4.43421
1.8740620574440425 3.8018400000000003
1.8963639900671978 4.41052
1.9186833908139995 3.9363699999999997
1.9409854680117449 4.97853
1.9633050151394713 4.09247
1.9856246367570705 4.35608
2.0079269371922672 4.25876
2.03024671027244 3.96939
2.0525491637446027 4.54999
2.074869091674931 4.28032
2.097171701569106 3.87923
2.1194917877373847 4.46791
2.141811954326636 4.53656
2.164114805233074 4.4108
2.186435135143035 4.39684
2.208738150935709 5.4759400000000005
2.231058647554722 7.16023
2.2533792288321184 6.654380000000001
2.275682498336085 5.49207
2.298003251406138 5.30879
2.3203066942619714 5.18599
2.3426276225136022 5.6813199999999995
2.3649486396617507 5.13521
2.387252348930071 5.58729
2.4095735463442893 5.9618400000000005
2.4318774374315884 5.60612
2.4541988185014043 5.69833
2.476502894794693 7.02065
2.498824462909887 7.939989999999999
2.521146125856138 7.396139999999999
2.5434504863470337 7.54448
2.5657723414244717 8.343169999999999
2.588076895590662 8.95428
2.610398946189713 8.51027
2.6327210958598384 8.00577
2.6550259469304716 8.58542
2.6773482972090137 7.8885
2.6996533504259 8.63095
2.7219759047039602 8.83997
2.744298562293959 8.60496
2.7666039251246595 8.44645
2.7889267918020164 7.98762
2.8112323652516555 8.416910000000001
2.833555444408179 8.58114
2.8558786311183852 8.35379
2.8781845268938557 8.778030000000001
2.9005079311721484 8.93015
2.9228140460410397 9.08142
2.9451376712799635 9.78881
2.967444008632326 9.00976
2.9897678582247247 9.875
3.0120918213106695 10.2831
3.0343984987899373 10.8025
3.0567226913198637 10.9003
3.079029599759726 11.8231
3.101354025127254 11.8449
3.123678568232338 13.1139
3.145985829517914 12.7908
3.16831061055229 13.6457
3.1906181112775593 13.9765
3.212943133635653 14.279000000000002
3.2352682779763207 14.7847
3.2575761442691227 15.2393
3.2799015350264273 15.2237
3.302209649240067 15.5188
3.3245352898092655 16.1071
3.3468436553365257 17.1932
3.369169549113219 16.9862
3.3914955708171384 17.6838
3.413804319727358 18.1763
3.4361305997334863 18.9489
3.4584396084414553 19.2742
3.4807661501462652 19.9353
3.503092824025881 19.8872
3.5254022288463154 20.3574
3.5477291695206588 20.718000000000004
3.5700388426251948 21.0912
3.5923660534916446 20.8934
3.6146934007816114 22.4419
3.637003482731501 28.1576
3.6593311053109985 30.3898
3.681641464033634 26.8713
3.7039693653009733 24.0313
3.726297407241705 24.142
3.7486081875460804 24.0478
3.7709365132734978 24.6067
3.793247578841633 25.1603
3.8155761917550093 25.267
3.8378875459837216 25.5323
3.8602164494827234 26.2776
3.882545499606844 27.0033
3.9048572932539183 27.4721
3.9271866390645718 27.5611
3.9494987298666713 28.3279
3.971828374764527 28.6987
3.9941581705403255 29.1698
4.016470713506008 29.5093
4.038800813471445 30.0972
4.061113662089144 30.8596
4.0834440696459176 31.4105
4.105774632334751 31.4589
4.128087945865126 31.8669
4.150418821249301 32.904
4.172732448931298 33.3017
4.195063640413578 34.6426
4.2173775856475215 35.8239
4.239709096631102 37.9881
4.262040768704612 52.0693
4.284355196706267 64.6182
4.306687193387355 57.1359
4.329001947444346 44.3384
4.35133427213731 40.2804
4.373666762177566 40.8096
4.395982011761091 41.2357
4.418314834921175 41.9315
4.44063041906622 43.0914
4.4629635787515625 44.9881
4.4852969080429785 46.2522
4.5076130004776225 46.1225
4.529946671403969 46.7963
4.552263106909177 46.8502
4.574597122877047 48.571000000000005
4.596931312711224 49.7038
4.619248269273446 50.3983
4.6415828092605835 51.0433
4.663900117405352 52.4176
4.686235010953232 53.8971
4.708552674085913 55.208
4.730887924602802 56.4719
4.753223354952695 57.4996
4.775541557023902 58.8156
4.797877349456786 60.5212
4.820195915032126 62.8753
4.842532072957498 64.1923
4.864868414979744 65.6103
4.88718753227192 67.6124
4.909524244902505 69.4465
4.931843734218147 71.3536
4.954180820867835 73.9157
4.976518095879839 76.4509
4.998838149695359 79.4958
5.021175803844231 83.015
5.043496238205739 85.4384
5.065834274903528 89.3456
5.088172504230693 92.7713
5.1104935158799565 97.39399999999999
5.132832132875765 105.375
5.155153533596801 117.569
5.1774925416746225 136.77700000000002
5.199814334878411 228.27900000000002
5.2221537374521505 775.025
5.244493338631803 2430.72
5.266815727034316 7094.43
5.289155727832427 13431.1
5.311478517248165 9580.03
5.333818921080011 3357.7
5.356159527788849 716.015
5.3784829252032536 220.975
5.400823940070432 147.411
5.423147747031976 124.294
5.445489173474152 113.705
5.467830807066149 107.96799999999999
5.490155234831516 103.84100000000001
5.512497285125229 100.77799999999999
5.534822130975162 99.0464
5.557164601388673 97.1353
5.579489868738879 93.9295
5.601832762690846 92.7814
5.6241758697774475 91.6818
5.646501775867269 91.3932
5.668845311622074 90.4118
5.691171647754637 89.4244
5.713515615597765 88.3029
5.735859800852677 87.5188
5.758186788542988 86.8647
5.780531411018185 87.0424
5.802858837297399 86.1683
5.825203900414495 85.7622
5.8475491852224 86.5651
5.869877275883075 86.6798
5.892223006467101 87.8133
5.914551544266608 88.1278
5.936897724049891 90.2656
5.959244129804903 94.675
5.981573344815301 105.896
6.0039202049061 160.16899999999998
6.026249875609095 382.16
6.04859719346037 865.248
6.070927323278297 2037.52
6.093275102315365 4534.77
6.115623113320588 5735.61
6.137953938319995 3566.74
6.160302415650845 1060.76
6.182633708324452 241.19
6.2049826554078376 109.889
6.227331838745022 87.33200000000001
6.249663839443684 79.873
6.27201349767565 75.5318
6.294345974611799 73.6384
6.316696111167083 72.8881
6.339046488263839 72.0485
6.361379686074702 68.7562
6.383730546639482 65.9347
6.406064229255215 64.5791
6.428415576718203 64.0944
6.450749747566656 63.1457
6.47310158535871 62.3988
6.495453669698332 61.7659
6.517788579421056 61.0855
6.540141159237969 60.1414
6.562476565766648 59.3737
6.5848296444934045 58.6679
6.607182974060425 58.0427
6.6295191323281015 57.608000000000004
6.651872965955752 57.5628
6.6742096296068985 58.4904
6.6965639707294615 62.7319
6.71891856698715 64.0543
6.741255995248479 60.1396
6.763611104154477 56.1712
6.785949046381137 55.0984
6.808304671371482 54.0472
6.8306605557940046 54.1203
6.852999275508618 53.8432
6.875355681171544 53.2315
6.897694923437771 53.2527
6.92005185377892 53.1839
6.9423916220322655 53.2213
6.964749080490181 52.6575
6.987106804399774 52.5952
7.009447368180821 52.245
7.031805625367033 52.1435
7.054146723727803 52.3527
7.076505517631004 51.9894
7.098864581288365 51.9643
7.121206488070854 51.5973
7.143566093607822 51.1744
7.165908543567245 51.3999
7.188268694426048 51.2413
7.2106291193438095 51.2216
7.232972390625943 51.0895
7.255333366030969 51.5795
7.277677189091925 55.2779
7.300038718428332 61.5303
7.322400526130865 61.5532
7.344745183422596 56.1079
7.367107550224791 52.3174
7.389452767901992 51.4713
7.411815697249891 51.6043
7.434161478756298 51.082
7.456524974096713 51.3374
7.478888753837185 51.711999999999996
7.501235387657368 53.4812
7.523599738562711 60.0637
7.545946944825532 72.8196
7.568311870344528 77.3406
7.5906770845765665 68.4702
7.613025156078678 57.6453
7.635390950099687 53.8406
7.657739602662809 52.685
7.680105979923558 52.3555
7.702472650212829 52.6953
7.724822180948224 52.8442
7.747189439655568 53.3256
7.769539560075357 53.4354
7.791907410653562 53.8215
7.81425812420825 53.5337
7.836626570110925 53.5523
7.858995315087906 53.9532
7.881346924933401 54.5906
7.903716270417482 55.1465
7.926068482028405 55.5056
7.948438431475253 55.8602
7.9708086843180235 56.8236
7.993161805171116 57.3663
8.015532667162402 57.1924
8.037886398416653 58.2005
8.060257873014221 58.575
8.082629655331942 59.3453
8.104984308787587 59.9865
8.127356708900503 60.8935
8.149711981398308 62.2789
8.172085002766314 63.2986
8.194458336181368 63.7662
8.216814543847752 64.7246
8.23918850371002 65.6045
8.26154533906492 66.5254
8.283919928836452 67.9219
8.306277395339652 69.1533
8.328652618483376 70.119
8.351028159736202 71.9335
8.373386579575245 73.7442
8.395762759396959 75.2512
8.418121819038275 77.8066
8.440498640894003 81.1256
8.462875785192262 86.3255
8.485235811156207 93.6294
8.507613602688501 126.045
8.529974277114228 223.854
8.552352719347912 359.56800000000004
8.574731488360351 599.4730000000001
8.59709314210385 1066.84
8.619472567021075 1803.1
8.64183487789147 2249.67
8.664214962183097 1971.07
8.686577933647762 1126.49
8.708958680784317 429.37
8.731339760774953 177.173
8.753703729764451 110.413
8.77608547780821 94.8782
8.798450116065078 90.8257
8.820832535634787 87.9166
8.843215292401656 86.3757
8.865580941199045 85.3558
8.887964374703538 84.2426
8.910330701447199 83.45
8.932714815164482 82.8763
8.955099270424924 82.0202
8.977466620733543 81.2086
8.999851761421976 80.9592
9.022219798361645 80.2309
9.04460562795561 79.6763
9.066991803441677 79.5486
9.089360876979615 79.1931
9.111747746589993 79.4921
9.13411751544971 78.7412
9.156505082664324 78.86399999999999
9.178875550323522 79.5785
9.20126381862328 82.1347
9.223652438908596 93.1884
9.246023961427412 112.244
9.26841328802173 120.464
9.290785518039224 107.311
9.313175554425882 90.8903
9.335565947154315 82.2767
9.357939245086508 79.7087
9.380330352834827 79.2792
9.40270436697103 79.3434
9.425096193225055 79.3183
9.447488380180165 80.2983
9.469863475295412 80.4887
9.492256385987508 81.0805
9.514632206018318 80.9209
9.537025843935714 81.0714
9.559402392368193 82.0188
9.581796761000229 82.7211
9.604191496441521 83.0257
9.626569144158516 83.7678
9.648964615551032 84.9815
9.671343000390081 86.1031
9.693739211225699 86.8356
9.716135793237463 86.9897
9.738515290448102 87.9266
9.760912617143402 89.2715
9.783292860202891 90.1628
9.805690935076182 91.0029
9.828089385495742 91.7409
9.850470754023561 93.01100000000001
9.872869957865444 95.4937
9.89525208097539 98.4304
9.917652041736662 102.113
9.940052382417589 105.34700000000001
9.962435644102392 114.03399999999999
9.984836746950979 145.336
10.007220771957746 221.675
10.029622640473708 338.228
10.052007432299963 500.286
10.074410069984072 757.216
10.096813093716005 1184.94
10.119199042482517 1747.41
10.141602840636468 2084.58
10.163989564971628 1688.44
10.186394141051062 1004.15
10.208799107559706 446.01300000000003
10.231187001965623 203.672
10.253592751657669 125.572
10.275981430388155 107.43
10.298387966769793 102.824
10.320794897965431 101.70299999999999
10.343184759907361 100.46600000000001
10.36559248305461 98.7583
10.387983138083852 97.0798
10.410391656691655 98.0604
10.432800574501677 106.62899999999999
10.455192425893369 128.221
10.47760214443012 157.491
10.499994797678786 197.98
10.522405320453982 264.194
10.54479877906917 376.09
10.567210109595656 504.519
10.5896218454736 590.085
10.612016518879773 538.645
10.634429067781074 380.97900000000004
10.656824555333241 227.49200000000002
10.679237920773568 141.16
10.701651695961992 105.215
10.724048411481384 93.7798
10.746463008485165 86.9004
10.768860546937125 82.49799999999999
10.791275969274796 79.5642
10.81369180576079 78.6716
10.836090585366925 77.5288
10.858507252467449 76.1711
10.88090686379991 75.487
10.903324365036394 74.365
10.925724811614439 73.2166
10.948143150509463 73.1476
10.970561909719066 72.2618
10.992963615930844 71.4122
11.015383218085756 70.3705
11.037785768347074 69.6476
11.06020621697282 68.9443
11.082627090322113 68.6014
11.105030913430326 68.0536
11.12745263854165 67.555
11.149857314510728 66.8065
11.172279894912576 67.6117
11.194702904450653 67.3006
11.217108866490921 66.1609
11.239532736615194 65.3886
11.26193956033512 64.7693
11.284364294577085 64.5824
11.306789462371718 63.7827
11.329197585398376 63.3264
11.351623622610898 63.5054
11.37403261614354 62.5861
11.396459526308487 62.7249
11.418869393879497 62.2381
11.441297180532617 61.9883
11.463725406927658 61.5826
11.486136592353875 61.2735
11.508565700543707 60.8655
11.530977768845315 61.2895
11.553407762368774 60.9254
11.575838200059769 61.2303
11.598251599479612 60.8743
11.620682927815501 60.3124
11.64309721895548 60.5271
11.665529441478206 60.0868
11.687962112597958 59.7931
11.710377748130886 60.0414
11.732811318753434 59.9616
11.755227854859067 59.8118
11.777662328529495 59.6996
11.800079768750786 59.5526
11.822515149015453 59.6476
11.844950984084935 59.8533
11.867369787303163 59.6211
11.889806534289491 60.1483
11.912226250487029 62.1321
11.934663912939751 65.9268
11.9571020346363 69.4731
11.979523127133968 69.5584
12.001962169624331 67.34100000000001
12.024384183972964 64.3916
12.046824150809913 64.0676
12.069264581333726 69.0261
12.091687985297767 75.8826
12.11412934550045 84.9119
12.136553680195208 97.9939
12.158995973632788 118.324
12.181438735204349 145.774
12.20386447284199 176.22299999999998
12.226308172985636 206.7
12.24873485024193 211.27
12.271179492516982 176.377
12.293607112949127 133.47
12.316052700916226 95.7879
12.338498763250042 73.1808
12.360927805303868 64.2101
12.383374818673879 61.7954
12.405804812803074 60.9969
12.428252780773262 60.8875
12.45070122756722 60.7582
12.473132656675375 60.8719
12.49558206341869 60.8764
12.518014453510101 60.9767
12.540464823770117 61.0735
12.562915677315177 61.2091
12.58534951575545 61.6563
12.607801338171472 61.4682
12.630236146511358 62.2532
12.652688941369085 63.2782
12.675124723177234 63.849
12.697578494048786 64.1046
12.720032754458185 63.7002
12.742470003354093 63.5959
12.764925245138771 64.1271
12.787363476431278 64.5904
12.809819703166806 64.9955
12.83227642391173 65.5897
12.854716135692716 66.0876
12.877173846755147 67.0948
12.899614549869717 67.4548
12.9220732548287 68.4127
12.94453245827299 68.7544
12.966974655289818 69.7015
12.989434858002571 70.5178
13.011878055298721 71.3766
13.034339260862497 72.5265
13.056800969391883 73.8276
13.079245674017244 76.3785
13.101708390774869 78.0483
13.12415410463411 81.9752
13.146617833206086 91.9838
13.169064559883248 106.288
13.191529303857127 123.395
13.213994557076367 144.28799999999998
13.236442809902437 176.12599999999998
13.258909083908291 223.785
13.28135835851934 288.063
13.30382565690295 362.35
13.326293469022952 428.452
13.348744283242008 440.55400000000003
13.371213125129904 379.1
13.39366497011003 281.14599999999996
13.416134845360597 186.608
13.438605238843131 127.934
13.46105863690397 102.17299999999999
13.483530069144786 98.5388
13.505984506951902 105.723
13.528456981549432 117.867
13.550929978879088 133.064
13.573385983253365 153.375
13.595860028340867 185.425
13.618317081455832 234.203
13.64079217790333 293.371
13.663250283359057 353.279
13.685726434770173 392.04
13.708203115221277 362.45099999999996
13.730662806148091 290.975
13.75314054697177 209.66299999999998
13.775601299246777 139.914
13.798080104050406 100.936
13.820559442405358 84.5103
13.843021793671388 79.2504
13.865502201420897 77.2307
13.887965623051947 76.5847
13.910447103807167 75.7291
13.932929122629764 74.3697
13.955394156785959 73.9501
13.977877254034569 73.388
14.000343367582113 72.34
14.022827546871707 71.5453
14.045294743423524 71.0387
14.06778000837062 70.4993
14.090265817715476 70.7261
14.112734645763819 71.7256
14.13522154619454 73.9751
14.157691466286913 76.4644
14.180179461423874 76.37
14.202668005486178 74.2715
14.22513957064374 71.1397
14.247629214846473 68.69800000000001
14.270101881097517 67.8403
14.29259262906496 67.2138
14.315083930490205 67.0797
14.337558255389705 66.9368
14.360050666019726 66.8788
14.382526101071944 66.6497
14.405019624534942 66.2284
14.427513705993134 65.9451
14.449990813291825 65.8503
14.47248601302899 66.0932
14.49496423954951 66.0066
14.517460561197822 66.1005
14.539939910570322 65.8545
14.562437357763558 66.2863
14.58493536931253 66.4273
14.607416409993311 66.3356
14.62991555254159 66.6252
14.652397725157423 66.9222
14.674898002342799 67.0934
14.697398848433282 67.1721
14.719882725991326 68.2465
14.74238471217934 68.3774
14.764869730765593 70.0658
14.787372860692983 73.9655
14.809876564079925 80.2919
14.83236330125751 87.3345
14.854868153850365 96.0168
14.877356041159485 108.12299999999999
14.899862046604186 123.508
14.922351087688757 145.999
14.944858249632887 176.602
14.967365991421232 206.24400000000003
14.989856770231246 226.613
15.012365673994204 228.669
15.03485761569738 200.91299999999998
15.05736768508665 161.369
15.07987833888692 122.535
15.102372032001655 93.9
15.124883856909658 77.0194
15.14737872204565 70.6527
15.169891721717274 68.3337
15.192405310371893 67.7645
15.214901940621196 66.9716
15.237416709527137 66.2381
15.259914520936249 66.3223
15.282430473753607 65.7333
15.304947020131227 65.0501
15.327446610371178 64.783
15.349964346154254 64.2599
15.372465126703139 64.2327
15.394984055556009 64.0318
15.417486030076159 63.9617
15.44000615566487 63.7316
15.462526881230803 63.3662
15.485030653812652 63.1574
15.507552581617434 63.2928
15.530057557334603 63.0014
15.55258069104857 63.0979
15.575104429329837 63.2914
15.597611216864632 63.148999999999994
15.620136166564563 63.0113
15.6426441664095 63.5755
15.665170331202765 64.7377
15.687697105158826 68.1897
15.710206930593545 73.0019
15.732734925158933 78.6441
15.755245972089478 85.2678
15.77777519094324 92.8648
15.800287463046663 103.89299999999999
15.822817909869592 120.859
15.84534897229804 142.209
15.867863089299354 167.735
15.890395385222186 189.515
15.912910736597423 201.774
15.935444269699861 192.38400000000001
15.957978423016485 168.05599999999998
15.980495633101265 133.05100000000002
16.003031029129367 103.29
16.02554948280019 81.3429
16.048086125229432 69.6416
16.070623392487107 65.0949
16.09314371869582 63.0786
16.11568223789321 61.2562
16.13820381691126 60.0116
16.160743591742527 58.8134
16.183283996022084 58.0165
16.205807461423195 57.1781
16.228349126881973 56.5837
16.25087385432698 56.6597
16.27341678466365 55.9775
16.29594277784926 55.8254
16.31848697676433 55.4442
16.341031811604868 54.9669
16.36355971058487 55.005
16.3861058195587 54.8176
16.40863499352978 54.3274
16.431182380342005 54.1794
16.453730407713202 53.6885
16.476261501364792 53.4754
16.498810812136167 53.2276
16.52134319004079 53.4134
16.54389378792203 53.2423
16.566445031001553 53.0132
16.588979342490088 53.0655
16.61153187824822 52.9443
16.634067483263312 52.6872
16.656621315414416 52.6303
16.679175797408888 52.4031
16.701713349928728 52.4454
16.72426913389191 52.5213
16.74680798922351 52.424
16.76936507887444 52.3876
16.791905240734874 52.611999999999995
16.814463639794468 52.5127
16.837022695210294 52.7463
16.859564824093756 52.7392
16.882125194503903 52.9084
16.904668639217885 53.4081
16.927230328348003 53.5876
16.949792678493612 53.9553
16.972338104193863 53.9294
16.994901778652235 53.8769
17.017448529496576 53.722
17.040013531998152 53.6068
17.06257920018044 53.8287
17.0851279459922 54.5177
17.107694947817667 55.6919
17.130245028099072 56.8044
17.15281336730298 58.0841
17.17536478578733 59.8531
17.19793446610687 61.6683
17.220504818648422 64.3715
17.243058251703697 67.4008
17.265629950971032 72.0114
17.288184731571736 77.1277
17.310757781306908 81.5221
17.33333150794385 82.9054
17.355888317140174 82.7335
17.37846339986244 78.2657
17.401021565958885 71.6763
17.42359800851343 65.5165
17.44617513265564 61.0766
17.468735341390783 58.7591
17.491261035594565 57.501000000000005
17.51396340099364 56.8161
17.536490463869136 56.9202
17.559018209820174 56.8595
17.58154663977963 57.0731
17.604251766089718 57.323
17.626781572227713 57.3144
17.64931206518155 57.5621
17.671843245885103 57.6955
17.69455114821572 58.1413
17.717083712612634 58.5858
17.739616967569667 58.9976
17.762150914021706 59.9062
17.78486160749854 60.1865
17.807396945166804 60.6607
17.829932977143503 60.8235
17.85246970436452 61.5657
17.875183204129467 63.0467
17.897721330097664 65.9164
17.920260154126645 69.1077
17.942799677153296 72.5223
17.9655159983646 75.9683
17.988056927677544 80.7173
18.010598558807683 87.5127
18.033140892692916 96.6693
18.05586005052525 107.913
18.07840379824407 120.5
18.10094825154059 132.506
18.12366954819864 142.11
18.146215420998306 143.847
18.16876200220057 137.16
18.191309292745153 123.49700000000001
18.214033452627167 109.031
18.236582170236648 95.5611
18.259131600016456 87.6893
18.281681742907335 85.2776
18.304408781233683 88.3455
18.32696035875955 93.5597
18.349512652227624 98.7048
18.372065662579683 104.432
18.394795594587553 106.833
18.41735004715306 104.331
18.43990521943684 98.2008
18.46246111238171 89.0797
18.485193953325208 79.3515
18.507751296070428 71.3861
18.530309362314178 65.5299
18.552868153000343 62.8901
18.57560391815056 61.3141
18.59816416623245 60.6616
18.620725141597372 59.9184
18.643286845190268 59.2245
18.666025549835414 58.7014
18.688588718427933 57.8729
18.711152618092243 57.8173
18.73389353884365 57.5367
18.75645890921984 57.1015
18.77902501351406 56.8181
18.801591852673102 56.7043
18.824335739722738 56.1665
18.846904057212626 56.07
18.8694731124168 55.8506
18.89204290628315 55.888000000000005
18.914789774966803 55.6501
18.937361054791623 55.3477
18.959933076131318 54.9966
18.982505839934877 55.1388
19.00525570560582 54.9472
19.027829963004184 54.7667
19.05040496572238 54.8598
19.072980714710468 54.9118
19.095733592739563 54.6143
19.11831084296757 54.9652
19.140888842324735 55.4848
19.16346759176222 56.0177
19.18622349753803 56.4905
19.208803755869358 57.5382
19.231384767143577 58.9847
19.253966532312948 60.1101
19.276725481241822 62.3339
19.29930876296784 65.5514
19.3218928014549 68.7386
19.34465404436217 71.6653
19.36723960516257 74.6396
19.389825925592426 76.1854
19.412413006605938 75.2863
19.43517731967805 72.4706
19.457765930683355 67.9391
19.48035530514408 63.2696
19.50294544401556 59.2747
19.525712842708348 55.9376
19.54830451925909 53.9767
19.570896963095727 52.7267
19.593490175174704 52.3458
19.616260674962184 52.3564
19.638855432416964 51.9557
19.661450960992624 52.0387
19.68404726164677 51.9743
19.706820878021247 51.5733
19.729418731756834 51.7459
19.752017360452857 51.6343
19.77461676506804 51.8503
19.797393513540218 51.6803
19.819994478951667 51.8955
19.84259622316767 52.3845
19.8651987471481 52.9724
19.887978643247177 53.3656
19.91058273574792 53.8118
19.933187610901943 54.5819
19.955969879466828 55.70399999999999
19.97857632894404 57.097
20.00118356396599 58.463
20.023791585494575 60.3465
20.046577028914875 63.5109
20.069186632506966 66.4313
20.091797025500632 68.8227
20.114408208858933 70.1011
20.137196842715273 70.4222
20.159809615886765 69.064
20.18242318232135 66.445
20.20503754298326 64.0052
20.227829382875154 62.0966
20.250445341109344 61.4561
20.27306209647285 62.0094
20.29567964993108 63.0703
20.31847471147704 64.3832
20.34109387027612 65.3887
20.363713830075454 65.3367
20.386334591841646 64.2425
20.409132890679302 61.3242
20.431755265564437 58.0134
20.454378445325528 54.9935
20.477002430930366 52.7723
20.499803982716553 50.941
20.522429589228004 49.6783
20.54505600449589 49.2206
20.567683229489194 49.166000000000004
20.590488049900088 48.7801
20.61311690359731 48.5208
20.63574656993626 48.5013
20.658553853717297 48.1186
20.681185154618298 48.0786
20.703817271080066 47.9957
20.72645020407368 47.6354
20.749260783967177 47.8618
20.771895359337133 47.9304
20.794530754161617 47.946999999999996
20.817166969412938 47.8236
20.83998086114876 47.7063
20.86261872660049 47.4729
20.885257415405402 47.2897
20.90789692853701 47.0744
20.930714147864748 47.0506
20.953355319030678 47.1945
20.97599731745334 47.2832
20.99864014410749 47.0413
21.021460706796564 46.9769
21.044105199328826 47.2226
21.06675052302631 47.5034
21.089396678865015 47.7421
21.112220600704806 48.0718
21.134868430275347 48.468999999999994
21.15751709492456 48.3257
21.180166595629693 48.7257
21.202993892429635 49.368
21.22564507473034 49.782
21.24829709602816 50.0941
21.27112693608965 50.3827
21.293780644891275 50.4411
21.316435195634053 49.8756
21.339090589297417 48.9993
21.361923832041875 48.4327
21.384580921090404 47.7379
21.407238856007325 47.2977
21.429897637773326 47.1606
21.45273429906592 47.1303
21.475394784108598 47.0422
21.498056118951983 47.0713
21.520718304578022 47.2397
21.543558400304388 47.3547
21.566222297108816 47.3851
21.58888704765135 47.3966
21.61155265291521 47.534
21.63439619898156 48.1403
21.657063523335786 48.6912
21.67973170537063 49.2513
21.7024007460706 49.9005
21.72524775840385 50.5048
21.747918526116475 51.593999999999994
21.770590155457388 52.5121
21.79326264741238 53.9487
21.816113141960237 55.7537
21.838787368860547 57.5697
21.861462461341976 59.8688
21.884315579735777 62.3826
21.90699241312273 64.3487
21.92967011506078 65.2606
21.95234868653799 65.0496
21.9752053151131 63.8195
21.997885635446785 61.9573
22.020566828293532 59.7924
22.04324889464272 57.6518
22.066109049404666 56.2883
22.088792872571794 55.7892
22.111477572219204 55.8055
22.1341631493376 55.972
22.157026846313123 55.9275
22.179714188221507 55.2918
22.202402410582668 54.2127
22.22509151438863 52.5761
22.24795876962584 51.0073
22.270649646204486 49.9409
22.293341407213727 48.9619
22.316034053646906 48.3194
22.338904883215342 47.8921
22.36159931041458 47.701
22.38429462602756 47.6227
22.40699083104897 47.2931
22.429865251039757 47.3176
22.452563244831367 47.2088
22.47526213102522 47.2303
22.49813925616515 47.3377
22.520839937143307 47.2565
22.543541513520587 47.3235
22.56624398629403 47.2327
22.589124730075895 47.263000000000005
22.611829005656723 47.3459
22.63453418063466 47.2919
22.657240256008077 47.4278
22.680124634582935 47.6502
22.70283252079775 48.1194
22.725541310413075 48.5287
22.74825100442868 48.7354
22.771139033969575 49.2514
22.79385054687155 49.4639
22.81656296718292 50.1427
22.83927629590484 50.9311
22.862167992606945 51.8967
22.88488314827121 52.9881
22.907599215359284 54.0791
22.93031619487366 55.4205
22.953211574954405 56.7077
22.975930389478226 57.6546
22.998650119445763 58.0797
23.02137076586092 57.3042
23.044269845560063 56.1827
23.06699233506288 54.5623
23.089715744034912 52.6113
23.112617610931565 50.9193
23.135342869061212 49.3803
23.158069049684816 48.3978
23.1807961538087 47.8034
23.20370174880544 47.7011
23.226430710184808 47.519
23.249160598093425 47.5054
23.271891413539002 47.5053
23.294800752937697 47.7002
23.31753343374794 48.0452
23.340267045128353 48.1611
23.36300158808808 48.7637
23.38591468821339 49.1237
23.408651104658304 49.5789
23.431388455719986 50.1643
23.454126742409 50.8073
23.4770436196085 51.903
23.499783787914662 53.2671
23.522524894889884 54.3537
23.54526694154616 55.6804
23.56818761219047 57.0289
23.59093154860734 57.7339
23.613676427751283 58.4664
23.636422250635754 57.8966
23.659346731118656 56.5043
23.68209445191868 54.3457
23.704843119509587 52.0019
23.72759273490623 49.8197
23.750521041644767 47.9205
23.77327256312355 46.6647
23.796025035462787 45.8245
23.818956224555475 45.2308
23.841710609113413 44.8965
23.86446594758979 44.818000000000005
23.887222241002014 44.534
23.910157285144578 44.1749
23.932915498962537 44.106
23.955674670778713 43.9457
23.978434801611975 43.8143
24.001373717286125 43.641000000000005
24.024135776723917 43.5073
24.046898798245582 43.4622
24.06966278287146 43.4393
24.092605586582614 43.2139
24.115371508023642 42.926
24.1381383956401 42.7225
24.16090625045381 42.7029
24.183852958731244 42.855
24.206622758582608 42.5945
24.229393528706886 42.541000000000004
24.252165270127392 42.6879
24.27511589952438 42.5403
24.297889594216997 42.1054
24.32066426328598 42.0148
24.34343990775613 42.1397
24.36639447485003 42.0244
24.38917208083877 41.9248
24.41195066531332 41.7929
24.43490819850244 41.9221
24.457688750692377 41.8187
24.48047028445616 41.7042
24.503252800821233 41.9225
24.526214300784112 42.0761
24.548998793132213 42.0372
24.57178427117417 41.873999999999995
24.59457073593893 42.0898
24.617536219319863 42.0283
24.64032466834748 42.0816
24.663114107195035 41.9258
24.685904536893013 41.5672
24.708874020360852 41.4671
24.731666442613744 41.4766
24.754459858818787 41.4123
24.777254270007962 41.343
24.80022777025625 41.2101
24.82302418230472 41.0625
24.845821592443674 41.1691
24.86862000170663 41.201
24.891597535453727 40.9795
24.914397953892728 41.2522
24.93719937456671 41.2176
24.96000179851076 41.4476
24.98298338249997 41.518
25.00578782394922 41.4719
25.028593271784167 41.8183
25.05157790644186 42.1782
25.07438537804115 42.4525
25.097193859145293 42.8099
25.120003350792075 43.132
25.142992065061257 43.4507
25.165803588823465 43.6095
25.18861612625217 43.8904
25.211429678386736 44.1491
25.234422489079968 44.1985
25.257238081693636 44.1215
25.280054692141732 44.4457
25.3028723214652 44.3817
25.325869245420463 44.5612
25.348688923599397 44.5739
25.371509623787006 44.5608
25.394331347025812 44.2803
25.41733240110666 43.7601
25.440156181590016 43.1051
25.46298098826268 42.5504
25.48580682216873 41.9294
25.50881202326435 41.2077
25.53163992281684 40.6983
25.55446885274561 40.4705
25.577298814096377 40.0623
25.600308179121807 39.9775
25.623140214533745 40.0181
25.64597328451537 39.8177
25.66898578564376 39.4933
25.691820936010206 39.6836
25.714657124097695 39.6255
25.737494350954734 39.7301
25.760511045684957 39.3433
25.783350361364224 39.5844
25.806190718969255 39.5164
25.82903211955018 39.7314
25.852053024868923 39.702
25.874896522722523 39.7358
25.897741066713106 39.7888
25.920586657892454 39.8321
25.943611790812668 39.8912
25.966459487728237 40.0167
25.989308234998564 40.0913
26.01215803367705 40.4151
26.03518741123814 40.5356
26.05803932412957 40.8444
26.080892291600094 40.9115
26.10374631470478 40.888000000000005
26.12677995397268 41.1548
26.14963609978026 41.3161
26.172493304397875 40.9937
26.19535156888223 40.5918
26.218389486949604 40.2172
26.241249882640123 39.7828
26.26411134137826 39.6341
26.28715248187403 39.4884
26.31001607820869 39.313
26.3328807407756 38.9805
26.35574647063438 39.2754
26.37879191991473 39.3816
26.401659795896734 39.3945
26.424528742360263 39.4899
26.447398760366614 39.6412
26.470448535598294 39.6921
26.49332070826805 39.8667
26.516193955675355 40.1358
26.53906827888316 40.3402
26.562122397260108 40.6626
26.584998883685063 41.0821
26.607876449110325 41.2795
26.63075509460056 41.6813
26.65381357334404 41.8555
26.67669439061878 41.8724
26.699576291163382 41.867
26.722459276044212 41.7698
26.745522132402975 41.3633
26.768407297649354 41.0945
26.791293550442003 40.7967
26.814180891848974 40.4905
26.837248143099337 40.2223
26.860137673466657 39.9549
26.88302829566349 39.7437
26.90592001075963 39.4623
26.92899167420566 39.4744
26.951885586870763 38.9827
26.974780595655517 38.7834
26.99785558178161 38.6627
27.020752794605112 38.4552
27.043651106772522 38.0875
27.06655051935668 37.9998
27.089629948036183 37.9842
27.112531573292053 38.0009
27.135434302194138 37.9846
27.158338135817015 37.7871
27.181422024430987 37.797
27.204328079372566 37.6872
27.22723524226965 37.8191
27.250143514198573 37.7237
27.273231880156334 37.7549
27.296142382065014 37.58
27.319053996245536 37.5532
27.341966723775965 37.6013
27.365059584515222 37.6933
27.38797455070062 37.8426
27.410890633481237 37.6242
27.433807833936918 37.6573
27.456905206923906 37.7689
27.47982465472398 37.7671
27.502745223449743 37.8466
27.525666914182825 37.9963
27.548768816912457 37.8795
27.571692763693633 37.8066
27.59461783573812 37.6882
27.617723149491244 37.5379
27.640650484125285 37.5592
27.66357894728264 37.4436
27.686508540048052 37.3402
27.709618414237887 37.3727
27.732550278321757 37.2083
27.755483275279115 37.1902
27.778417406196485 37.2157
27.801531858397514 37.0297
27.824468269376716 37.0346
27.847405817586786 37.0627
27.870344504116094 37.3199
27.893463551932008 37.3631
27.916404527281053 37.5065
27.93934664422563 37.6731
27.962289903855886 37.8213
27.98541356491974 38.2174
28.00835912214229 38.2428
28.03130582533231 38.576
28.054253675581805 38.799
28.077381967556104 38.7622
28.100332124185126 38.7396
28.123283431160893 38.7149
28.146235889577238 38.5687
28.169368830154156 38.4041
28.192323603752033 38.2433
28.215279532083304 37.8338
28.238415973016764 37.6754
28.261374223145094 37.4888
28.284333631303806 37.1901
28.307294198589954 37.1286
28.330435319167677 36.6743
28.353398217078915 36.4171
28.376362277420153 36.1185
28.39932750129032 35.9393
28.422473319286713 35.6588
28.44544088262495 35.6662
28.468409612800283 35.5964
28.491379510913497 35.3661
28.51453004413313 35.2157
28.53750229057244 35.2312
28.56047570826344 35.1713
28.583450298308804 35.1523
28.606605564586562 34.9937
28.629582511831156 35.0369
28.65256063474956 34.8937
28.675539934446338 34.9644
28.698699951647605 34.9186
28.72168161743193 34.7361
28.74466446331978 34.7668
28.767648490417624 34.7785
28.790813276438353 34.6777
28.813799678527303 34.7076
28.836787265157085 34.7325
28.859955641890075 34.7273
28.882945610203045 34.6329
28.905936766392035 34.5095
28.928929111566863 34.6823
28.952102288520145 34.6121
28.975097024308607 34.4709
28.998092952423807 34.3596
29.021090073977508 34.2558
29.04426806913204 34.1608
29.067267590245258 33.9192
29.090268308143695 33.9092
29.11327022394099 33.8607
29.13645305530891 33.7291
29.159457379627167 33.6857
29.18246290519685 33.5974
29.20546963313352 33.5173
29.22865731875826 33.6371
29.25166646419296 33.6008
29.27467681535305 33.4916
29.29768837335608 33.5089
29.320880931312562 33.6707
29.34389491580634 33.6248
29.366910110507334 33.583
29.38992651653503 33.6028
29.41312396492981 33.6419
29.436142806456754 33.5169
29.45916286268059 33.4696
29.48236399319994 33.3696
29.50538649169417 33.2214
29.528410208259935 33.1482
29.55143514402014 32.8805
29.574641196749695 32.7906
29.597668583816574 32.6014
29.6206971934585 32.4554
29.64372702680042 32.4685
29.666938019934474 32.3706
29.689970313635285 32.3355
29.713003834422636 32.2489
29.73603858342347 32.2767
29.759254535188578 32.1919
29.78229175361658 32.0766
29.80533020365064 32.1172
29.82836988641968 32.0867
29.85159081507472 32.0244
29.874632976355343 32.0464
29.89767637376955 32.0722
29.920721008448314 32.0076
29.9439469322847 31.9843
29.96699405457564 31.7789
29.9900424175358 31.8097
30.013092022298157 31.7824
30.03632295963995 31.7555
30.059375061131373 31.776
30.08242840783577 31.8021
30.105483000888153 31.7616
30.128718970092244 31.6834
30.151776069006917 31.7186
30.17483441768648 31.7948
30.198074175317235 31.7634
30.221135036724256 31.8242
30.24419715131772 31.6773
30.267260520236203 31.6314
30.290505341942243 31.7749
30.313571232750228 31.79
30.336638381310948 31.791
30.35970678876503 31.7254
30.38295669299435 31.6145
30.40602763151657 31.5497
30.429099832366074 31.5653
30.452173296685572 31.4114
30.47542830191959 31.5418
30.498504306502497 31.384
30.521581577995562 31.4013
30.544660117543582 31.4854
30.56792024229725 31.6403
30.59100133132069 31.6042
30.614083691845494 31.5745
30.637167325018545 31.6559
30.660432587840603 31.7092
30.683518779717886 31.6884
30.70660624769615 31.8281
30.729694992924372 31.7474
30.75296541239743 31.7308
30.77605672557558 31.6711
30.799149319462742 31.6931
30.8224236211637 31.5519
30.845518789950724 31.425
30.868615242910597 31.3776
30.891712981195973 31.1762
30.91499247215866 31.0242
30.938092794619365 31.0492
30.96119440587579 30.9555
30.984297307082752 30.8957
31.00758200598383 30.7801
31.030687500658694 30.5968
31.053794288760695 30.5144
31.076902371446767 30.4421
31.100192296997445 30.5472
31.12330298246119 30.4609
31.14641496599209 30.357
31.169528248749216 30.4229
31.19282341969534 30.3909
31.215939314557186 30.4413
31.239056512134788 30.381999999999998
31.262175013589378 30.2736
31.28547544871168 30.3163
31.30859657161541 30.2498
31.331719001892175 30.3016
31.35484274070538 30.4079
31.378148458819545 30.3605
31.401274828443725 30.3355
31.424402510106933 30.3261
31.447712205419993 30.3979
31.470842524931633 30.29
31.493974159989783 30.2938
31.51710711176168 30.3304
31.54042212308802 30.309
31.563557722100917 30.2976
31.586694641341655 30.1019
31.609832881979628 29.9314
31.63315322823208 30.0056
31.656294125521327 29.918000000000003
31.679436347728515 29.9191
31.70257989602529 29.7727
31.725905596152327 29.8
31.74905181052835 29.6025
31.772199354521323 29.7014
31.79534822930507 29.6817
31.818679302290967 29.6537
31.84183085259981 29.6408
31.864983737233473 29.6498
31.88813795736804 29.6855
31.911474422233013 29.5093
31.934631327356435 29.6618
31.9577895715215 29.6013
31.980949155906522 29.5518
32.004291031706956 29.5741
32.027453310562606 29.4173
32.05061693318573 29.3037
32.07396288236386 29.3038
32.09712920658542 29.1557
32.12029687812702 29.2155
32.14346589817093 29.0694
32.166817291729984 29.0287
32.18998902288583 28.9466
32.21316210610336 28.9262
32.23633654256711 28.8086
32.259693399663725 28.6931
32.282870556771144 28.7263
32.30604907069099 28.6236
32.329228942610065 28.5071
32.35259128243769 28.3387
32.375773884550505 28.3755
32.398957848235646 28.3165
32.422143174682176 28.31
32.445511016471215 28.2634
32.468699082679954 28.2138
32.49188851523011 28.2108
32.51507931531304 28.1804
32.538452678331 28.1573
32.56164622776311 28.0026
32.58484114831493 27.8965
32.60803744118015 27.9896
32.631416344731896 27.9816
32.654615396551876 27.9272
32.67781582427913 27.8415
32.701198898634416 27.7528
32.72440209253756 27.7628
32.747606665947124 27.7613
32.77081262006088 27.5797
32.79420126883317 27.6832
32.81740999876112 27.7065
32.840620112999424 27.4925
32.86383161274818 27.5742
32.88722585534586 27.4922
32.91044014056596 27.4836
32.933655814909734 27.469
32.95687287957963 27.4366
32.98027273544904 27.3459
33.00349259526636 27.2639
33.026713849030116 27.4062
33.04993649794511 27.3238
33.073341986570746 27.3306
33.09656744032826 27.2869
33.11979429286444 27.2536
33.14302254538647 27.3123
33.166433686291185 27.2553
33.18966475336992 27.2196
33.212897224069096 27.1691
33.23613109959831 27.2356
33.259547912343415 27.0942
33.2827846121627 27.1685
33.306022720453775 27.1234
33.32926223842861 26.9814
33.352684742614166 26.9427
33.37592709463173 26.9894
33.399170859982064 26.8516
33.422597648419426 26.666999999999998
33.44584425514446 26.6308
33.46909227885668 26.6074
33.4923417207723 26.5415
33.51577423505344 26.6169
33.539026528130385 26.4008
33.56228024307245 26.4254
33.585535381098246 26.2694
33.60897364093058 26.2794
33.63223163992385 26.2478
33.6554910656699 26.1636
33.678751919389796 26.2004
33.702195944520106 26.0879
33.72545966903325 26.0852
33.74872482519663 25.9714
33.771991414233746 26.0192
33.79544122444841 25.9293
33.81871069412428 25.9157
33.84198160035767 25.9531
33.86525394437455 25.945
33.88870955949969 25.8788
33.911984794020626 25.8856
33.93526147001624 25.7938
33.958539588715006 25.7245
33.98200102861669 25.6339
34.0052820477047 25.4733
34.02856451319451 25.5351
34.05203033759056 25.5446
34.07531571090147 25.5519
34.09860253431845 25.445
34.121890809074316 25.3393
34.145362493118924 25.4731
34.16865368561615 25.4155
34.191946333164054 25.3117
34.21524043699793 25.2573
34.23871800066799 25.2973
34.26201503218366 25.1027
34.28531352370466 25.1335
34.30861347646881 25.1549
34.33209693978188 25.0293
34.3553998301885 24.9911
34.378704185565205 24.9283
34.402010007152356 24.8753
34.42549939016683 24.9717
34.44880815937748 24.7969
34.472118398533134 24.8121
34.49543010887669 24.7721
34.51892543169198 24.6337
34.54224009966052 24.6838
34.56555624255917 24.7179
34.58887386163339 24.6011
34.61237514439016 24.4299
34.6356957311114 24.5268
34.65901779775809 24.4601
34.68252356662995 24.4414
34.705848608458616 24.4167
34.72917513396849 24.3376
34.75250314440949 24.3626
34.77601490857862 24.2733
34.799345904259795 24.1901
34.82267838863559 24.2655
34.846012362958525 24.2232
34.869530142679984 24.1548
34.89286711232212 24.1133
34.91620557568269 24.1292
34.93954553401677 24.114
34.9630693495876 24.0846
34.986412313340814 24.1969
35.00975677584668 24.052
35.033102738362956 23.9268
35.05663261012228 23.9535
35.0799815881786 23.9131
35.10333207003229 23.8199
35.12668405694369 23.7989
35.150220005273056 23.7434
35.17357501786656 23.8622
35.19693153931268 23.7715
35.220289570874385 23.6591
35.24383161619786 23.71
35.267192683604904 23.7964
35.290555264930376 23.6647
35.314101899412165 23.6516
35.33746752422433 23.5636
35.36083466676374 23.6547
35.38420332829803 23.6239
35.407756095629054 23.587
35.43112781085063 23.5411
35.45450104888391 23.4551
35.477875810999194 23.5625
35.50143473172161 23.4896
35.52481255774625 23.4646
35.54819191167777 23.3232
35.57157279478914 23.3564
35.595137889488406 23.3484
35.61852184675279 23.3305
35.641907337029984 23.2741
35.665294361595684 23.2293
35.68886565090076 23.0991
35.7122557598848 23.1389
35.73564740699838 23.1133
35.759040593519934 23.0657
35.78261809810353 22.9317
35.80601437933051 23.002
35.829412203814705 22.8991
35.85281157283719 22.8449
35.876395313415884 22.8639
35.8997977874528 22.8658
35.92320180988546 22.7963
35.946790244133936 22.7085
35.97019737933222 22.7718
35.993606066789866 22.6864
36.01701630779276 22.6048
36.04061101440684 22.6526
36.06402437852291 22.579
36.08743930005611 22.5052
36.1108557802951 22.531
36.13445678011326 22.5039
36.15787639383515 22.3835
36.18129757014299 22.4222
36.20472031032821 22.4379
36.22832762423364 22.3291
36.25175350829375 22.3166
36.275180960119776 22.2324
36.298609981005924 22.3239
36.32222362992669 22.2646
36.34565580510207 22.2431
36.36908955323448 22.2225
36.39252487562093 22.0815
36.416144880530226 22.0127
36.43958336764275 22.0949
36.463023432914625 22.0266
36.486465077645676 21.9177
36.51009145956204 22.0294
36.53353627947859 21.9877
36.55698268276811 21.9343
36.58043067073321 21.8302
36.60406345072071 21.7972
36.62751462435344 21.8324
36.65096738658405 21.7768
36.67460498210655 21.7998
36.69806093788647 21.7281
36.72151848619297 21.6754
36.744977628333636 21.6651
36.76862165890998 21.6707
36.79208400512205 21.5478
36.81554794910557 21.5778
36.83901349217101 21.4285
36.862663978991606 21.4666
36.88613273667352 21.4324
36.90960309738324 21.4179
36.933075062434064 21.3936
36.95673202673572 21.3475
36.98020721697122 21.2255
37.003684015502365 21.1741
37.027162423645365 21.1792
37.050825886711465 21.2031
37.07430753063053 21.1505
37.09779078812467 21.096999999999998
37.121275660513014 21.0494
37.144945643673694 21.1129
37.16843376245278 21.02
37.19192350009803 21.0045
37.215414857931435 21.0069
37.239091382563885 20.971
37.262585997426164 20.8602
37.28608223645736 20.8299
37.309763684451696 20.8618
37.33326318851098 20.8168
37.356764320726555 20.7755
37.380267082425526 20.7697
37.40395510942588 20.6558
37.42746114683234 20.6618
37.45096881771841 20.5064
37.474478123414166 20.5532
37.49817275092816 20.5606
37.52168534303452 20.5441
37.54519957395567 20.5023
37.568715445024665 20.4673
37.592416694607714 20.4461
37.61593586281424 20.4322
37.63945667518264 20.3858
37.66297913304891 20.3476
37.68668702630454 20.3225
37.710212792059274 20.2261
37.733740207334854 20.215
37.757269273470364 20.1973
37.780983832050374 20.1839
37.80451621684926 20.1129
37.82805025654007 20.0637
37.851585952464795 20.0959
37.8753071980695 20.0503
37.89884622345676 19.9595
37.92238690911902 20.0137
37.94611318753442 19.8922
37.969657210779765 19.9045
37.99320289834801 19.965999999999998
38.016750251586465 19.8717
38.04048325513017 19.7713
38.06403395679343 19.7331
38.087586328183946 19.7048
38.11114037065203 19.7334
38.13488012115898 19.7532
38.1584375229181 19.6515
38.181996599821 19.6647
38.205557353221124 19.6102
38.229303872575656 19.5706
38.2528679961576 19.527
38.27643380031219 19.4957
38.30000128639589 19.4642
38.32375459653193 19.4658
38.34732546371299 19.4894
38.37089801690786 19.3341
38.39447225747609 19.339000000000002
38.418232380377425 19.2757
38.441810012983396 19.3011
38.46538933705673 19.2738
38.488970353960084 19.2661
38.51273731166058 19.1525
38.536321731567014 19.098
38.55990784840681 19.0879
38.58367995004091 19.0785
38.60726947812959 19.0112
38.63086070726198 19.0258
38.654453638806274 19.009
38.678232613930824 18.9583
38.70182896773327 18.8951
38.72542702806741 18.8539
38.7490267963045 18.8541
38.77281266709232 18.8013
38.79641586862214 18.8111
38.8200207821842 18.7911
38.843627409152944 18.8008
38.86742019782782 18.7595
38.891030269149255 18.6962
38.914642058016156 18.6447
38.938255565806124 18.6383
38.96205529464307 18.5866
38.98567225787121 18.6061
39.00929094417078 18.624000000000002
39.03291135492255 18.6036
39.05671804624804 18.528
39.080341923549106 18.4578
39.103967529460334 18.421
39.127594865365744 18.4286
39.15140854155791 18.3349
39.17503935514948 18.3832
39.19867190290282 18.3439
39.22249083587951 18.3066
39.24612686969409 18.2843
39.269764641845306 18.2981
39.293404153722804 18.2054
39.317230110864074 18.1604
39.34087311998506 18.0518
39.36451787301696 18.0512
39.388164371352595 18.0092
39.41199737518003 17.9751
39.43564738196752 18.0205
39.45929913825317 18.046
39.48295264543308 18.0232
39.506792718520884 17.9463
39.530449745387216 17.8926
39.55410852735203 17.8353
39.57776906581474 17.9216
39.60161623079 17.8797
39.625280300200025 17.8457
39.64894613032202 17.7758
39.67261372255866 17.7752
39.6964680021016 17.781
39.72013913657293 17.7374
39.74381203738292 17.6758
39.76748670593756 17.6863
39.79134812278169 17.6022
39.81502634488497 17.6454
39.83870633896685 17.5478
39.862388106436654 17.5074
39.88625668336918 17.4196
39.90994201572829 17.5122
39.933629125719285 17.4337
39.957503091207826 17.3704
39.9811937746168 17.396
40.00488623990914 17.3531
40.02858048850006 17.3131
40.05246165409549 17.3234
40.076159487492085 17.2124
40.099859108448875 17.2739
40.123560518384345 17.2205
40.1474489070226 17.2272
40.171153913178564 17.1606
40.194860712584955 17.0788
40.2185693066637 17.1919
40.242464941335314 17.119
40.26617714307655 17.0517
40.289891143772046 17.0465
40.3136069448471 16.9921
40.33750984859743 16.991
40.3612292688043 16.9653
40.3849504936829 16.9753
40.40867352466194 16.9497
40.43258372059144 16.8891
40.45631038219906 16.8873
40.48003885420956 16.8425
40.503769138055105 16.8169
40.52768664931955 16.7649
40.55142057531802 16.730999999999998
40.57515631746428 16.6701
40.599079334038514 16.7082
40.62281872700477 16.6106
40.64655994043941 16.581
40.67030297578061 16.5758
40.69423334835778 16.5841
40.71798004609188 16.5583
40.74172857006355 16.4996
40.76547892171441 16.5486
40.7894166736039 16.55
40.813170699248566 16.4031
40.83692655691388 16.4115
40.86068424804498 16.4232
40.884629402612525 16.3881
40.908390779366385 16.340999999999998
40.932153993938 16.33
40.95591904777605 16.3294
40.979871628443995 16.3251
41.003640379561936 16.2556
41.02741097430883 16.2321
41.05118341413683 16.1907
41.075143444384416 16.1826
41.098919593177826 16.2718
41.1226975914255 16.1448
41.14647744058318 16.0781
41.170444943946755 16.0827
41.19422851378379 16.0668
41.218013938914645 16.022000000000002
41.24198706625173 15.9167
41.26577622087193 15.9657
41.289567235177785 15.8817
41.31336011063129 15.9201
41.337340752422875 15.8942
41.361137369129835 15.8829
41.38493585138705 15.8448
41.40873620066004 15.7548
41.43272438060107 15.7354
41.45652848292052 15.6704
41.48033445666918 15.6795
41.50414230331616 15.6592
41.528138045159764 15.658
41.551949656675205 15.6021
41.575763145513235 15.6317
41.59957851314666 15.6021
41.62358184070442 15.4844
41.64740098505737 15.5276
41.6712220126409 15.5884
41.69504492493139 15.5211
41.71905586207357 15.4699
41.74288256296395 15.4188
41.766711153007456 15.4214
41.79054163368412 15.3977
41.814560204340054 15.3693
41.838394485526365 15.3261
41.86223066180303 15.2531
41.88625497706819 15.2465
41.910094962812 15.2619
41.93393684811168 15.2231
41.95778063445365 15.136
41.981812625263366 15.2011
42.00566023303407 15.1848
42.029509746323676 15.135
42.05336116662236 15.1108
42.077400857069705 15.0758
42.10125611078846 15.0502
42.12511327600405 15.0209
42.14897235421036 14.9838
42.173019768448455 14.944
42.19688269209613 14.9174
42.22074753323349 14.9306
42.24461429335818 14.9715
42.268669455600495 14.8805
42.292540073217886 14.9072
42.31641261433284 14.8417
42.34028708044675 14.8152
42.36435001496739 14.8328
42.38822835065557 14.7814
42.41210861586426 14.6912
42.4359908120986 14.6514
42.46006154323262 14.6932
42.48394762115317 14.6483
42.507835634632315 14.6516
42.531912233047436 14.575999999999999
42.55580413732265 14.5581
42.579697981698 14.5236
42.60359376768525 14.4918
42.62767820545945 14.5335
42.65157789440821 14.4932
42.67547952952185 14.4334
42.699383112316 14.4579
42.72347541395347 14.3705
42.74738291190531 14.3328
42.771292362102166 14.3621
42.795203766063516 14.3175
42.819303956130405 14.267999999999999
42.843219287476536 14.1941
42.86713657716324 14.1955
42.89105582671383 14.2177
42.91516392983864 14.2082
42.939087119032166 14.19
42.963012272677304 14.1708
42.98693939230129 14.1162
43.01105543317513 14.0488
43.034986504731386 14.0568
43.05891954686589 14.0339
43.08285456110972 14.0177
43.10697856448665 14.0036
43.130917542983475 13.9604
43.15485849820081 13.9516
43.17880143167367 13.9455
43.20293342237094 13.9322
43.226880332449 13.864
43.25082922540554 13.8809
43.27496722682525 13.8461
43.29892010567796 13.7988
43.32287497204102 13.8065
43.34683182745632 13.7732
43.370977859791836 13.7384
43.39493871351105 13.7568
43.41890156092628 13.7266
43.44286640358341 13.706
43.46702049182749 13.6662
43.49098934522816 13.6503
43.51496019852649 13.6001
43.5389330532723 13.5831
43.56309522248204 13.5376
43.58707210044314 13.5685
43.61105098451946 13.4803
43.63503187626491 13.4812
43.659202151562134 13.4273
43.68318707902681 13.445
43.70717401884041 13.4244
43.731162972560874 13.3761
43.75534137913236 13.3302
43.779334381108384 13.3546
43.803329401683186 13.3303
43.82732644241872 13.2898
43.8515130055166 13.290999999999999
43.87551410707659 13.2564
43.89951723350145 13.2526
43.923709934595614 13.2152
43.94771713129917 13.1627
43.97172635758096 13.1834
43.99573761501002 13.1643
44.0199385169922 13.1438
44.04395385732619 13.0826
44.067971233533086 13.0922
44.09199064718605 13.0685
44.11619977548961 13.0556
44.14022328470671 12.9942
44.16424883610785 13.0045
44.18827643127035 12.9816
44.21249381139513 12.9702
44.236525514814076 12.9165
44.26055926674478 12.9002
44.28459506876863 12.8927
44.3088207262813 12.8716
44.33286064928722 12.8063
44.35690262714919 12.8198
44.38094666145278 12.7539
44.4051806219871 12.7384
44.42922879003185 12.7529
44.45327901929361 12.677999999999999
44.477331311362136 12.6961
44.501573600619416 12.6666
44.525630039221795 12.6296
44.54968854541895 12.6438
44.573937102200176 12.6228
44.5979997645541 12.5643
44.622064499300315 12.5607
44.64613130803592 12.5141
44.67038823869318 12.5151
44.69445921643748 12.4773
44.718532272981385 12.485999999999999
44.742607409926194 12.4929
44.76687274034801 12.4554
44.79095205918753 12.4467
44.81503346325094 12.4093
44.839116954143876 12.4027
44.86339071028742 12.32
44.88747839599524 12.3549
44.91156817336837 12.3013
44.93566004401666 12.3058
44.959942251908146 12.2915
44.984038330325966 12.2411
45.00813650686762 12.231
45.03223678314731 12.1953
45.05652746888232 12.1447
45.08063196592069 12.1592
45.104738567558705 12.113
45.128847275414856 12.0952
45.15314646515866 12.052999999999999
45.17725940679741 12.0741
45.20137445952892 12.0705
45.22568004865265 12.0422
45.24979934496396 12.0127
45.27392075725247 11.9602
45.29804428714431 11.9153
45.322358426247604 11.894
45.346486212804315 11.8948
45.370616121861914 11.9179
45.39474815505086 11.8701
45.41907087049246 11.8454
45.4432071734666 11.8291
45.46734560548283 11.8099
45.49148616817604 11.8004
45.51581748638564 11.7704
45.5399623320197 11.7374
45.56410931325473 11.6758
45.58825843173002 11.6982
45.61259837920865 11.618
45.636751793816 11.6244
45.66090735060093 11.6173
45.68506505120716 11.5901
45.7094136545275 11.5982
45.73357566449271 11.508
45.75773982322992 11.5139
45.78190613238733 11.5257
45.806263418194064 11.4624
45.83043404997326 11.4851
45.85460683713677 11.4915
45.87897065658495 11.4287
45.90314777634752 11.435
45.92732705646868 11.4388
45.9515084986045 11.4064
45.97588104735473 11.4051
46.00006683541565 11.3876
46.02425479047904 11.3244
46.04844491420549 11.2952
46.0728262191024 11.3282
46.09702070211635 11.2904
46.12121735879483 11.2838
46.14541619080294 11.2102
46.169806278764455 11.2254
46.194009483459034 11.2452
46.21821486849841 11.1594
46.24242243555223 11.1598
46.266821333570014 11.1227
46.29103328674601 11.1201
46.31524742696538 11.0834
46.33946375590237 11.0586
46.36387149104216 11.0408
46.38809221957392 11.043
46.41231514186606 11.0149
46.436540259597464 10.9396
46.460956858999374 10.9669
46.48518638983522 10.9536
46.509418121166966 10.8887
46.533652054678114 10.8893
46.55807754555709 10.8982
46.58231590571962 10.8836
46.60655647313217 10.8241
46.630988654873654 10.8528
46.655233659129024 10.7947
46.67948087571551 10.8085
46.70373030632484 10.7866
46.72817142736393 10.7676
46.752425308428684 10.7015
46.77668140861147 10.7257
46.80093972960865 10.6833
46.82538981736788 10.6299
46.849652602470904 10.642000000000001
46.87391761349769 10.677
46.8981848521493 10.6813
46.9226439341274 10.5839
46.946915650573224 10.5679
46.97118959976749 10.5244
46.99546578341598 10.5096
47.019933887188216 10.5143
47.04421456235744 10.5001
47.06849747711879 10.4741
47.09278263318286 10.4352
47.11725978640143 10.3675
47.14154944775105 10.4043
47.165841355555656 10.3801
47.1901355115306 10.3951
47.214621741924994 10.3862
47.23892041698887 10.3381
47.26322134538975 10.3065
47.28771440635075 10.3012
47.31201986422527 10.3072
47.33632758061436 10.2253
47.360637557241866 10.2202
47.38513974410611 10.2176
47.40945426407847 10.1956
47.43377104948137 10.1974
47.45809010204344 10.1861
47.48260144275502 10.1427
47.506925052572285 10.1456
47.53125093475548 10.1163
47.55557909103813 10.1236
47.58009961361992 10.0889
47.60443234110732 10.0853
47.62876734791564 10.0442
47.65310463578333 10.0146
47.6776343683373 10.0065
47.7019762413987 9.97675
47.72632040075572 9.9454
47.75066684815169 9.92764
47.77520581885936 9.885639999999999
47.799556865477655 9.90778
47.823910205386 9.90211
47.84826584033272 9.857560000000001
47.87281407745551 9.82947
47.89717432569297 9.832289999999999
47.92153687423484 9.825239999999999
47.94609208429692 9.779160000000001
47.97045925671401 9.8064
47.99482873471275 9.74324
48.01920052005013 9.71032
48.04376504619224 9.70965
48.068141469543484 9.70253
48.09252020552573 9.70251
48.11690125590099 9.66388
48.1414751266064 9.65835
48.16586082917454 9.63135
48.19024885144316 9.62458
48.2146391951793 9.61406
48.239222439012764 9.63997
48.26361744916137 9.59271
48.28801478610016 9.59068
48.31241445160131 9.542010000000001
48.337007097209366 9.53384
48.36141144338331 9.47919
48.38581812345755 9.46774
48.41022713920929 9.4905
48.434829215320704 9.40892
48.45924292604658 9.43754
48.48365897780325 9.45085
48.50807737237308 9.3887
48.532688907799276 9.413969999999999
48.55711201168574 9.33497
48.581537463754074 9.352139999999999
48.60615611725119 9.33951
48.63058628942721 9.30769
48.65501881516546 9.2696
48.6794536962573 9.29081
48.70408185970339 9.27771
48.72852147531801 9.25774
48.75296345168211 9.23922
48.77740779059232 9.20031
48.80204549302823 9.21143
48.82649458091802 9.223230000000001
48.85094603676547 9.14736
48.87539986237231 9.14587
48.90004713292306 9.10989
48.92450572200832 9.06777
48.94896668628025 9.08034
48.97343002754588 9.0432
48.99808689542115 9.08584
49.02255501470614 9.06042
49.04702551642794 9.04062
49.0714984023988 9.02615
49.096164896893235 8.9852
49.120642575466796 8.96825
49.145122643748394 8.972660000000001
49.16960510355558 8.91496
49.19428125404938 8.93936
49.2187685210852 8.898610000000001
49.243258185121555 8.902280000000001
49.26794160167084 8.890839999999999
49.2924360839405 8.82431
49.31693296869764 8.856689999999999
49.34143225776915 8.83517
49.36612538195438 8.78408
49.39062950396021 8.77577
49.41513603578346 8.78003
49.4396449792564 8.736939999999999
49.46434784069503 8.72456
49.488861631846454 8.70134
49.513377840166804 8.70192
49.537896467493745 8.68452
49.56260909589029 8.67526
49.587132585683285 8.67142
49.611658500018365 8.62941
49.636186840738596 8.641
49.66090926588511 8.592989999999999
49.685442483902584 8.57713
49.70997813385706 8.52585
49.734516217597076 8.533389999999999
49.75924846937352 8.52512
49.7837914452858 8.52099
49.80833686055187 8.48243
49.83288471702571 8.46369
49.85762682540054 8.49189
49.882179588965734 8.45035
49.9067347993235 8.40981
49.93129245833333 8.40201
49.95604445336378 8.41891
49.98060703442832 8.38872
50.005172069746266 8.36519
50.02993150438364 8.353639999999999
50.05450147301533 8.39152
50.07907390151433 8.3053
50.10364879174981 8.30785
50.12841816587289 8.31448
50.1529980044635 8.28871
50.17758031042124 8.2649
50.20216508562089 8.26608
50.22694442953363 8.23806
50.25153416817468 8.241760000000001
50.27612638170508 8.21345
50.300721072005196 8.18976
50.325510416102105 8.16192
50.350110084975064 8.09822
50.37471223628208 8.13809
50.39931687190919 8.120610000000001
50.424116246675766 8.10593
50.44872587605249 8.09751
50.47333799543065 8.10036
50.49795260670191 8.04318
50.52276204271512 8.06972
50.54738166295838 8.0308
50.57200378079314 8.031189999999999
50.596628398116835 7.99568
50.62144792604559 7.97549
50.646077567609396 7.94274
50.670709714377715 7.92329
50.69553683636198 7.900530000000001
50.72017401885922 7.944839999999999
50.7448137122895 7.9238100000000005
50.76945591856022 7.922610000000001
50.79429318636823 7.897010000000001
50.818940443716784 7.87873
50.84359021965163 7.840389999999999
50.868242516085964 7.812469999999999
50.893089960641895 7.78607
50.917747323549435 7.76313
50.94240721271973 7.763910000000001
50.96706963007175 7.724539999999999
50.99192728239342 7.75092
51.01659478166073 7.793139999999999
51.04126481489051 7.744460000000001
51.06593738400761 7.697
51.090805275207074 7.676419999999999
51.11548294172845 7.67665
51.14016314993547 7.649719999999999
51.164845901758845 7.6231
51.18972406304274 7.6101399999999995
51.21441192780656 7.59057
51.23910234200271 7.5837
51.2637953075678 7.60128
51.288683770237945 7.56095
51.31338186432707 7.500939999999999
51.33808251561888 7.51894
51.362978729967345 7.510489999999999
51.387684521509755 7.53396
51.41239287610203 7.4748600000000005
51.437103795691165 7.467060000000001
51.46201036644977 7.420089999999999
51.486726441956634 7.41528
51.51144508832545 7.407260000000001
51.536166307509156 7.39723
51.56108326624387 7.41366
51.58580965706056 7.36839
51.61053862657523 7.38508
51.635270176746864 7.3272699999999995
51.66019755512065 7.361619999999999
51.68493429268881 7.31623
51.70967361681515 7.31648
51.73441552946465 7.27722
51.759353359237934 7.256989999999999
51.7841004750961 7.23699
51.80885018539685 7.2229399999999995
51.833602492111254 7.21477
51.8585508051424 7.22967
51.883308330926425 7.195530000000001
51.90806845906181 7.19125
51.932831191525715 7.16823
51.95779001977161 7.171880000000001
51.98255798721516 7.14995
52.00732856494335 7.1026
52.03229530577543 7.12378
52.057071130455945 7.07032
52.081849571391054 7.0749699999999995
52.106630630568695 7.08807
52.13160794279417 7.0271300000000005
52.15639426492067 7.025410000000001
52.18118321127822 7.01587
52.205974783860896 6.98146
52.23096269971011 6.987830000000001
52.255759551287994 7.0332300000000005
52.280559035098186 6.954210000000001
52.30536115314103 6.97115
52.33035970494467 6.96862
52.35516711807904 6.97815
52.37997717147198 6.94037
52.40478986713005 6.86598
52.42979908731974 6.86578
52.454617094216 6.835610000000001
52.47943774942214 6.8389999999999995
52.50426105495102 6.86655
52.529280976059844 6.79665
52.554109609024096 6.792960000000001
52.57894089837482 6.77641
52.60377484613117 6.78407
52.62880550079408 6.77365
52.65364479223379 6.73232
52.67848674816189 6.73977
52.70352547971946 6.72492
52.72837279155837 6.69872
52.753222773982785 6.673610000000001
52.778075429022984 6.67137
52.80312495150885 6.675339999999999
52.827982978797436 6.67611
52.85284368481815 6.59634
52.87770707160767 6.62103
52.90276741793998 6.59484
52.92763619336701 6.56205
52.952507655698504 6.572260000000001
52.977381806977576 6.5751
53.00245301017842 6.5556399999999995
53.02733256653592 6.53744
53.052214817996074 6.5338199999999995
53.077099766608484 6.52351
53.102181859804446 6.5183800000000005
53.127072229988265 6.51866
53.15196530349892 6.4802599999999995
53.17686108239249 6.45311
53.20195409881522 6.459309999999999
53.22685531582556 6.41988
53.25175924441303 6.4098
53.27666588664027 6.40297
53.30176985962693 6.39176
53.3266819565689 6.3941300000000005
53.35159677336455 6.39649
53.376514312083096 6.368180000000001
53.40162927507703 6.36035
53.42655228516116 6.33668
53.45147802340193 6.29756
53.47660125628886 6.3159
53.50153247842639 6.29418
53.52646643496923 6.2628900000000005
53.55140312799818 6.26248
53.576537409691696 6.25167
53.60147960336152 6.22231
53.626424539786164 6.20598
53.65137222105307 6.2148900000000005
53.67651758529126 6.1819
53.70147078399681 6.18125
53.72642673383343 6.16164
53.75138543689533 6.13497
53.776541917524526 6.13877
53.801506154876755 6.10406
53.826473151763246 6.09525
53.851442910284916 6.0819
53.87661054126026 6.0766800000000005
53.9015858509782 6.02649
53.92656392866066 6.0722
53.95154477641532 6.05434
53.976723591801296 6.01703
54.00171000771266 5.97115
54.02669920004598 6.0060199999999995
54.051691170915745 5.98844
54.076881204886796 5.97282
54.101878760928514 5.93436
54.12687910187696 5.96256
54.152077577768296 5.92424
54.1770835166946 5.9014
54.20209224691339 5.9023
54.22710377055121 5.89966
54.25231352511594 5.8579099999999995
54.27733066384342 5.80521
54.30235060239643 5.84
54.32737334290836 5.81804
54.35259441062629 5.801819999999999
54.377622783395324 5.77383
54.40265396455061 5.78207
54.42768795623251 5.74218
54.45292037169559 5.74263
54.477960012857906 5.74446
54.50300247099511 5.71431
54.52804774825457 5.707380000000001
54.55329154616743 5.69376
54.57834249018678 5.66146
54.6033962597977 5.64312
54.6284528571545 5.6336
54.653708072335164 5.54254
54.67877035378786 5.539219999999999
54.70383546947698 5.55
54.72890342156389 5.56685
54.7541700889442 5.50809
54.77924374251975 5.48848
54.8043202390049 5.47323
54.82959552413022 5.45397
54.8546777351945 5.47714
54.87976279569621 5.43455
54.90485070780914 5.49207
54.930137506558005 5.38892
54.95523115074295 5.41512
54.98032765308844 5.362369999999999
55.005427015775496 5.34537
55.03072536339621 5.33876
55.05583047570572 5.3025199999999995
55.080938454927676 5.26462
55.10604930325027 5.29818
55.131359235107396 5.250780000000001
55.15647585066083 5.214980000000001
55.181595341907496 5.1658599999999995
55.20671771104285 5.169230000000001
55.232039262617704 5.13516
55.25716741665048 5.1273
55.28229845518636 5.09221
55.30743238042802 5.07239
55.33276558731939 5.06419
55.357905315183636 5.078469999999999
55.383047936390035 4.97428
55.40819345314859 4.91982
55.433538351073295 4.95357
55.458689688238415 4.9959
55.483843927614096 4.93185
55.509197623043605 4.93266
55.53435769621134 4.897419999999999
55.55952067826466 4.85133
55.5846865714265 4.84572
55.61005202069737 4.7979400000000005
55.63522376553902 4.82297
55.66039842818645 4.80706
55.68557601087004 4.82333
55.7109532500271 4.7039
55.73613670233794 4.806
