TT I
1.2716486653135266 7.47705
1.2939594142134223 6.71655
1.3162702121660406 6.504230000000001
1.3385810600174564 6.537999999999999
1.3608919586137629 6.1964
1.383202908801069 5.8834
1.405513911425503 5.2497
1.4278249673332093 6.02895
1.4501343378461518 6.08231
1.4724455028545926 5.86575
1.4947567236847858 6.14363
1.517068001182951 5.73576
1.5393793361953272 5.02197
1.5616907295681737 5.6277800000000004
1.5840021821477681 5.41479
1.60631369478041 5.0172
1.6286252683124185 5.26264
1.6509369035901333 4.96379
1.6732468618895553 5.144430000000001
1.695558623192809 4.8114099999999995
1.7178704487808514 4.8956599999999995
1.7401823395001077 4.95705
1.7625012545597203 5.4875300000000005
1.7848028405262486 5.2413
1.8071218901122095 5.15771
1.8294236121921872 4.9242099999999995
1.8517427996910911 4.68326
1.8740620574440425 5.41219
1.8963639900671978 5.01664
1.9186833908139995 4.87445
1.9409854680117449 5.21339
1.9633050151394713 4.79398
1.9856246367570705 4.20368
2.0079269371922672 4.8716
2.03024671027244 4.16592
2.0525491637446027 4.84364
2.074869091674931 4.7329
2.097171701569106 5.23806
2.1194917877373847 4.5715900000000005
2.141811954326636 4.29622
2.164114805233074 5.10754
2.186435135143035 5.57161
2.208738150935709 10.3561
2.231058647554722 19.3559
2.2533792288321184 15.5466
2.275682498336085 8.4482
2.298003251406138 6.05809
2.3203066942619714 5.4955099999999995
2.3426276225136022 5.78407
2.3649486396617507 5.97923
2.387252348930071 6.05478
2.4095735463442893 6.78638
2.4318774374315884 6.54542
2.4541988185014043 6.615130000000001
2.476502894794693 7.54339
2.498824462909887 7.137010000000001
2.521146125856138 7.56331
2.5434504863470337 7.86693
2.5657723414244717 8.14025
2.588076895590662 8.4166
2.610398946189713 8.85854
2.6327210958598384 8.785060000000001
2.6550259469304716 8.150310000000001
2.6773482972090137 9.14927
2.6996533504259 9.01014
2.7219759047039602 8.30349
2.744298562293959 8.50423
2.7666039251246595 7.96744
2.7889267918020164 8.45993
2.8112323652516555 8.80541
2.833555444408179 9.11313
2.8558786311183852 8.3539
2.8781845268938557 8.19731
2.9005079311721484 9.1738
2.9228140460410397 8.956669999999999
2.9451376712799635 9.42383
2.967444008632326 9.86974
2.9897678582247247 10.3398
3.0120918213106695 10.6018
3.0343984987899373 11.0349
3.0567226913198637 11.0416
3.079029599759726 11.4151
3.101354025127254 12.4933
3.123678568232338 13.0575
3.145985829517914 12.777999999999999
3.16831061055229 13.1927
3.1906181112775593 14.8414
3.212943133635653 15.088
3.2352682779763207 15.1431
3.2575761442691227 15.1869
3.2799015350264273 15.5912
3.302209649240067 16.1423
3.3245352898092655 16.3343
3.3468436553365257 17.1005
3.369169549113219 17.74
3.3914955708171384 18.3913
3.413804319727358 18.8217
3.4361305997334863 18.9846
3.4584396084414553 19.6906
3.4807661501462652 20.3927
3.503092824025881 20.6646
3.5254022288463154 20.8658
3.5477291695206588 21.5002
3.5700388426251948 22.2039
3.5923660534916446 23.1971
3.6146934007816114 33.3313
3.637003482731501 63.0839
3.6593311053109985 68.3518
3.681641464033634 43.7537
3.7039693653009733 28.1046
3.726297407241705 25.658
3.7486081875460804 25.4305
3.7709365132734978 26.2615
3.793247578841633 26.6012
3.8155761917550093 26.3683
3.8378875459837216 26.4033
3.8602164494827234 27.4576
3.882545499606844 28.1258
3.9048572932539183 28.6042
3.9271866390645718 28.9337
3.9494987298666713 29.9048
3.971828374764527 29.9428
3.9941581705403255 30.5467
4.016470713506008 30.9926
4.038800813471445 31.7804
4.061113662089144 32.7446
4.0834440696459176 33.2514
4.105774632334751 33.6529
4.128087945865126 34.3606
4.150418821249301 34.5532
4.172732448931298 36.2227
4.195063640413578 37.5681
4.2173775856475215 41.0879
4.239709096631102 61.7998
4.262040768704612 160.91299999999998
4.284355196706267 208.922
4.306687193387355 140.18200000000002
4.329001947444346 65.4437
4.35133427213731 46.2655
4.373666762177566 44.0938
4.395982011761091 44.1506
4.418314834921175 44.7967
4.44063041906622 50.5376
4.4629635787515625 57.3701
4.4852969080429785 57.232
4.5076130004776225 52.6171
4.529946671403969 53.2474
4.552263106909177 55.3539
4.574597122877047 53.8112
4.596931312711224 52.9309
4.619248269273446 52.5755
4.6415828092605835 53.5776
4.663900117405352 54.8578
4.686235010953232 56.5943
4.708552674085913 57.6436
4.730887924602802 59.1273
4.753223354952695 60.3634
4.775541557023902 63.1644
4.797877349456786 65.7066
4.820195915032126 66.8626
4.842532072957498 67.0496
4.864868414979744 69.5333
4.88718753227192 72.6006
4.909524244902505 74.6464
4.931843734218147 75.1465
4.954180820867835 77.0424
4.976518095879839 79.3915
4.998838149695359 82.7651
5.021175803844231 85.9655
5.043496238205739 89.3591
5.065834274903528 93.7498
5.088172504230693 97.5265
5.1104935158799565 103.458
5.132832132875765 121.476
5.155153533596801 154.94
5.1774925416746225 181.642
5.199814334878411 305.52
5.2221537374521505 844.577
5.244493338631803 2634.95
5.266815727034316 7832.51
5.289155727832427 13469.5
5.311478517248165 9024.74
5.333818921080011 2780.7
5.356159527788849 516.163
5.3784829252032536 182.676
5.400823940070432 145.52200000000002
5.423147747031976 126.41
5.445489173474152 117.19200000000001
5.467830807066149 115.762
5.490155234831516 113.461
5.512497285125229 108.15700000000001
5.534822130975162 103.84299999999999
5.557164601388673 100.671
5.579489868738879 97.7704
5.601832762690846 96.6554
5.6241758697774475 95.1797
5.646501775867269 94.9046
5.668845311622074 93.8193
5.691171647754637 93.0516
5.713515615597765 91.5967
5.735859800852677 90.8924
5.758186788542988 91.4691
5.780531411018185 94.0219
5.802858837297399 93.7424
5.825203900414495 93.6325
5.8475491852224 95.2798
5.869877275883075 94.7158
5.892223006467101 93.3754
5.914551544266608 92.4674
5.936897724049891 94.4459
5.959244129804903 98.5465
5.981573344815301 114.234
6.0039202049061 191.64
6.026249875609095 404.082
6.04859719346037 871.7860000000001
6.070927323278297 2182.63
6.093275102315365 4519.46
6.115623113320588 5221.03
6.137953938319995 3090.29
6.160302415650845 890.408
6.182633708324452 212.93
6.2049826554078376 107.35600000000001
6.227331838745022 88.8697
6.249663839443684 82.3618
6.27201349767565 79.7387
6.294345974611799 83.0008
6.316696111167083 89.0336
6.339046488263839 84.8461
6.361379686074702 75.2029
6.383730546639482 70.366
6.406064229255215 67.9311
6.428415576718203 68.8472
6.450749747566656 67.8077
6.47310158535871 65.7821
6.495453669698332 64.1728
6.517788579421056 63.7247
6.540141159237969 62.7947
6.562476565766648 62.4061
6.5848296444934045 62.4674
6.607182974060425 62.1301
6.6295191323281015 62.0497
6.651872965955752 63.8812
6.6742096296068985 80.4962
6.6965639707294615 107.055
6.71891856698715 105.833
6.741255995248479 79.6123
6.763611104154477 63.7188
6.785949046381137 59.3039
6.808304671371482 58.6811
6.8306605557940046 59.0339
6.852999275508618 57.9006
6.875355681171544 56.6691
6.897694923437771 56.0544
6.92005185377892 55.7474
6.9423916220322655 55.8272
6.964749080490181 54.9588
6.987106804399774 55.0267
7.009447368180821 55.5593
7.031805625367033 55.1503
7.054146723727803 54.8733
7.076505517631004 54.4777
7.098864581288365 54.6433
7.121206488070854 54.5389
7.143566093607822 54.8656
7.165908543567245 55.4638
7.188268694426048 55.2654
7.2106291193438095 54.8669
7.232972390625943 55.6862
7.255333366030969 64.4527
7.277677189091925 98.1294
7.300038718428332 125.88600000000001
7.322400526130865 107.07700000000001
7.344745183422596 74.4243
7.367107550224791 58.1185
7.389452767901992 54.9791
7.411815697249891 53.9543
7.434161478756298 53.0795
7.456524974096713 53.5187
7.478888753837185 53.6535
7.501235387657368 53.7549
7.523599738562711 53.8128
7.545946944825532 54.1011
7.568311870344528 54.494
7.5906770845765665 54.7787
7.613025156078678 55.3323
7.635390950099687 56.2735
7.657739602662809 55.8634
7.680105979923558 55.4894
7.702472650212829 55.6473
7.724822180948224 55.7563
7.747189439655568 55.5297
7.769539560075357 55.5082
7.791907410653562 55.9985
7.81425812420825 55.7348
7.836626570110925 56.1203
7.858995315087906 56.7112
7.881346924933401 56.7791
7.903716270417482 57.4926
7.926068482028405 57.7861
7.948438431475253 58.3986
7.9708086843180235 59.0144
7.993161805171116 59.5045
8.015532667162402 60.0922
8.037886398416653 61.4006
8.060257873014221 61.8183
8.082629655331942 62.2063
8.104984308787587 62.9656
8.127356708900503 65.7172
8.149711981398308 70.3239
8.172085002766314 72.3973
8.194458336181368 70.2357
8.216814543847752 68.4816
8.23918850371002 68.688
8.26154533906492 69.0225
8.283919928836452 70.8293
8.306277395339652 71.4789
8.328652618483376 72.7003
8.351028159736202 75.0542
8.373386579575245 77.081
8.395762759396959 78.7862
8.418121819038275 82.9362
8.440498640894003 91.8889
8.462875785192262 101.936
8.485235811156207 114.223
8.507613602688501 151.714
8.529974277114228 229.112
8.552352719347912 354.838
8.574731488360351 613.523
8.59709314210385 1173.67
8.619472567021075 1880.53
8.64183487789147 2186.58
8.664214962183097 1766.12
8.686577933647762 922.38
8.708958680784317 344.75
8.731339760774953 155.11700000000002
8.753703729764451 107.5
8.77608547780821 96.3801
8.798450116065078 93.3823
8.820832535634787 90.9535
8.843215292401656 90.1289
8.865580941199045 90.0677
8.887964374703538 89.5058
8.910330701447199 90.0237
8.932714815164482 91.0764
8.955099270424924 88.9894
8.977466620733543 86.0435
8.999851761421976 84.1595
9.022219798361645 82.7926
9.04460562795561 82.7745
9.066991803441677 82.5242
9.089360876979615 82.6801
9.111747746589993 82.3386
9.13411751544971 81.5263
9.156505082664324 80.6951
9.178875550323522 80.7162
9.20126381862328 81.3257
9.223652438908596 81.1154
9.246023961427412 81.097
9.26841328802173 80.9806
9.290785518039224 81.2595
9.313175554425882 82.5876
9.335565947154315 83.1342
9.357939245086508 83.7957
9.380330352834827 83.7428
9.40270436697103 83.8747
9.425096193225055 83.2142
9.447488380180165 83.6359
9.469863475295412 83.0915
9.492256385987508 83.5191
9.514632206018318 83.8373
9.537025843935714 84.1351
9.559402392368193 85.7593
9.581796761000229 86.9211
9.604191496441521 88.6676
9.626569144158516 92.1483
9.648964615551032 94.3502
9.671343000390081 94.6502
9.693739211225699 93.1927
9.716135793237463 91.5113
9.738515290448102 91.52600000000001
9.760912617143402 92.8782
9.783292860202891 94.6487
9.805690935076182 96.3471
9.828089385495742 97.2355
9.850470754023561 99.0422
9.872869957865444 104.23
9.89525208097539 113.809
9.917652041736662 122.051
9.940052382417589 123.419
9.962435644102392 134.094
9.984836746950979 166.68099999999998
10.007220771957746 224.447
10.029622640473708 321.022
10.052007432299963 503.57300000000004
10.074410069984072 805.4689999999999
10.096813093716005 1275.5
10.119199042482517 1763.59
10.141602840636468 1943.86
10.163989564971628 1526.87
10.186394141051062 839.345
10.208799107559706 368.875
10.231187001965623 178.332
10.253592751657669 122.021
10.275981430388155 110.521
10.298387966769793 108.719
10.320794897965431 109.865
10.343184759907361 108.492
10.36559248305461 104.425
10.387983138083852 102.057
10.410391656691655 104.934
10.432800574501677 114.37799999999999
10.455192425893369 128.928
10.47760214443012 154.344
10.499994797678786 200.701
10.522405320453982 282.98
10.54479877906917 403.94300000000004
10.567210109595656 529.789
10.5896218454736 567.6619999999999
10.612016518879773 489.789
10.634429067781074 329.2
10.656824555333241 187.30599999999998
10.679237920773568 118.515
10.701651695961992 94.1871
10.724048411481384 87.7131
10.746463008485165 84.8568
10.768860546937125 83.3271
10.791275969274796 81.8031
10.81369180576079 81.0451
10.836090585366925 80.0914
10.858507252467449 78.6923
10.88090686379991 77.6741
10.903324365036394 77.1047
10.925724811614439 76.7724
10.948143150509463 77.7557
10.970561909719066 77.0559
10.992963615930844 75.7666
11.015383218085756 73.9971
11.037785768347074 72.5671
11.06020621697282 71.6699
11.082627090322113 70.9129
11.105030913430326 70.4402
11.12745263854165 70.6381
11.149857314510728 72.7062
11.172279894912576 76.3076
11.194702904450653 76.043
11.217108866490921 73.327
11.239532736615194 70.5465
11.26193956033512 69.1023
11.284364294577085 68.2678
11.306789462371718 66.9739
11.329197585398376 66.0891
11.351623622610898 65.9663
11.37403261614354 64.9748
11.396459526308487 64.9162
11.418869393879497 64.6136
11.441297180532617 63.9556
11.463725406927658 63.8283
11.486136592353875 63.7589
11.508565700543707 63.8533
11.530977768845315 65.2246
11.553407762368774 65.2085
11.575838200059769 64.7673
11.598251599479612 63.3471
11.620682927815501 62.6938
11.64309721895548 62.5867
11.665529441478206 62.0685
11.687962112597958 62.0034
11.710377748130886 61.8669
11.732811318753434 61.8697
11.755227854859067 61.7637
11.777662328529495 61.7994
11.800079768750786 61.525
11.822515149015453 61.6211
11.844950984084935 61.8454
11.867369787303163 61.2692
11.889806534289491 61.3826
11.912226250487029 61.8089
11.934663912939751 61.6743
11.9571020346363 61.7194
11.979523127133968 61.7621
12.001962169624331 62.4987
12.024384183972964 63.4272
12.046824150809913 66.1463
12.069264581333726 70.8507
12.091687985297767 76.6396
12.11412934550045 85.4182
12.136553680195208 101.228
12.158995973632788 127.72200000000001
12.181438735204349 156.841
12.20386447284199 185.755
12.226308172985636 204.53400000000002
12.24873485024193 194.817
12.271179492516982 157.143
12.293607112949127 119.665
12.316052700916226 91.5968
12.338498763250042 74.2342
12.360927805303868 67.232
12.383374818673879 64.3655
12.405804812803074 63.1907
12.428252780773262 63.0564
12.45070122756722 63.0714
12.473132656675375 63.1669
12.49558206341869 63.3373
12.518014453510101 63.696000000000005
12.540464823770117 63.9614
12.562915677315177 63.8411
12.58534951575545 64.2717
12.607801338171472 65.507
12.630236146511358 69.1214
12.652688941369085 72.2312
12.675124723177234 72.0222
12.697578494048786 70.1277
12.720032754458185 67.2351
12.742470003354093 66.6094
12.764925245138771 66.8161
12.787363476431278 66.8822
12.809819703166806 67.1116
12.83227642391173 68.2136
12.854716135692716 68.4835
12.877173846755147 69.8445
12.899614549869717 69.9554
12.9220732548287 70.8702
12.94453245827299 71.3981
12.966974655289818 72.2937
12.989434858002571 72.8951
13.011878055298721 73.7411
13.034339260862497 74.7834
13.056800969391883 75.686
13.079245674017244 77.6781
13.101708390774869 80.0132
13.12415410463411 86.4152
13.146617833206086 96.3606
13.169064559883248 106.831
13.191529303857127 121.47399999999999
13.213994557076367 143.966
13.236442809902437 182.90200000000002
13.258909083908291 241.676
13.28135835851934 310.078
13.30382565690295 383.224
13.326293469022952 429.07800000000003
13.348744283242008 419.666
13.371213125129904 347.194
13.39366497011003 245.205
13.416134845360597 165.701
13.438605238843131 118.99799999999999
13.46105863690397 102.463
13.483530069144786 102.07600000000001
13.505984506951902 106.678
13.528456981549432 115.865
13.550929978879088 131.352
13.573385983253365 155.628
13.595860028340867 198.25
13.618317081455832 256.188
13.64079217790333 313.46
13.663250283359057 361.415
13.685726434770173 372.76099999999997
13.708203115221277 323.812
13.730662806148091 249.67
13.75314054697177 177.92700000000002
13.775601299246777 123.336
13.798080104050406 94.7863
13.820559442405358 83.9085
13.843021793671388 80.3251
13.865502201420897 78.7198
13.887965623051947 78.5966
13.910447103807167 77.3802
13.932929122629764 75.984
13.955394156785959 75.7407
13.977877254034569 74.76
14.000343367582113 73.9189
14.022827546871707 72.9573
14.045294743423524 72.4363
14.06778000837062 71.8562
14.090265817715476 71.8736
14.112734645763819 71.4621
14.13522154619454 70.9834
14.157691466286913 70.9359
14.180179461423874 70.7308
14.202668005486178 70.2007
14.22513957064374 69.7365
14.247629214846473 69.0522
14.270101881097517 68.8523
14.29259262906496 69.0613
14.315083930490205 69.4243
14.337558255389705 69.5075
14.360050666019726 69.4155
14.382526101071944 68.6082
14.405019624534942 67.862
14.427513705993134 67.7179
14.449990813291825 67.7519
14.47248601302899 67.7477
14.49496423954951 67.73100000000001
14.517460561197822 67.5709
14.539939910570322 67.5657
14.562437357763558 67.7259
14.58493536931253 68.5515
14.607416409993311 69.3475
14.62991555254159 69.8303
14.652397725157423 69.5498
14.674898002342799 69.1023
14.697398848433282 69.2553
14.719882725991326 69.7885
14.74238471217934 70.9322
14.764869730765593 73.7718
14.787372860692983 76.7261
14.809876564079925 81.0009
14.83236330125751 86.4789
14.854868153850365 94.8965
14.877356041159485 109.49700000000001
14.899862046604186 129.004
14.922351087688757 157.115
14.944858249632887 189.22099999999998
14.967365991421232 212.82299999999998
14.989856770231246 224.51
15.012365673994204 215.01
15.03485761569738 181.365
15.05736768508665 144.47799999999998
15.07987833888692 109.881
15.102372032001655 87.3016
15.124883856909658 75.442
15.14737872204565 71.0509
15.169891721717274 69.2537
15.192405310371893 69.1795
15.214901940621196 69.2256
15.237416709527137 68.9885
15.259914520936249 69.0664
15.282430473753607 68.1715
15.304947020131227 67.1828
15.327446610371178 66.4971
15.349964346154254 65.663
15.372465126703139 65.6809
15.394984055556009 65.2993
15.417486030076159 65.3065
15.44000615566487 64.9231
15.462526881230803 64.5655
15.485030653812652 64.8838
15.507552581617434 65.07300000000001
15.530057557334603 65.0575
15.55258069104857 64.7619
15.575104429329837 65.0019
15.597611216864632 64.7744
15.620136166564563 65.104
15.6426441664095 65.8504
15.665170331202765 67.4514
15.687697105158826 70.3839
15.710206930593545 73.5525
15.732734925158933 77.4644
15.755245972089478 83.7656
15.77777519094324 93.3554
15.800287463046663 107.241
15.822817909869592 127.476
15.84534897229804 150.648
15.867863089299354 174.503
15.890395385222186 190.465
15.912910736597423 193.18599999999998
15.935444269699861 178.863
15.957978423016485 149.92
15.980495633101265 118.67200000000001
16.003031029129367 92.7555
16.02554948280019 74.9124
16.048086125229432 66.4866
16.070623392487107 63.7783
16.09314371869582 62.7627
16.11568223789321 61.7424
16.13820381691126 60.8244
16.160743591742527 59.9161
16.183283996022084 59.1025
16.205807461423195 58.3794
16.228349126881973 57.6036
16.25087385432698 57.841
16.27341678466365 57.2173
16.29594277784926 56.9936
16.31848697676433 57.2016
16.341031811604868 57.0117
16.36355971058487 57.3936
16.3861058195587 56.9907
16.40863499352978 56.0798
16.431182380342005 55.4902
16.453730407713202 55.2144
16.476261501364792 54.8173
16.498810812136167 54.6216
16.52134319004079 54.6279
16.54389378792203 54.4929
16.566445031001553 54.3373
16.588979342490088 54.2307
16.61153187824822 54.1061
16.634067483263312 54.0567
16.656621315414416 53.6928
16.679175797408888 53.3857
16.701713349928728 53.4681
16.72426913389191 53.6438
16.74680798922351 54.0361
16.76936507887444 53.9356
16.791905240734874 53.8617
16.814463639794468 53.7503
16.837022695210294 53.7919
16.859564824093756 54.1675
16.882125194503903 54.8645
16.904668639217885 55.0969
16.927230328348003 54.982
16.949792678493612 55.1711
16.972338104193863 54.8251
16.994901778652235 54.4683
17.017448529496576 54.4342
17.040013531998152 54.8411
17.06257920018044 55.0874
17.0851279459922 55.8493
17.107694947817667 56.7002
17.130245028099072 57.4829
17.15281336730298 58.7652
17.17536478578733 60.4742
17.19793446610687 62.7876
17.220504818648422 65.983
17.243058251703697 69.7273
17.265629950971032 74.6988
17.288184731571736 78.8428
17.310757781306908 82.9806
17.33333150794385 82.1504
17.355888317140174 79.7695
17.37846339986244 74.6419
17.401021565958885 68.7377
17.42359800851343 63.9442
17.44617513265564 60.8427
17.468735341390783 59.0031
17.491261035594565 58.2254
17.51396340099364 57.9848
17.536490463869136 58.0825
17.559018209820174 58.1498
17.58154663977963 58.0908
17.604251766089718 58.2098
17.626781572227713 58.4767
17.64931206518155 58.7277
17.671843245885103 59.2193
17.69455114821572 59.4829
17.717083712612634 59.6072
17.739616967569667 59.702
17.762150914021706 60.0973
17.78486160749854 60.225
17.807396945166804 61.0576
17.829932977143503 61.7175
17.85246970436452 63.0424
17.875183204129467 64.5992
17.897721330097664 66.6357
17.920260154126645 68.9726
17.942799677153296 71.9535
17.9655159983646 75.5571
17.988056927677544 81.6543
18.010598558807683 89.345
18.033140892692916 100.329
18.05586005052525 112.096
18.07840379824407 123.335
18.10094825154059 131.834
18.12366954819864 136.666
18.146215420998306 133.916
18.16876200220057 125.542
18.191309292745153 112.736
18.214033452627167 100.434
18.236582170236648 89.3974
18.259131600016456 84.965
18.281681742907335 85.8417
18.304408781233683 90.2946
18.32696035875955 95.7462
18.349512652227624 100.447
18.372065662579683 104.021
18.394795594587553 104.295
18.41735004715306 99.3
18.43990521943684 92.3669
18.46246111238171 83.2875
18.485193953325208 75.0871
18.507751296070428 68.6502
18.530309362314178 64.5985
18.552868153000343 62.3343
18.57560391815056 61.1934
18.59816416623245 60.6695
18.620725141597372 60.2959
18.643286845190268 59.7057
18.666025549835414 59.3579
18.688588718427933 58.7596
18.711152618092243 58.6296
18.73389353884365 58.3761
18.75645890921984 58.0377
18.77902501351406 57.7285
18.801591852673102 57.6408
18.824335739722738 57.1484
18.846904057212626 57.1049
18.8694731124168 56.7019
18.89204290628315 56.6689
18.914789774966803 56.5257
18.937361054791623 56.2536
18.959933076131318 56.1162
18.982505839934877 56.0412
19.00525570560582 55.9796
19.027829963004184 55.6771
19.05040496572238 56.1104
19.072980714710468 55.9524
19.095733592739563 56.2472
19.11831084296757 56.0387
19.140888842324735 56.5107
19.16346759176222 56.7056
19.18622349753803 57.4049
19.208803755869358 58.3143
19.231384767143577 59.3481
19.253966532312948 61.1012
19.276725481241822 63.2668
19.29930876296784 65.8886
19.3218928014549 68.9412
19.34465404436217 71.6018
19.36723960516257 73.7429
19.389825925592426 74.1943
19.412413006605938 72.9051
19.43517731967805 69.62
19.457765930683355 65.6547
19.48035530514408 61.3491
19.50294544401556 57.9527
19.525712842708348 55.5233
19.54830451925909 54.2426
19.570896963095727 53.2548
19.593490175174704 52.937
19.616260674962184 52.9074
19.638855432416964 52.5669
19.661450960992624 52.8243
19.68404726164677 52.658
19.706820878021247 52.4805
19.729418731756834 52.523999999999994
19.752017360452857 52.3209
19.77461676506804 52.6112
19.797393513540218 52.606
19.819994478951667 52.8157
19.84259622316767 53.3288
19.8651987471481 53.81
19.887978643247177 53.933
19.91058273574792 54.3277
19.933187610901943 55.1569
19.955969879466828 56.2527
19.97857632894404 57.8861
20.00118356396599 59.9083
20.023791585494575 61.9859
20.046577028914875 64.6814
20.069186632506966 66.8689
20.091797025500632 68.1705
20.114408208858933 68.7731
20.137196842715273 67.7811
20.159809615886765 66.7047
20.18242318232135 64.2022
20.20503754298326 62.4062
20.227829382875154 61.5632
20.250445341109344 61.7757
20.27306209647285 62.2904
20.29567964993108 63.5326
20.31847471147704 64.3709
20.34109387027612 64.7467
20.363713830075454 64.3311
20.386334591841646 62.6612
20.409132890679302 59.9459
20.431755265564437 57.003
20.454378445325528 54.4478
20.477002430930366 52.5483
20.499803982716553 51.3221
20.522429589228004 50.5451
20.54505600449589 50.0355
20.567683229489194 49.9491
20.590488049900088 49.6526
20.61311690359731 49.2581
20.63574656993626 49.2257
20.658553853717297 48.9696
20.681185154618298 48.7617
20.703817271080066 48.6297
20.72645020407368 48.305
20.749260783967177 48.2886
20.771895359337133 48.3662
20.794530754161617 48.2912
20.817166969412938 48.042
20.83998086114876 48.1132
20.86261872660049 47.9949
20.885257415405402 47.9391
20.90789692853701 48.0681
20.930714147864748 47.6413
20.953355319030678 47.9243
20.97599731745334 47.9547
20.99864014410749 47.7407
21.021460706796564 47.8831
21.044105199328826 47.9622
21.06675052302631 48.0753
21.089396678865015 48.2874
21.112220600704806 48.604
21.134868430275347 49.1729
21.15751709492456 49.3421
21.180166595629693 49.6971
21.202993892429635 50.0324
21.22564507473034 50.4282
21.24829709602816 50.8575
21.27112693608965 50.7182
21.293780644891275 50.515
21.316435195634053 49.8571
21.339090589297417 49.3527
21.361923832041875 48.6859
21.384580921090404 48.2156
21.407238856007325 47.6316
21.429897637773326 47.5328
21.45273429906592 47.5185
21.475394784108598 47.5249
21.498056118951983 47.5235
21.520718304578022 47.9112
21.543558400304388 47.8102
21.566222297108816 47.9903
21.58888704765135 48.0362
21.61155265291521 48.465
21.63439619898156 48.9794
21.657063523335786 48.94
21.67973170537063 49.4718
21.7024007460706 49.8797
21.72524775840385 50.6689
21.747918526116475 51.8919
21.770590155457388 53.1911
21.79326264741238 54.7644
21.816113141960237 56.6743
21.838787368860547 58.5206
21.861462461341976 60.4215
21.884315579735777 62.1905
21.90699241312273 63.3114
21.92967011506078 63.7569
21.95234868653799 63.007
21.9752053151131 61.8425
21.997885635446785 59.8276
22.020566828293532 58.1256
22.04324889464272 56.6847
22.066109049404666 55.6669
22.088792872571794 55.4463
22.111477572219204 55.3325
22.1341631493376 55.1831
22.157026846313123 54.9245
22.179714188221507 54.1211
22.202402410582668 52.9012
22.22509151438863 51.4328
22.24795876962584 50.4533
22.270649646204486 49.4894
22.293341407213727 48.7833
22.316034053646906 48.4592
22.338904883215342 48.1476
22.36159931041458 48.0933
22.38429462602756 48.1345
22.40699083104897 47.8625
22.429865251039757 47.8828
22.452563244831367 47.8537
22.47526213102522 47.9908
22.49813925616515 47.7562
22.520839937143307 47.7161
22.543541513520587 47.9391
22.56624398629403 47.8075
22.589124730075895 47.6538
22.611829005656723 47.8722
22.63453418063466 47.8596
22.657240256008077 47.7867
22.680124634582935 48.0811
22.70283252079775 48.4363
22.725541310413075 48.7491
22.74825100442868 48.9076
22.771139033969575 49.2888
22.79385054687155 49.5438
22.81656296718292 50.0958
22.83927629590484 51.1437
22.862167992606945 52.2061
22.88488314827121 53.3562
22.907599215359284 54.4767
22.93031619487366 55.7465
22.953211574954405 56.3455
22.975930389478226 56.9757
22.998650119445763 56.7734
23.02137076586092 55.9631
23.044269845560063 54.6004
23.06699233506288 53.3511
23.089715744034912 51.6661
23.112617610931565 50.2408
23.135342869061212 49.0825
23.158069049684816 48.3162
23.1807961538087 48.0036
23.20370174880544 47.8576
23.226430710184808 47.8784
23.249160598093425 48.0694
23.271891413539002 47.8551
23.294800752937697 48.027
23.31753343374794 48.034
23.340267045128353 48.269
23.36300158808808 48.6816
23.38591468821339 48.8981
23.408651104658304 49.3503
23.431388455719986 49.9636
23.454126742409 50.8012
23.4770436196085 52.1183
23.499783787914662 53.3791
23.522524894889884 54.6083
23.54526694154616 55.4996
23.56818761219047 56.4927
23.59093154860734 56.8976
23.613676427751283 56.9351
23.636422250635754 56.018
23.659346731118656 54.3609
23.68209445191868 52.5625
23.704843119509587 50.4497
23.72759273490623 48.7007
23.750521041644767 47.451
23.77327256312355 46.4982
23.796025035462787 45.8105
23.818956224555475 45.3475
23.841710609113413 45.1289
23.86446594758979 44.8865
23.887222241002014 44.8205
23.910157285144578 44.4762
23.932915498962537 44.5599
23.955674670778713 44.3029
23.978434801611975 44.2366
24.001373717286125 44.0077
24.024135776723917 43.8013
24.046898798245582 43.6137
24.06966278287146 43.6828
24.092605586582614 43.5458
24.115371508023642 43.5013
24.1381383956401 43.3957
24.16090625045381 43.3448
24.183852958731244 43.2056
24.206622758582608 42.9252
24.229393528706886 42.7621
24.252165270127392 42.9438
24.27511589952438 42.8466
24.297889594216997 42.5466
24.32066426328598 42.5048
24.34343990775613 42.5605
24.36639447485003 42.4703
24.38917208083877 42.5056
24.41195066531332 42.3227
24.43490819850244 42.4307
24.457688750692377 42.2848
24.48047028445616 42.1967
24.503252800821233 42.4496
24.526214300784112 42.3076
24.548998793132213 42.2009
24.57178427117417 42.0749
24.59457073593893 42.1651
24.617536219319863 42.2506
24.64032466834748 42.24100000000001
24.663114107195035 42.0664
24.685904536893013 41.8296
24.708874020360852 41.7605
24.731666442613744 41.803999999999995
24.754459858818787 41.6627
24.777254270007962 41.6252
24.80022777025625 41.5315
24.82302418230472 41.5222
24.845821592443674 41.5328
24.86862000170663 41.4817
24.891597535453727 41.3603
24.914397953892728 41.5545
24.93719937456671 41.4763
24.96000179851076 41.672
24.98298338249997 41.9306
25.00578782394922 41.9604
25.028593271784167 42.1606
25.05157790644186 42.4249
25.07438537804115 42.6289
25.097193859145293 42.928999999999995
25.120003350792075 43.2512
25.142992065061257 43.6483
25.165803588823465 43.856
25.18861612625217 43.8629
25.211429678386736 43.9096
25.234422489079968 43.9322
25.257238081693636 44.0453
25.280054692141732 44.3713
25.3028723214652 44.343
25.325869245420463 44.2603
25.348688923599397 44.2434
25.371509623787006 44.132
25.394331347025812 43.7193
25.41733240110666 43.1955
25.440156181590016 42.5051
25.46298098826268 42.1624
25.48580682216873 41.5069
25.50881202326435 41.1241
25.53163992281684 40.7111
25.55446885274561 40.4573
25.577298814096377 40.3266
25.600308179121807 40.1126
25.623140214533745 40.2092
25.64597328451537 40.0557
25.66898578564376 39.8764
25.691820936010206 39.8951
25.714657124097695 39.8093
25.737494350954734 39.8267
25.760511045684957 39.7186
25.783350361364224 39.813
25.806190718969255 39.777
25.82903211955018 39.8821
25.852053024868923 39.9034
25.874896522722523 39.9363
25.897741066713106 39.9155
25.920586657892454 40.0035
25.943611790812668 40.1991
25.966459487728237 40.315
25.989308234998564 40.3242
26.01215803367705 40.7605
26.03518741123814 40.8223
26.05803932412957 40.9284
26.080892291600094 40.9659
26.10374631470478 40.9983
26.12677995397268 41.0901
26.14963609978026 40.9893
26.172493304397875 40.5801
26.19535156888223 40.3889
26.218389486949604 40.1006
26.241249882640123 39.8281
26.26411134137826 39.4736
26.28715248187403 39.5713
26.31001607820869 39.3306
26.3328807407756 39.2636
26.35574647063438 39.5142
26.37879191991473 39.4354
26.401659795896734 39.501
26.424528742360263 39.4574
26.447398760366614 39.7624
26.470448535598294 39.9238
26.49332070826805 39.9957
26.516193955675355 40.3817
26.53906827888316 40.6127
26.562122397260108 40.7217
26.584998883685063 41.0676
26.607876449110325 41.3602
26.63075509460056 41.2072
26.65381357334404 41.4791
26.67669439061878 41.4632
26.699576291163382 41.2681
26.722459276044212 41.2147
26.745522132402975 41.0284
26.768407297649354 40.7
26.791293550442003 40.4598
26.814180891848974 40.0998
26.837248143099337 39.8147
26.860137673466657 39.7411
26.88302829566349 39.385
26.90592001075963 39.2741
26.92899167420566 39.2199
26.951885586870763 38.7289
26.974780595655517 38.5467
26.99785558178161 38.5631
27.020752794605112 38.3225
27.043651106772522 38.1569
27.06655051935668 38.1848
27.089629948036183 38.0802
27.112531573292053 38.0164
27.135434302194138 38.0353
27.158338135817015 37.8943
27.181422024430987 37.9955
27.204328079372566 37.7678
27.22723524226965 37.9782
27.250143514198573 37.9763
27.273231880156334 37.9833
27.296142382065014 37.8317
27.319053996245536 37.7473
27.341966723775965 37.6821
27.365059584515222 37.8991
27.38797455070062 37.8864
27.410890633481237 37.7042
27.433807833936918 37.8251
27.456905206923906 37.9567
27.47982465472398 37.8758
27.502745223449743 37.9088
27.525666914182825 38.0552
27.548768816912457 38.0007
27.571692763693633 37.8612
27.59461783573812 37.778
27.617723149491244 37.5667
27.640650484125285 37.58
27.66357894728264 37.4573
27.686508540048052 37.5358
27.709618414237887 37.3235
27.732550278321757 37.195
27.755483275279115 37.2088
27.778417406196485 37.2877
27.801531858397514 37.2274
27.824468269376716 37.1175
27.847405817586786 37.1521
27.870344504116094 37.3672
27.893463551932008 37.5204
27.916404527281053 37.7318
27.93934664422563 37.8
27.962289903855886 37.8159
27.98541356491974 37.9473
28.00835912214229 38.0003
28.03130582533231 38.4181
28.054253675581805 38.5374
28.077381967556104 38.3418
28.100332124185126 38.3021
28.123283431160893 38.2472
28.146235889577238 38.2785
28.169368830154156 37.9956
28.192323603752033 37.8232
28.215279532083304 37.5398
28.238415973016764 37.3642
28.261374223145094 37.2726
28.284333631303806 37.0478
28.307294198589954 36.8786
28.330435319167677 36.5657
28.353398217078915 36.3116
28.376362277420153 36.0355
28.39932750129032 35.8812
28.422473319286713 35.7521
28.44544088262495 35.8003
28.468409612800283 35.6249
28.491379510913497 35.4504
28.51453004413313 35.406
28.53750229057244 35.265
28.56047570826344 35.2058
28.583450298308804 35.2186
28.606605564586562 35.1229
28.629582511831156 35.2172
28.65256063474956 35.0507
28.675539934446338 35.0617
28.698699951647605 34.9902
28.72168161743193 34.8398
28.74466446331978 34.8353
28.767648490417624 34.8272
28.790813276438353 34.8709
28.813799678527303 34.9113
28.836787265157085 34.9084
28.859955641890075 34.8781
28.882945610203045 34.7906
28.905936766392035 34.6651
28.928929111566863 34.7371
28.952102288520145 34.7441
28.975097024308607 34.4725
28.998092952423807 34.3925
29.021090073977508 34.3326
29.04426806913204 34.2583
29.067267590245258 34.0247
29.090268308143695 33.9792
29.11327022394099 34.0102
29.13645305530891 33.9578
29.159457379627167 33.774
29.18246290519685 33.8089
29.20546963313352 33.7614
29.22865731875826 33.827
29.25166646419296 33.7934
29.27467681535305 33.5957
29.29768837335608 33.672
29.320880931312562 33.7456
29.34389491580634 33.8034
29.366910110507334 33.7549
29.38992651653503 33.7399
29.41312396492981 33.7618
29.436142806456754 33.6819
29.45916286268059 33.4041
29.48236399319994 33.3718
29.50538649169417 33.3515
29.528410208259935 33.2414
29.55143514402014 32.9455
29.574641196749695 32.8619
29.597668583816574 32.757
29.6206971934585 32.5503
29.64372702680042 32.6002
29.666938019934474 32.5074
29.689970313635285 32.4299
29.713003834422636 32.3974
29.73603858342347 32.5155
29.759254535188578 32.3335
29.78229175361658 32.2435
29.80533020365064 32.2124
29.82836988641968 32.3543
29.85159081507472 32.2178
29.874632976355343 32.1309
29.89767637376955 32.3048
29.920721008448314 32.1225
29.9439469322847 32.0324
29.96699405457564 32.0054
29.9900424175358 31.9819
30.013092022298157 31.9764
30.03632295963995 31.9249
30.059375061131373 31.9465
30.08242840783577 31.9916
30.105483000888153 31.9826
30.128718970092244 31.8906
30.151776069006917 31.805999999999997
30.17483441768648 31.836
30.198074175317235 31.8066
30.221135036724256 31.8272
30.24419715131772 31.8987
30.267260520236203 31.7028
30.290505341942243 31.7988
30.313571232750228 31.8533
30.336638381310948 31.7478
30.35970678876503 31.750999999999998
30.38295669299435 31.6394
30.40602763151657 31.6721
30.429099832366074 31.654
30.452173296685572 31.6115
30.47542830191959 31.5092
30.498504306502497 31.5157
30.521581577995562 31.6724
30.544660117543582 31.5664
30.56792024229725 31.633000000000003
30.59100133132069 31.5822
30.614083691845494 31.5495
30.637167325018545 31.6163
30.660432587840603 31.6739
30.683518779717886 31.6086
30.70660624769615 31.767
30.729694992924372 31.6468
30.75296541239743 31.7068
30.77605672557558 31.6365
30.799149319462742 31.6258
30.8224236211637 31.4529
30.845518789950724 31.3416
30.868615242910597 31.324
30.891712981195973 31.230999999999998
30.91499247215866 31.115
30.938092794619365 31.1356
30.96119440587579 31.0356
30.984297307082752 30.9298
31.00758200598383 30.773000000000003
31.030687500658694 30.7863
31.053794288760695 30.7319
31.076902371446767 30.5775
31.100192296997445 30.6143
31.12330298246119 30.5606
31.14641496599209 30.5064
31.169528248749216 30.4021
31.19282341969534 30.3877
31.215939314557186 30.3721
31.239056512134788 30.4227
31.262175013589378 30.4149
31.28547544871168 30.3289
31.30859657161541 30.302
31.331719001892175 30.33
31.35484274070538 30.4456
31.378148458819545 30.421999999999997
31.401274828443725 30.3565
31.424402510106933 30.4036
31.447712205419993 30.4248
31.470842524931633 30.3325
31.493974159989783 30.2769
31.51710711176168 30.401
31.54042212308802 30.2835
31.563557722100917 30.2752
31.586694641341655 30.1741
31.609832881979628 30.0482
31.63315322823208 29.9352
31.656294125521327 29.8847
31.679436347728515 29.8471
31.70257989602529 29.8287
31.725905596152327 29.6655
31.74905181052835 29.6612
31.772199354521323 29.7415
31.79534822930507 29.7325
31.818679302290967 29.7674
31.84183085259981 29.6965
31.864983737233473 29.6034
31.88813795736804 29.6609
31.911474422233013 29.65
31.934631327356435 29.6822
31.9577895715215 29.6032
31.980949155906522 29.594
32.004291031706956 29.5701
32.027453310562606 29.3719
32.05061693318573 29.2393
32.07396288236386 29.2913
32.09712920658542 29.2569
32.12029687812702 29.2204
32.14346589817093 29.1267
32.166817291729984 29.1162
32.18998902288583 29.0189
32.21316210610336 28.8857
32.23633654256711 28.8247
32.259693399663725 28.7797
32.282870556771144 28.6854
32.30604907069099 28.686999999999998
32.329228942610065 28.6254
32.35259128243769 28.4724
32.375773884550505 28.4792
32.398957848235646 28.4957
32.422143174682176 28.3474
32.445511016471215 28.2627
32.468699082679954 28.2542
32.49188851523011 28.201999999999998
32.51507931531304 28.2087
32.538452678331 28.2587
32.56164622776311 28.0538
32.58484114831493 27.9816
32.60803744118015 28.0906
32.631416344731896 28.0913
32.654615396551876 27.9974
32.67781582427913 28.0189
32.701198898634416 27.8491
32.72440209253756 27.7508
32.747606665947124 27.7946
32.77081262006088 27.624000000000002
32.79420126883317 27.6306
32.81740999876112 27.7014
32.840620112999424 27.5861
32.86383161274818 27.5636
32.88722585534586 27.618000000000002
32.91044014056596 27.5773
32.933655814909734 27.4687
32.95687287957963 27.5492
32.98027273544904 27.4259
33.00349259526636 27.4008
33.026713849030116 27.5108
33.04993649794511 27.4603
33.073341986570746 27.349
33.09656744032826 27.3079
33.11979429286444 27.3529
33.14302254538647 27.3451
33.166433686291185 27.288
33.18966475336992 27.2284
33.212897224069096 27.1574
33.23613109959831 27.156
33.259547912343415 27.1603
33.2827846121627 27.184
33.306022720453775 27.0885
33.32926223842861 26.9819
33.352684742614166 26.9834
33.37592709463173 27.0467
33.399170859982064 26.8884
33.422597648419426 26.8579
33.44584425514446 26.5981
33.46909227885668 26.585
33.4923417207723 26.4783
33.51577423505344 26.5395
33.539026528130385 26.4097
33.56228024307245 26.4918
33.585535381098246 26.2601
33.60897364093058 26.3022
33.63223163992385 26.3802
33.6554910656699 26.2339
33.678751919389796 26.2285
33.702195944520106 26.1264
33.72545966903325 26.1844
33.74872482519663 26.1109
33.771991414233746 26.0945
33.79544122444841 26.1007
33.81871069412428 25.9389
33.84198160035767 25.9516
33.86525394437455 26.0102
33.88870955949969 25.8878
33.911984794020626 25.8404
33.93526147001624 25.798000000000002
33.958539588715006 25.7689
33.98200102861669 25.6747
34.0052820477047 25.6438
34.02856451319451 25.6195
34.05203033759056 25.5452
34.07531571090147 25.5265
34.09860253431845 25.4429
34.121890809074316 25.5002
34.145362493118924 25.4629
34.16865368561615 25.4038
34.191946333164054 25.3397
34.21524043699793 25.3951
34.23871800066799 25.3544
34.26201503218366 25.2779
34.28531352370466 25.2394
34.30861347646881 25.0815
34.33209693978188 25.1435
34.3553998301885 25.073
34.378704185565205 25.1187
34.402010007152356 25.045
34.42549939016683 24.9747
34.44880815937748 24.9135
34.472118398533134 24.8297
34.49543010887669 24.8852
34.51892543169198 24.7773
34.54224009966052 24.8231
34.56555624255917 24.8063
34.58887386163339 24.6586
34.61237514439016 24.5319
34.6356957311114 24.5494
34.65901779775809 24.5448
34.68252356662995 24.56
34.705848608458616 24.4582
34.72917513396849 24.4153
34.75250314440949 24.4487
34.77601490857862 24.3141
34.799345904259795 24.3285
34.82267838863559 24.3575
34.846012362958525 24.2623
34.869530142679984 24.2007
34.89286711232212 24.1659
34.91620557568269 24.1645
34.93954553401677 24.1318
34.9630693495876 24.04
34.986412313340814 24.1631
35.00975677584668 24.1493
35.033102738362956 24.0592
35.05663261012228 23.9674
35.0799815881786 24.0499
35.10333207003229 23.9266
35.12668405694369 23.8969
35.150220005273056 23.8642
35.17357501786656 23.8353
35.19693153931268 23.7512
35.220289570874385 23.7388
35.24383161619786 23.8394
35.267192683604904 23.8006
35.290555264930376 23.7446
35.314101899412165 23.6718
35.33746752422433 23.6856
35.36083466676374 23.6409
35.38420332829803 23.5523
35.407756095629054 23.6239
35.43112781085063 23.6198
35.45450104888391 23.5476
35.477875810999194 23.5853
35.50143473172161 23.4482
35.52481255774625 23.5211
35.54819191167777 23.4821
35.57157279478914 23.4068
35.595137889488406 23.3543
35.61852184675279 23.3475
35.641907337029984 23.3463
35.665294361595684 23.3026
35.68886565090076 23.2013
35.7122557598848 23.1715
35.73564740699838 23.0939
35.759040593519934 23.1156
35.78261809810353 23.1176
35.80601437933051 22.9631
35.829412203814705 22.9344
35.85281157283719 22.8639
35.876395313415884 22.8732
35.8997977874528 22.8649
35.92320180988546 22.7756
35.946790244133936 22.6856
35.97019737933222 22.7216
35.993606066789866 22.7568
36.01701630779276 22.7371
36.04061101440684 22.6926
36.06402437852291 22.695
36.08743930005611 22.5714
36.1108557802951 22.5908
36.13445678011326 22.6131
36.15787639383515 22.4573
36.18129757014299 22.4653
36.20472031032821 22.3925
36.22832762423364 22.3781
36.25175350829375 22.3271
36.275180960119776 22.354
36.298609981005924 22.3278
36.32222362992669 22.3674
36.34565580510207 22.2862
36.36908955323448 22.2181
36.39252487562093 22.156
36.416144880530226 22.0386
36.43958336764275 22.088
36.463023432914625 22.1065
36.486465077645676 21.9547
36.51009145956204 22.0277
36.53353627947859 22.0554
36.55698268276811 21.9832
36.58043067073321 21.9297
36.60406345072071 21.9009
36.62751462435344 21.8802
36.65096738658405 21.7803
36.67460498210655 21.7817
36.69806093788647 21.8137
36.72151848619297 21.6625
36.744977628333636 21.6464
36.76862165890998 21.6009
36.79208400512205 21.62
36.81554794910557 21.6258
36.83901349217101 21.4941
36.862663978991606 21.5183
36.88613273667352 21.4675
36.90960309738324 21.4508
36.933075062434064 21.4168
36.95673202673572 21.3513
36.98020721697122 21.3168
37.003684015502365 21.2682
37.027162423645365 21.2291
37.050825886711465 21.2278
37.07430753063053 21.0891
37.09779078812467 21.1199
37.121275660513014 21.1507
37.144945643673694 21.058000000000003
37.16843376245278 21.1314
37.19192350009803 21.0768
37.215414857931435 21.0122
37.239091382563885 21.0027
37.262585997426164 20.8825
37.28608223645736 20.8778
37.309763684451696 20.8274
37.33326318851098 20.7887
37.356764320726555 20.8251
37.380267082425526 20.7066
37.40395510942588 20.6782
37.42746114683234 20.6503
37.45096881771841 20.6236
37.474478123414166 20.5955
37.49817275092816 20.5655
37.52168534303452 20.5911
37.54519957395567 20.4644
37.568715445024665 20.4976
37.592416694607714 20.4254
37.61593586281424 20.4739
37.63945667518264 20.5194
37.66297913304891 20.3767
37.68668702630454 20.3825
37.710212792059274 20.3027
37.733740207334854 20.3355
37.757269273470364 20.2512
37.780983832050374 20.191
37.80451621684926 20.1682
37.82805025654007 20.1326
37.851585952464795 20.1037
37.8753071980695 20.1109
37.89884622345676 20.051
37.92238690911902 19.9595
37.94611318753442 19.9093
37.969657210779765 19.8915
37.99320289834801 19.8296
38.016750251586465 19.86
38.04048325513017 19.8541
38.06403395679343 19.8157
38.087586328183946 19.7589
38.11114037065203 19.767
38.13488012115898 19.8385
38.1584375229181 19.7945
38.181996599821 19.6868
38.205557353221124 19.5888
38.229303872575656 19.5831
38.2528679961576 19.566
38.27643380031219 19.5339
38.30000128639589 19.4773
38.32375459653193 19.5189
38.34732546371299 19.5075
38.37089801690786 19.4088
38.39447225747609 19.3716
38.418232380377425 19.3605
38.441810012983396 19.3715
38.46538933705673 19.2504
38.488970353960084 19.3252
38.51273731166058 19.2847
38.536321731567014 19.1952
38.55990784840681 19.1673
38.58367995004091 19.1237
38.60726947812959 19.0308
38.63086070726198 19.0829
38.654453638806274 19.1161
38.678232613930824 19.0204
38.70182896773327 18.9048
38.72542702806741 18.9685
38.7490267963045 18.8914
38.77281266709232 18.8866
38.79641586862214 18.9237
38.8200207821842 18.8102
38.843627409152944 18.8472
38.86742019782782 18.8319
38.891030269149255 18.7502
38.914642058016156 18.7239
38.938255565806124 18.6691
38.96205529464307 18.6837
38.98567225787121 18.6669
39.00929094417078 18.6146
39.03291135492255 18.5929
39.05671804624804 18.5574
39.080341923549106 18.5674
39.103967529460334 18.4616
39.127594865365744 18.442999999999998
39.15140854155791 18.4077
39.17503935514948 18.3959
39.19867190290282 18.3141
39.22249083587951 18.3132
39.24612686969409 18.393
39.269764641845306 18.3524
39.293404153722804 18.2577
39.317230110864074 18.1546
39.34087311998506 18.158
39.36451787301696 18.1438
39.388164371352595 18.1281
39.41199737518003 18.0984
39.43564738196752 18.0913
39.45929913825317 18.052
39.48295264543308 18.0532
39.506792718520884 17.9553
39.530449745387216 17.9606
39.55410852735203 17.9081
39.57776906581474 17.8513
39.60161623079 17.8427
39.625280300200025 17.9149
39.64894613032202 17.8527
39.67261372255866 17.8198
39.6964680021016 17.785
39.72013913657293 17.8141
39.74381203738292 17.7903
39.76748670593756 17.7262
39.79134812278169 17.6611
39.81502634488497 17.6547
39.83870633896685 17.5605
39.862388106436654 17.5321
39.88625668336918 17.5271
39.90994201572829 17.5831
39.933629125719285 17.4831
39.957503091207826 17.4448
39.9811937746168 17.4469
40.00488623990914 17.4362
40.02858048850006 17.3239
40.05246165409549 17.3614
40.076159487492085 17.2574
40.099859108448875 17.3134
40.123560518384345 17.252
40.1474489070226 17.2437
40.171153913178564 17.1906
40.194860712584955 17.1665
40.2185693066637 17.1866
40.242464941335314 17.081
40.26617714307655 17.0799
40.289891143772046 17.0844
40.3136069448471 17.0275
40.33750984859743 16.9991
40.3612292688043 17.0106
40.3849504936829 16.9719
40.40867352466194 16.9677
40.43258372059144 16.8649
40.45631038219906 16.8527
40.48003885420956 16.8354
40.503769138055105 16.819000000000003
40.52768664931955 16.8073
40.55142057531802 16.8494
40.57515631746428 16.7354
40.599079334038514 16.7391
40.62281872700477 16.6843
40.64655994043941 16.6957
40.67030297578061 16.65
40.69423334835778 16.6521
40.71798004609188 16.574
40.74172857006355 16.5926
40.76547892171441 16.6053
40.7894166736039 16.5653
40.813170699248566 16.4691
40.83692655691388 16.4682
40.86068424804498 16.4917
40.884629402612525 16.3713
40.908390779366385 16.4569
40.932153993938 16.3739
40.95591904777605 16.3126
40.979871628443995 16.2819
41.003640379561936 16.3072
41.02741097430883 16.2674
41.05118341413683 16.2153
41.075143444384416 16.2481
41.098919593177826 16.1806
41.1226975914255 16.195
41.14647744058318 16.1087
41.170444943946755 16.0575
41.19422851378379 16.0964
41.218013938914645 16.0643
41.24198706625173 15.9718
41.26577622087193 15.9728
41.289567235177785 15.944
41.31336011063129 15.8785
41.337340752422875 15.9419
41.361137369129835 15.9151
41.38493585138705 15.8867
41.40873620066004 15.859000000000002
41.43272438060107 15.8456
41.45652848292052 15.7945
41.48033445666918 15.707
41.50414230331616 15.7274
41.528138045159764 15.6791
41.551949656675205 15.6535
41.575763145513235 15.6678
41.59957851314666 15.594000000000001
41.62358184070442 15.6128
41.64740098505737 15.5564
41.6712220126409 15.5346
41.69504492493139 15.5187
41.71905586207357 15.5078
41.74288256296395 15.450999999999999
41.766711153007456 15.4308
41.79054163368412 15.3946
41.814560204340054 15.3942
41.838394485526365 15.3749
41.86223066180303 15.3381
41.88625497706819 15.3642
41.910094962812 15.3157
41.93393684811168 15.2814
41.95778063445365 15.1952
41.981812625263366 15.1883
42.00566023303407 15.1989
42.029509746323676 15.1208
42.05336116662236 15.1277
42.077400857069705 15.0743
42.10125611078846 15.1033
42.12511327600405 15.0471
42.14897235421036 15.0539
42.173019768448455 15.020999999999999
42.19688269209613 14.9801
42.22074753323349 14.9333
42.24461429335818 14.9354
42.268669455600495 14.9479
42.292540073217886 14.9412
42.31641261433284 14.8859
42.34028708044675 14.8385
42.36435001496739 14.7851
42.38822835065557 14.8226
42.41210861586426 14.7416
42.4359908120986 14.705
42.46006154323262 14.6859
42.48394762115317 14.6063
42.507835634632315 14.6262
42.531912233047436 14.6825
42.55580413732265 14.6388
42.579697981698 14.6648
42.60359376768525 14.5737
42.62767820545945 14.5628
42.65157789440821 14.5186
42.67547952952185 14.4697
42.699383112316 14.4952
42.72347541395347 14.3997
42.74738291190531 14.3269
42.771292362102166 14.3733
42.795203766063516 14.3614
42.819303956130405 14.3506
42.843219287476536 14.3157
42.86713657716324 14.3007
42.89105582671383 14.2166
42.91516392983864 14.2405
42.939087119032166 14.255
42.963012272677304 14.2484
42.98693939230129 14.187999999999999
43.01105543317513 14.1195
43.034986504731386 14.1038
43.05891954686589 14.0813
43.08285456110972 14.1077
43.10697856448665 14.0236
43.130917542983475 13.9789
43.15485849820081 13.9648
43.17880143167367 13.9739
43.20293342237094 13.959000000000001
43.226880332449 13.9401
43.25082922540554 13.8946
43.27496722682525 13.8706
43.29892010567796 13.8536
43.32287497204102 13.8601
43.34683182745632 13.8296
43.370977859791836 13.7655
43.39493871351105 13.7488
43.41890156092628 13.7532
43.44286640358341 13.6836
43.46702049182749 13.6913
43.49098934522816 13.6968
43.51496019852649 13.6598
43.5389330532723 13.6041
43.56309522248204 13.5875
43.58707210044314 13.6089
43.61105098451946 13.5377
43.63503187626491 13.5291
43.659202151562134 13.4862
43.68318707902681 13.4462
43.70717401884041 13.4535
43.731162972560874 13.4276
43.75534137913236 13.3741
43.779334381108384 13.3684
43.803329401683186 13.3738
43.82732644241872 13.3548
43.8515130055166 13.2951
43.87551410707659 13.2799
43.89951723350145 13.2522
43.923709934595614 13.2329
43.94771713129917 13.2321
43.97172635758096 13.2716
43.99573761501002 13.2396
44.0199385169922 13.1608
44.04395385732619 13.0924
44.067971233533086 13.0958
44.09199064718605 13.0895
44.11619977548961 13.0632
44.14022328470671 13.005999999999998
44.16424883610785 13.0409
44.18827643127035 13.0481
44.21249381139513 12.9841
44.236525514814076 12.9471
44.26055926674478 12.890999999999998
44.28459506876863 12.9492
44.3088207262813 12.8648
44.33286064928722 12.824000000000002
44.35690262714919 12.7973
44.38094666145278 12.8135
44.4051806219871 12.779000000000002
44.42922879003185 12.7566
44.45327901929361 12.7577
44.477331311362136 12.7512
44.501573600619416 12.6591
44.525630039221795 12.6228
44.54968854541895 12.6215
44.573937102200176 12.616
44.5979997645541 12.647
44.622064499300315 12.5639
44.64613130803592 12.5963
44.67038823869318 12.5762
44.69445921643748 12.5308
44.718532272981385 12.5059
44.742607409926194 12.5109
44.76687274034801 12.4489
44.79095205918753 12.4342
44.81503346325094 12.4335
44.839116954143876 12.3986
44.86339071028742 12.3837
44.88747839599524 12.352
44.91156817336837 12.3101
44.93566004401666 12.3243
44.959942251908146 12.2954
44.984038330325966 12.2992
45.00813650686762 12.2605
45.03223678314731 12.2239
45.05652746888232 12.1887
45.08063196592069 12.1966
45.104738567558705 12.2028
45.128847275414856 12.1392
45.15314646515866 12.0879
45.17725940679741 12.0682
45.20137445952892 12.0808
45.22568004865265 12.0467
45.24979934496396 12.0601
45.27392075725247 12.0163
45.29804428714431 12.0087
45.322358426247604 11.9695
45.346486212804315 11.9516
45.370616121861914 11.9457
45.39474815505086 11.9159
45.41907087049246 11.8519
45.4432071734666 11.8475
45.46734560548283 11.8507
45.49148616817604 11.8213
45.51581748638564 11.8172
45.5399623320197 11.7998
45.56410931325473 11.7181
45.58825843173002 11.7315
45.61259837920865 11.7338
45.636751793816 11.7163
45.66090735060093 11.6496
45.68506505120716 11.6479
45.7094136545275 11.597999999999999
45.73357566449271 11.5592
45.75773982322992 11.5954
45.78190613238733 11.6261
45.806263418194064 11.5338
45.83043404997326 11.5213
45.85460683713677 11.5692
45.87897065658495 11.5083
45.90314777634752 11.4761
45.92732705646868 11.4522
45.9515084986045 11.4606
45.97588104735473 11.4234
46.00006683541565 11.4091
46.02425479047904 11.34
46.04844491420549 11.372
46.0728262191024 11.3762
46.09702070211635 11.3011
46.12121735879483 11.2751
46.14541619080294 11.3265
46.169806278764455 11.2549
46.194009483459034 11.2181
46.21821486849841 11.2084
46.24242243555223 11.1519
46.266821333570014 11.1506
46.29103328674601 11.1455
46.31524742696538 11.1285
46.33946375590237 11.1106
46.36387149104216 11.0563
46.38809221957392 11.0211
46.41231514186606 11.0201
46.436540259597464 11.0305
46.460956858999374 11.0209
46.48518638983522 11.0215
46.509418121166966 10.967
46.533652054678114 10.9339
46.55807754555709 10.9137
46.58231590571962 10.9149
46.60655647313217 10.8608
46.630988654873654 10.8306
46.655233659129024 10.8016
46.67948087571551 10.8261
46.70373030632484 10.7984
46.72817142736393 10.7902
46.752425308428684 10.7485
46.77668140861147 10.7474
46.80093972960865 10.7015
46.82538981736788 10.6939
46.849652602470904 10.6704
46.87391761349769 10.664000000000001
46.8981848521493 10.6823
46.9226439341274 10.6511
46.946915650573224 10.610999999999999
46.97118959976749 10.5752
46.99546578341598 10.5478
47.019933887188216 10.5512
47.04421456235744 10.5415
47.06849747711879 10.5495
47.09278263318286 10.4909
47.11725978640143 10.4665
47.14154944775105 10.4077
47.165841355555656 10.4319
47.1901355115306 10.3842
47.214621741924994 10.3862
47.23892041698887 10.3626
47.26322134538975 10.3391
47.28771440635075 10.3546
47.31201986422527 10.3523
47.33632758061436 10.3026
47.360637557241866 10.2549
47.38513974410611 10.2788
47.40945426407847 10.2264
47.43377104948137 10.193999999999999
47.45809010204344 10.1855
47.48260144275502 10.185
47.506925052572285 10.1341
47.53125093475548 10.1285
47.55557909103813 10.1006
47.58009961361992 10.0742
47.60443234110732 10.0655
47.62876734791564 10.0742
47.65310463578333 10.0163
47.6776343683373 10.0217
47.7019762413987 10.0056
47.72632040075572 9.975530000000001
47.75066684815169 9.966439999999999
47.77520581885936 9.9113
47.799556865477655 9.95779
47.823910205386 9.92811
47.84826584033272 9.89451
47.87281407745551 9.850810000000001
47.89717432569297 9.8506
47.92153687423484 9.86634
47.94609208429692 9.812999999999999
47.97045925671401 9.806939999999999
47.99482873471275 9.78611
48.01920052005013 9.784180000000001
48.04376504619224 9.762139999999999
48.068141469543484 9.743839999999999
48.09252020552573 9.75474
48.11690125590099 9.68142
48.1414751266064 9.692
48.16586082917454 9.71157
48.19024885144316 9.6483
48.2146391951793 9.66424
48.239222439012764 9.66461
48.26361744916137 9.61159
48.28801478610016 9.60856
48.31241445160131 9.581610000000001
48.337007097209366 9.55313
48.36141144338331 9.52742
48.38581812345755 9.51538
48.41022713920929 9.50222
48.434829215320704 9.50383
48.45924292604658 9.47219
48.48365897780325 9.4573
48.50807737237308 9.46695
48.532688907799276 9.429969999999999
48.55711201168574 9.41991
48.581537463754074 9.382430000000001
48.60615611725119 9.35779
48.63058628942721 9.36628
48.65501881516546 9.34784
48.6794536962573 9.36594
48.70408185970339 9.3213
48.72852147531801 9.25784
48.75296345168211 9.2593
48.77740779059232 9.25806
48.80204549302823 9.22152
48.82649458091802 9.182089999999999
48.85094603676547 9.149339999999999
48.87539986237231 9.18443
48.90004713292306 9.17039
48.92450572200832 9.14306
48.94896668628025 9.10241
48.97343002754588 9.08532
48.99808689542115 9.087439999999999
49.02255501470614 9.10038
49.04702551642794 9.04848
49.0714984023988 9.04529
49.096164896893235 9.005469999999999
49.120642575466796 8.995460000000001
49.145122643748394 9.00893
49.16960510355558 8.95903
49.19428125404938 8.92768
49.2187685210852 8.942960000000001
49.243258185121555 8.91574
49.26794160167084 8.8901
49.2924360839405 8.880519999999999
49.31693296869764 8.85845
49.34143225776915 8.82853
49.36612538195438 8.84724
49.39062950396021 8.82217
49.41513603578346 8.78026
49.4396449792564 8.75756
49.46434784069503 8.76356
49.488861631846454 8.72301
49.513377840166804 8.75703
49.537896467493745 8.71118
49.56260909589029 8.68118
49.587132585683285 8.68005
49.611658500018365 8.65133
49.636186840738596 8.64123
49.66090926588511 8.64372
49.685442483902584 8.58822
49.70997813385706 8.55644
49.734516217597076 8.566939999999999
49.75924846937352 8.57657
49.7837914452858 8.5458
49.80833686055187 8.49819
49.83288471702571 8.4723
49.85762682540054 8.49028
49.882179588965734 8.46885
49.9067347993235 8.44367
49.93129245833333 8.41743
49.95604445336378 8.40516
49.98060703442832 8.36625
50.005172069746266 8.41129
50.02993150438364 8.37708
50.05450147301533 8.36074
50.07907390151433 8.35603
50.10364879174981 8.35486
50.12841816587289 8.33804
50.1529980044635 8.29834
50.17758031042124 8.26403
50.20216508562089 8.23509
50.22694442953363 8.25649
50.25153416817468 8.1962
50.27612638170508 8.230039999999999
50.300721072005196 8.17193
50.325510416102105 8.17505
50.350110084975064 8.19475
50.37471223628208 8.17932
50.39931687190919 8.12695
50.424116246675766 8.12001
50.44872587605249 8.083060000000001
50.47333799543065 8.07572
50.49795260670191 8.04001
50.52276204271512 8.00597
50.54738166295838 8.029580000000001
50.57200378079314 8.02184
50.596628398116835 7.99603
50.62144792604559 7.99551
50.646077567609396 7.97196
50.670709714377715 8.0105
50.69553683636198 7.99216
50.72017401885922 7.9393899999999995
50.7448137122895 7.8966
50.76945591856022 7.92638
50.79429318636823 7.88983
50.818940443716784 7.88778
50.84359021965163 7.87165
50.868242516085964 7.88404
50.893089960641895 7.82251
50.917747323549435 7.773560000000001
50.94240721271973 7.79825
50.96706963007175 7.802689999999999
50.99192728239342 7.78143
51.01659478166073 7.785139999999999
51.04126481489051 7.7439800000000005
51.06593738400761 7.721260000000001
51.090805275207074 7.698519999999999
51.11548294172845 7.73111
51.14016314993547 7.71207
51.164845901758845 7.664839999999999
51.18972406304274 7.615530000000001
51.21441192780656 7.650189999999999
51.23910234200271 7.62983
51.2637953075678 7.59737
51.288683770237945 7.5869800000000005
51.31338186432707 7.58328
51.33808251561888 7.534789999999999
51.362978729967345 7.556830000000001
51.387684521509755 7.5254
51.41239287610203 7.50403
51.437103795691165 7.47577
51.46201036644977 7.441269999999999
51.486726441956634 7.459239999999999
51.51144508832545 7.470389999999999
51.536166307509156 7.437460000000001
51.56108326624387 7.39832
51.58580965706056 7.418480000000001
51.61053862657523 7.395760000000001
51.635270176746864 7.3415300000000006
51.66019755512065 7.35995
51.68493429268881 7.359780000000001
51.70967361681515 7.339910000000001
51.73441552946465 7.324089999999999
51.759353359237934 7.30651
51.7841004750961 7.2889100000000004
51.80885018539685 7.3102100000000005
51.833602492111254 7.28574
51.8585508051424 7.2483
51.883308330926425 7.24918
51.90806845906181 7.215269999999999
51.932831191525715 7.178030000000001
51.95779001977161 7.164339999999999
51.98255798721516 7.1651
52.00732856494335 7.1102
52.03229530577543 7.13287
52.057071130455945 7.11177
52.081849571391054 7.08909
52.106630630568695 7.122039999999999
52.13160794279417 7.059660000000001
52.15639426492067 7.06088
52.18118321127822 7.0302
52.205974783860896 7.0185699999999995
52.23096269971011 7.02222
52.255759551287994 6.99005
52.280559035098186 6.9812199999999995
52.30536115314103 6.9859100000000005
52.33035970494467 6.9747699999999995
52.35516711807904 6.98221
52.37997717147198 6.9222600000000005
52.40478986713005 6.9124300000000005
52.42979908731974 6.909489999999999
52.454617094216 6.865069999999999
52.47943774942214 6.8879399999999995
52.50426105495102 6.8315
52.529280976059844 6.8217300000000005
52.554109609024096 6.83177
52.57894089837482 6.83787
52.60377484613117 6.85275
52.62880550079408 6.782489999999999
52.65364479223379 6.772
52.67848674816189 6.7477800000000006
52.70352547971946 6.75702
52.72837279155837 6.742780000000001
52.753222773982785 6.676139999999999
52.778075429022984 6.727460000000001
52.80312495150885 6.732589999999999
52.827982978797436 6.6663
52.85284368481815 6.62005
52.87770707160767 6.62833
52.90276741793998 6.6422300000000005
52.92763619336701 6.57751
52.952507655698504 6.624039999999999
52.977381806977576 6.596839999999999
53.00245301017842 6.57852
53.02733256653592 6.5454300000000005
53.052214817996074 6.522930000000001
53.077099766608484 6.520569999999999
53.102181859804446 6.50456
53.127072229988265 6.53799
53.15196530349892 6.5126599999999994
53.17686108239249 6.48232
53.20195409881522 6.49925
53.22685531582556 6.47814
53.25175924441303 6.3786
53.27666588664027 6.40526
53.30176985962693 6.438680000000001
53.3266819565689 6.43342
53.35159677336455 6.380780000000001
53.376514312083096 6.37255
53.40162927507703 6.36449
53.42655228516116 6.34957
53.45147802340193 6.28705
53.47660125628886 6.35964
53.50153247842639 6.31712
53.52646643496923 6.32625
53.55140312799818 6.28177
53.576537409691696 6.26064
53.60147960336152 6.237080000000001
53.626424539786164 6.2721599999999995
53.65137222105307 6.23681
53.67651758529126 6.21919
53.70147078399681 6.19519
53.72642673383343 6.1988900000000005
53.75138543689533 6.19145
53.776541917524526 6.14957
53.801506154876755 6.15172
53.826473151763246 6.1438
53.851442910284916 6.10976
53.87661054126026 6.094469999999999
53.9015858509782 6.0942300000000005
53.92656392866066 6.09031
53.95154477641532 6.0298300000000005
53.976723591801296 6.07266
54.00171000771266 6.00483
54.02669920004598 5.99779
54.051691170915745 5.98035
54.076881204886796 5.98765
54.101878760928514 5.9962800000000005
54.12687910187696 5.95308
54.152077577768296 5.95926
54.1770835166946 5.91402
54.20209224691339 5.934830000000001
54.22710377055121 5.9337
54.25231352511594 5.92678
54.27733066384342 5.87465
54.30235060239643 5.88941
54.32737334290836 5.8482400000000005
54.35259441062629 5.8116699999999994
54.377622783395324 5.8120199999999995
54.40265396455061 5.81728
54.42768795623251 5.7702
54.45292037169559 5.74111
54.477960012857906 5.73919
54.50300247099511 5.778630000000001
54.52804774825457 5.7554
54.55329154616743 5.68583
54.57834249018678 5.6786900000000005
54.6033962597977 5.63361
54.6284528571545 5.5997
54.653708072335164 5.57779
54.67877035378786 5.56926
54.70383546947698 5.5462
54.72890342156389 5.556
54.7541700889442 5.52953
54.77924374251975 5.5580300000000005
54.8043202390049 5.5001
54.82959552413022 5.4787099999999995
54.8546777351945 5.4576199999999995
54.87976279569621 5.44388
54.90485070780914 5.4505
54.930137506558005 5.39806
54.95523115074295 5.40606
54.98032765308844 5.33946
55.005427015775496 5.32385
55.03072536339621 5.33545
55.05583047570572 5.30273
55.080938454927676 5.293769999999999
55.10604930325027 5.29178
55.131359235107396 5.2660599999999995
55.15647585066083 5.24392
55.181595341907496 5.20412
55.20671771104285 5.17168
55.232039262617704 5.13236
55.25716741665048 5.118
55.28229845518636 5.126869999999999
55.30743238042802 5.09506
55.33276558731939 5.056
55.357905315183636 5.08946
55.383047936390035 5.01384
55.40819345314859 4.97441
55.433538351073295 5.00022
55.458689688238415 4.97996
55.483843927614096 4.89959
55.509197623043605 4.94456
55.53435769621134 4.90439
55.55952067826466 4.89236
55.5846865714265 4.84891
55.61005202069737 4.8783900000000004
55.63522376553902 4.80819
55.66039842818645 4.76394
55.68557601087004 4.78685
55.7109532500271 4.74898
55.73613670233794 4.78825
