TT I
1.2716486653135266 7.524539999999999
1.2939594142134223 7.18427
1.3162702121660406 6.500859999999999
1.3385810600174564 6.60305
1.3608919586137629 6.779439999999999
1.383202908801069 6.71715
1.405513911425503 6.7953399999999995
1.4278249673332093 6.9846
1.4501343378461518 6.71357
1.4724455028545926 6.49365
1.4947567236847858 6.24568
1.517068001182951 6.0092
1.5393793361953272 5.87996
1.5616907295681737 5.769769999999999
1.5840021821477681 5.66929
1.60631369478041 5.13344
1.6286252683124185 5.93923
1.6509369035901333 5.20871
1.6732468618895553 4.68409
1.695558623192809 5.019019999999999
1.7178704487808514 5.6157699999999995
1.7401823395001077 5.2020800000000005
1.7625012545597203 4.9894099999999995
1.7848028405262486 5.09658
1.8071218901122095 4.7313
1.8294236121921872 4.979
1.8517427996910911 4.87249
1.8740620574440425 4.7557
1.8963639900671978 5.058590000000001
1.9186833908139995 4.93838
1.9409854680117449 5.14624
1.9633050151394713 5.46425
1.9856246367570705 4.90614
2.0079269371922672 4.9544
2.03024671027244 4.6138900000000005
2.0525491637446027 4.2817099999999995
2.074869091674931 4.33071
2.097171701569106 4.69728
2.1194917877373847 4.93481
2.141811954326636 4.36765
2.164114805233074 4.54576
2.186435135143035 5.67812
2.208738150935709 11.2791
2.231058647554722 21.0962
2.2533792288321184 16.7325
2.275682498336085 7.994
2.298003251406138 5.34158
2.3203066942619714 5.41775
2.3426276225136022 5.46697
2.3649486396617507 5.29054
2.387252348930071 4.9174
2.4095735463442893 4.99645
2.4318774374315884 5.97225
2.4541988185014043 6.01924
2.476502894794693 6.6037300000000005
2.498824462909887 6.44379
2.521146125856138 6.36644
2.5434504863470337 6.50194
2.5657723414244717 7.15435
2.588076895590662 8.269910000000001
2.610398946189713 7.90802
2.6327210958598384 7.83926
2.6550259469304716 7.1559800000000005
2.6773482972090137 7.542160000000001
2.6996533504259 7.93768
2.7219759047039602 7.75064
2.744298562293959 8.41785
2.7666039251246595 7.93955
2.7889267918020164 8.30269
2.8112323652516555 8.15364
2.833555444408179 8.47205
2.8558786311183852 7.927039999999999
2.8781845268938557 8.06473
2.9005079311721484 8.63238
2.9228140460410397 8.759089999999999
2.9451376712799635 8.67337
2.967444008632326 9.214939999999999
2.9897678582247247 9.894910000000001
3.0120918213106695 10.2897
3.0343984987899373 10.3719
3.0567226913198637 11.107000000000001
3.079029599759726 11.3512
3.101354025127254 11.8284
3.123678568232338 12.517000000000001
3.145985829517914 12.8271
3.16831061055229 13.6178
3.1906181112775593 13.915
3.212943133635653 14.8024
3.2352682779763207 15.061
3.2575761442691227 15.4478
3.2799015350264273 15.4575
3.302209649240067 16.0263
3.3245352898092655 16.6421
3.3468436553365257 17.3558
3.369169549113219 17.807000000000002
3.3914955708171384 18.2724
3.413804319727358 19.2873
3.4361305997334863 19.0743
3.4584396084414553 19.367
3.4807661501462652 20.4493
3.503092824025881 20.7439
3.5254022288463154 21.1393
3.5477291695206588 21.3913
3.5700388426251948 22.0998
3.5923660534916446 23.5286
3.6146934007816114 34.2254
3.637003482731501 69.2185
3.6593311053109985 76.4095
3.681641464033634 46.7822
3.7039693653009733 28.9346
3.726297407241705 26.0438
3.7486081875460804 25.6527
3.7709365132734978 26.0186
3.793247578841633 26.6649
3.8155761917550093 26.6257
3.8378875459837216 27.1688
3.8602164494827234 27.4572
3.882545499606844 28.1781
3.9048572932539183 28.8077
3.9271866390645718 29.7029
3.9494987298666713 30.0315
3.971828374764527 30.6783
3.9941581705403255 30.9012
4.016470713506008 31.5782
4.038800813471445 32.4965
4.061113662089144 32.9041
4.0834440696459176 33.6477
4.105774632334751 33.7899
4.128087945865126 34.7555
4.150418821249301 35.1406
4.172732448931298 36.3475
4.195063640413578 38.0841
4.2173775856475215 41.4526
4.239709096631102 65.3423
4.262040768704612 179.584
4.284355196706267 230.929
4.306687193387355 152.61
4.329001947444346 68.3843
4.35133427213731 46.341
4.373666762177566 44.4093
4.395982011761091 44.1682
4.418314834921175 45.1712
4.44063041906622 51.3211
4.4629635787515625 59.2305
4.4852969080429785 59.0138
4.5076130004776225 52.9348
4.529946671403969 50.79600000000001
4.552263106909177 51.3284
4.574597122877047 52.2842
4.596931312711224 52.8439
4.619248269273446 53.3908
4.6415828092605835 55.1941
4.663900117405352 55.9014
4.686235010953232 57.3938
4.708552674085913 58.1803
4.730887924602802 60.0639
4.753223354952695 61.6093
4.775541557023902 62.8489
4.797877349456786 65.0706
4.820195915032126 66.5716
4.842532072957498 68.4048
4.864868414979744 69.9475
4.88718753227192 72.205
4.909524244902505 73.8547
4.931843734218147 76.006
4.954180820867835 78.8537
4.976518095879839 81.8076
4.998838149695359 85.2276
5.021175803844231 88.6553
5.043496238205739 91.5285
5.065834274903528 96.3012
5.088172504230693 101.764
5.1104935158799565 109.03299999999999
5.132832132875765 129.24200000000002
5.155153533596801 166.34099999999998
5.1774925416746225 209.89
5.199814334878411 430.41900000000004
5.2221537374521505 1217.76
5.244493338631803 3166.52
5.266815727034316 7764.08
5.289155727832427 12250.4
5.311478517248165 8542.95
5.333818921080011 2942.72
5.356159527788849 621.76
5.3784829252032536 198.55599999999998
5.400823940070432 148.055
5.423147747031976 130.425
5.445489173474152 120.542
5.467830807066149 115.226
5.490155234831516 111.647
5.512497285125229 107.264
5.534822130975162 105.53200000000001
5.557164601388673 103.646
5.579489868738879 100.696
5.601832762690846 99.0802
5.6241758697774475 98.3659
5.646501775867269 97.5177
5.668845311622074 96.0367
5.691171647754637 95.20700000000001
5.713515615597765 94.4159
5.735859800852677 93.3091
5.758186788542988 92.6808
5.780531411018185 93.4968
5.802858837297399 93.1947
5.825203900414495 92.8202
5.8475491852224 94.0375
5.869877275883075 94.3613
5.892223006467101 95.2822
5.914551544266608 96.8152
5.936897724049891 99.9367
5.959244129804903 107.516
5.981573344815301 134.164
6.0039202049061 251.734
6.026249875609095 536.17
6.04859719346037 1094.72
6.070927323278297 2327.11
6.093275102315365 4448.84
6.115623113320588 5462.03
6.137953938319995 3393.75
6.160302415650845 1074.19
6.182633708324452 250.889
6.2049826554078376 115.742
6.227331838745022 94.0434
6.249663839443684 86.2335
6.27201349767565 82.9161
6.294345974611799 85.9385
6.316696111167083 93.4987
6.339046488263839 88.8773
6.361379686074702 77.8347
6.383730546639482 71.854
6.406064229255215 69.3213
6.428415576718203 68.9832
6.450749747566656 67.8967
6.47310158535871 66.4693
6.495453669698332 65.8071
6.517788579421056 65.3197
6.540141159237969 63.7946
6.562476565766648 63.2255
6.5848296444934045 63.0807
6.607182974060425 62.636
6.6295191323281015 62.5627
6.651872965955752 65.0007
6.6742096296068985 83.3831
6.6965639707294615 116.68799999999999
6.71891856698715 115.36
6.741255995248479 84.3645
6.763611104154477 65.5429
6.785949046381137 59.9015
6.808304671371482 58.3922
6.8306605557940046 58.4805
6.852999275508618 57.8146
6.875355681171544 57.3638
6.897694923437771 56.9913
6.92005185377892 57.1256
6.9423916220322655 56.7764
6.964749080490181 56.0489
6.987106804399774 56.2449
7.009447368180821 56.1485
7.031805625367033 55.9926
7.054146723727803 55.883
7.076505517631004 55.581
7.098864581288365 55.477
7.121206488070854 55.0351
7.143566093607822 54.9124
7.165908543567245 55.4151
7.188268694426048 55.3164
7.2106291193438095 55.2384
7.232972390625943 56.4238
7.255333366030969 66.1535
7.277677189091925 104.395
7.300038718428332 138.6
7.322400526130865 119.291
7.344745183422596 79.5462
7.367107550224791 60.0238
7.389452767901992 56.1432
7.411815697249891 55.3896
7.434161478756298 54.6594
7.456524974096713 54.6639
7.478888753837185 54.2056
7.501235387657368 54.5851
7.523599738562711 54.7171
7.545946944825532 54.8653
7.568311870344528 55.503
7.5906770845765665 55.6034
7.613025156078678 56.3671
7.635390950099687 57.1291
7.657739602662809 56.8709
7.680105979923558 56.0051
7.702472650212829 56.3634
7.724822180948224 56.456
7.747189439655568 56.6477
7.769539560075357 56.5781
7.791907410653562 57.0609
7.81425812420825 56.7039
7.836626570110925 57.2784
7.858995315087906 58.1722
7.881346924933401 57.986999999999995
7.903716270417482 58.7781
7.926068482028405 58.8296
7.948438431475253 59.6849
7.9708086843180235 59.9299
7.993161805171116 61.1136
8.015532667162402 61.1823
8.037886398416653 62.2331
8.060257873014221 62.7519
8.082629655331942 63.3305
8.104984308787587 64.4559
8.127356708900503 66.9558
8.149711981398308 71.3137
8.172085002766314 73.3669
8.194458336181368 71.2752
8.216814543847752 69.578
8.23918850371002 69.9754
8.26154533906492 70.9584
8.283919928836452 72.6144
8.306277395339652 73.645
8.328652618483376 74.8883
8.351028159736202 76.8562
8.373386579575245 79.3487
8.395762759396959 81.2453
8.418121819038275 85.8468
8.440498640894003 97.0088
8.462875785192262 109.77
8.485235811156207 129.994
8.507613602688501 186.424
8.529974277114228 286.741
8.552352719347912 432.32599999999996
8.574731488360351 709.2739999999999
8.59709314210385 1227.42
8.619472567021075 1867.19
8.64183487789147 2205.69
8.664214962183097 1777.28
8.686577933647762 954.2139999999999
8.708958680784317 364.94300000000004
8.731339760774953 162.86700000000002
8.753703729764451 112.389
8.77608547780821 100.25399999999999
8.798450116065078 96.1301
8.820832535634787 93.2705
8.843215292401656 91.7559
8.865580941199045 90.4254
8.887964374703538 89.5548
8.910330701447199 90.0027
8.932714815164482 91.3032
8.955099270424924 90.0449
8.977466620733543 88.0998
8.999851761421976 85.4761
9.022219798361645 84.323
9.04460562795561 84.0946
9.066991803441677 83.6356
9.089360876979615 83.3664
9.111747746589993 83.3469
9.13411751544971 82.7504
9.156505082664324 82.3914
9.178875550323522 82.4742
9.20126381862328 82.7289
9.223652438908596 83.5575
9.246023961427412 83.512
9.26841328802173 83.0159
9.290785518039224 82.7482
9.313175554425882 83.1526
9.335565947154315 83.3802
9.357939245086508 83.8389
9.380330352834827 83.9813
9.40270436697103 84.0924
9.425096193225055 83.9439
9.447488380180165 84.9114
9.469863475295412 84.9727
9.492256385987508 85.1535
9.514632206018318 85.9974
9.537025843935714 86.0604
9.559402392368193 87.1247
9.581796761000229 88.2807
9.604191496441521 89.3089
9.626569144158516 92.4443
9.648964615551032 95.3752
9.671343000390081 96.6126
9.693739211225699 95.3858
9.716135793237463 94.3213
9.738515290448102 94.0849
9.760912617143402 94.9771
9.783292860202891 96.2222
9.805690935076182 97.6838
9.828089385495742 98.4472
9.850470754023561 100.955
9.872869957865444 107.197
9.89525208097539 118.884
9.917652041736662 129.342
9.940052382417589 133.929
9.962435644102392 151.954
9.984836746950979 200.155
10.007220771957746 269.189
10.029622640473708 377.825
10.052007432299963 565.694
10.074410069984072 852.47
10.096813093716005 1271.14
10.119199042482517 1711.68
10.141602840636468 1893.79
10.163989564971628 1529.91
10.186394141051062 870.372
10.208799107559706 387.186
10.231187001965623 183.701
10.253592751657669 125.736
10.275981430388155 113.78299999999999
10.298387966769793 112.275
10.320794897965431 113.23
10.343184759907361 112.62799999999999
10.36559248305461 108.17200000000001
10.387983138083852 105.991
10.410391656691655 111.29
10.432800574501677 124.89200000000001
10.455192425893369 143.355
10.47760214443012 169.674
10.499994797678786 215.054
10.522405320453982 295.58
10.54479877906917 410.76
10.567210109595656 519.024
10.5896218454736 566.194
10.612016518879773 501.635
10.634429067781074 338.972
10.656824555333241 194.291
10.679237920773568 120.137
10.701651695961992 95.9563
10.724048411481384 89.5633
10.746463008485165 86.8508
10.768860546937125 85.3217
10.791275969274796 83.325
10.81369180576079 82.6605
10.836090585366925 81.4724
10.858507252467449 80.4775
10.88090686379991 79.085
10.903324365036394 78.9834
10.925724811614439 78.5861
10.948143150509463 78.8284
10.970561909719066 78.5771
10.992963615930844 76.7483
11.015383218085756 75.0165
11.037785768347074 73.9424
11.06020621697282 72.6725
11.082627090322113 72.3067
11.105030913430326 71.8541
11.12745263854165 72.1312
11.149857314510728 74.5599
11.172279894912576 78.8685
11.194702904450653 79.0363
11.217108866490921 76.0797
11.239532736615194 72.5869
11.26193956033512 70.9659
11.284364294577085 69.8464
11.306789462371718 68.2506
11.329197585398376 67.4543
11.351623622610898 67.0332
11.37403261614354 66.4879
11.396459526308487 66.3968
11.418869393879497 66.0461
11.441297180532617 65.6828
11.463725406927658 65.2163
11.486136592353875 64.9991
11.508565700543707 65.2665
11.530977768845315 66.7234
11.553407762368774 67.0212
11.575838200059769 66.936
11.598251599479612 65.2163
11.620682927815501 64.2779
11.64309721895548 64.1067
11.665529441478206 63.5946
11.687962112597958 63.4021
11.710377748130886 63.45
11.732811318753434 63.233999999999995
11.755227854859067 63.0877
11.777662328529495 62.8426
11.800079768750786 62.8145
11.822515149015453 62.6544
11.844950984084935 63.0287
11.867369787303163 62.8616
11.889806534289491 62.5758
11.912226250487029 62.9691
11.934663912939751 63.5069
11.9571020346363 63.4789
11.979523127133968 63.3859
12.001962169624331 64.3219
12.024384183972964 66.1101
12.046824150809913 69.9388
12.069264581333726 75.1406
12.091687985297767 81.3593
12.11412934550045 91.1195
12.136553680195208 105.74700000000001
12.158995973632788 127.76299999999999
12.181438735204349 155.447
12.20386447284199 184.639
12.226308172985636 201.115
12.24873485024193 198.217
12.271179492516982 159.578
12.293607112949127 120.54899999999999
12.316052700916226 91.7916
12.338498763250042 75.9061
12.360927805303868 68.8836
12.383374818673879 66.2033
12.405804812803074 64.9063
12.428252780773262 64.5472
12.45070122756722 64.55
12.473132656675375 64.5286
12.49558206341869 64.752
12.518014453510101 64.6099
12.540464823770117 64.9076
12.562915677315177 65.1257
12.58534951575545 65.5158
12.607801338171472 67.0998
12.630236146511358 70.8655
12.652688941369085 74.1338
12.675124723177234 74.8143
12.697578494048786 72.4231
12.720032754458185 69.1438
12.742470003354093 68.0887
12.764925245138771 68.1068
12.787363476431278 68.6582
12.809819703166806 68.8176
12.83227642391173 69.5538
12.854716135692716 70.0812
12.877173846755147 71.1821
12.899614549869717 71.6797
12.9220732548287 72.5558
12.94453245827299 72.8609
12.966974655289818 73.8184
12.989434858002571 74.7246
13.011878055298721 75.5254
13.034339260862497 76.6162
13.056800969391883 77.7985
13.079245674017244 80.3097
13.101708390774869 83.34299999999999
13.12415410463411 92.1146
13.146617833206086 105.163
13.169064559883248 117.45700000000001
13.191529303857127 132.997
13.213994557076367 156.891
13.236442809902437 195.27599999999998
13.258909083908291 248.437
13.28135835851934 307.841
13.30382565690295 373.397
13.326293469022952 425.17699999999996
13.348744283242008 425.537
13.371213125129904 351.787
13.39366497011003 257.218
13.416134845360597 170.50599999999997
13.438605238843131 122.609
13.46105863690397 107.837
13.483530069144786 109.39399999999999
13.505984506951902 115.553
13.528456981549432 125.666
13.550929978879088 141.655
13.573385983253365 166.33599999999998
13.595860028340867 205.225
13.618317081455832 254.738
13.64079217790333 308.286
13.663250283359057 351.028
13.685726434770173 368.89599999999996
13.708203115221277 337.38800000000003
13.730662806148091 256.235
13.75314054697177 181.736
13.775601299246777 126.029
13.798080104050406 96.9392
13.820559442405358 85.6649
13.843021793671388 82.2541
13.865502201420897 80.5316
13.887965623051947 80.1239
13.910447103807167 78.8891
13.932929122629764 77.7254
13.955394156785959 77.1807
13.977877254034569 76.283
14.000343367582113 75.6418
14.022827546871707 74.7755
14.045294743423524 74.1923
14.06778000837062 73.5366
14.090265817715476 73.5463
14.112734645763819 73.0441
14.13522154619454 72.8712
14.157691466286913 72.5469
14.180179461423874 72.4876
14.202668005486178 71.6856
14.22513957064374 71.1721
14.247629214846473 70.6462
14.270101881097517 70.639
14.29259262906496 70.7712
14.315083930490205 71.2443
14.337558255389705 71.2208
14.360050666019726 71.1542
14.382526101071944 70.4185
14.405019624534942 69.8283
14.427513705993134 69.168
14.449990813291825 69.0629
14.47248601302899 69.0995
14.49496423954951 69.3729
14.517460561197822 69.3334
14.539939910570322 68.9342
14.562437357763558 69.544
14.58493536931253 70.4182
14.607416409993311 71.1693
14.62991555254159 71.5822
14.652397725157423 71.5608
14.674898002342799 71.4778
14.697398848433282 71.0688
14.719882725991326 72.0111
14.74238471217934 73.604
14.764869730765593 77.4653
14.787372860692983 81.5133
14.809876564079925 86.28299999999999
14.83236330125751 92.2333
14.854868153850365 101.12899999999999
14.877356041159485 115.24799999999999
14.899862046604186 133.963
14.922351087688757 157.64
14.944858249632887 184.66
14.967365991421232 209.774
14.989856770231246 222.69400000000002
15.012365673994204 217.51
15.03485761569738 184.49099999999999
15.05736768508665 143.894
15.07987833888692 110.329
15.102372032001655 88.8498
15.124883856909658 76.501
15.14737872204565 72.2888
15.169891721717274 70.7185
15.192405310371893 70.6528
15.214901940621196 70.8783
15.237416709527137 70.7699
15.259914520936249 70.8482
15.282430473753607 70.0101
15.304947020131227 69.1625
15.327446610371178 68.2501
15.349964346154254 67.3912
15.372465126703139 67.1403
15.394984055556009 67.0635
15.417486030076159 66.8303
15.44000615566487 66.5394
15.462526881230803 66.5542
15.485030653812652 66.465
15.507552581617434 66.4403
15.530057557334603 66.5133
15.55258069104857 66.767
15.575104429329837 66.9151
15.597611216864632 66.5242
15.620136166564563 66.7506
15.6426441664095 68.296
15.665170331202765 71.2578
15.687697105158826 74.4295
15.710206930593545 77.905
15.732734925158933 82.3749
15.755245972089478 88.9404
15.77777519094324 98.5138
15.800287463046663 111.883
15.822817909869592 130.804
15.84534897229804 150.05200000000002
15.867863089299354 172.86900000000003
15.890395385222186 189.459
15.912910736597423 194.98
15.935444269699861 181.27700000000002
15.957978423016485 152.558
15.980495633101265 120.09200000000001
16.003031029129367 94.6647
16.02554948280019 75.5593
16.048086125229432 67.3853
16.070623392487107 64.8902
16.09314371869582 64.0782
16.11568223789321 63.428999999999995
16.13820381691126 62.5917
16.160743591742527 61.5419
16.183283996022084 60.913000000000004
16.205807461423195 59.8762
16.228349126881973 59.3731
16.25087385432698 59.3844
16.27341678466365 58.5448
16.29594277784926 58.5564
16.31848697676433 58.6037
16.341031811604868 58.754
16.36355971058487 58.8062
16.3861058195587 58.4994
16.40863499352978 57.8019
16.431182380342005 56.9465
16.453730407713202 56.3492
16.476261501364792 56.18
16.498810812136167 55.8347
16.52134319004079 55.8506
16.54389378792203 55.8753
16.566445031001553 55.7253
16.588979342490088 55.4354
16.61153187824822 55.3573
16.634067483263312 55.3424
16.656621315414416 55.0959
16.679175797408888 54.6789
16.701713349928728 55.0063
16.72426913389191 55.3367
16.74680798922351 55.1707
16.76936507887444 54.9803
16.791905240734874 55.3363
16.814463639794468 55.0849
16.837022695210294 55.0178
16.859564824093756 55.3031
16.882125194503903 55.9816
16.904668639217885 56.5026
16.927230328348003 56.6288
16.949792678493612 56.7876
16.972338104193863 56.5367
16.994901778652235 55.9227
17.017448529496576 55.7836
17.040013531998152 56.3048
17.06257920018044 56.8567
17.0851279459922 57.5118
17.107694947817667 58.5919
17.130245028099072 59.5635
17.15281336730298 60.9787
17.17536478578733 62.7521
17.19793446610687 64.9102
17.220504818648422 67.7722
17.243058251703697 71.0121
17.265629950971032 75.008
17.288184731571736 78.9186
17.310757781306908 82.4653
17.33333150794385 83.7206
17.355888317140174 81.7433
17.37846339986244 77.3822
17.401021565958885 71.0519
17.42359800851343 65.9896
17.44617513265564 62.141000000000005
17.468735341390783 60.2619
17.491261035594565 59.3791
17.51396340099364 59.2993
17.536490463869136 59.6801
17.559018209820174 59.5919
17.58154663977963 59.6948
17.604251766089718 59.7617
17.626781572227713 60.0966
17.64931206518155 60.1225
17.671843245885103 60.5453
17.69455114821572 60.9077
17.717083712612634 61.1962
17.739616967569667 61.3588
17.762150914021706 61.5383
17.78486160749854 61.946000000000005
17.807396945166804 62.956
17.829932977143503 63.7951
17.85246970436452 65.4199
17.875183204129467 67.5856
17.897721330097664 69.7676
17.920260154126645 72.3489
17.942799677153296 75.3571
17.9655159983646 79.1686
17.988056927677544 84.9525
18.010598558807683 92.6043
18.033140892692916 102.34
18.05586005052525 112.42399999999999
18.07840379824407 123.184
18.10094825154059 134.814
18.12366954819864 141.80700000000002
18.146215420998306 141.721
18.16876200220057 132.894
18.191309292745153 117.64200000000001
18.214033452627167 103.28200000000001
18.236582170236648 91.8836
18.259131600016456 87.361
18.281681742907335 87.7369
18.304408781233683 91.8085
18.32696035875955 96.5949
18.349512652227624 101.051
18.372065662579683 105.351
18.394795594587553 106.272
18.41735004715306 102.961
18.43990521943684 95.6359
18.46246111238171 86.3957
18.485193953325208 77.055
18.507751296070428 69.8009
18.530309362314178 66.0566
18.552868153000343 63.8898
18.57560391815056 62.6028
18.59816416623245 62.0599
18.620725141597372 61.5251
18.643286845190268 61.1779
18.666025549835414 60.7119
18.688588718427933 60.196999999999996
18.711152618092243 59.8941
18.73389353884365 59.763999999999996
18.75645890921984 59.2647
18.77902501351406 58.9957
18.801591852673102 58.9918
18.824335739722738 58.505
18.846904057212626 58.3969
18.8694731124168 58.1186
18.89204290628315 58.1004
18.914789774966803 58.0298
18.937361054791623 57.541000000000004
18.959933076131318 57.3988
18.982505839934877 57.4258
19.00525570560582 57.3842
19.027829963004184 57.1958
19.05040496572238 57.2989
19.072980714710468 57.4495
19.095733592739563 57.6775
19.11831084296757 57.8543
19.140888842324735 58.3475
19.16346759176222 58.5765
19.18622349753803 59.5363
19.208803755869358 60.1871
19.231384767143577 61.3931
19.253966532312948 62.903
19.276725481241822 64.8933
19.29930876296784 67.166
19.3218928014549 70.0571
19.34465404436217 73.0345
19.36723960516257 75.4901
19.389825925592426 76.2529
19.412413006605938 75.1181
19.43517731967805 71.9583
19.457765930683355 67.7149
19.48035530514408 62.9606
19.50294544401556 59.4217
19.525712842708348 56.7862
19.54830451925909 55.4581
19.570896963095727 54.4779
19.593490175174704 54.2746
19.616260674962184 54.1238
19.638855432416964 53.7511
19.661450960992624 53.8749
19.68404726164677 53.838
19.706820878021247 53.4932
19.729418731756834 53.7131
19.752017360452857 53.6353
19.77461676506804 53.9244
19.797393513540218 54.0699
19.819994478951667 54.3594
19.84259622316767 54.8075
19.8651987471481 55.3533
19.887978643247177 55.5356
19.91058273574792 56.2024
19.933187610901943 56.9879
19.955969879466828 58.1154
19.97857632894404 59.5643
20.00118356396599 61.2469
20.023791585494575 63.2492
20.046577028914875 65.8618
20.069186632506966 67.7002
20.091797025500632 69.8485
20.114408208858933 70.3283
20.137196842715273 70.0662
20.159809615886765 68.3355
20.18242318232135 65.5376
20.20503754298326 63.7732
20.227829382875154 62.4435
20.250445341109344 62.3236
20.27306209647285 63.1813
20.29567964993108 64.0575
20.31847471147704 65.134
20.34109387027612 65.79
20.363713830075454 65.4548
20.386334591841646 64.168
20.409132890679302 61.5904
20.431755265564437 58.1199
20.454378445325528 55.577
20.477002430930366 53.6915
20.499803982716553 52.4679
20.522429589228004 51.6234
20.54505600449589 51.2781
20.567683229489194 51.2286
20.590488049900088 50.9691
20.61311690359731 50.5224
20.63574656993626 50.3267
20.658553853717297 49.9769
20.681185154618298 49.8415
20.703817271080066 49.9496
20.72645020407368 49.4538
20.749260783967177 49.26
20.771895359337133 49.2775
20.794530754161617 49.3469
20.817166969412938 49.0315
20.83998086114876 49.2691
20.86261872660049 49.0131
20.885257415405402 49.1059
20.90789692853701 48.9557
20.930714147864748 49.0309
20.953355319030678 49.1669
20.97599731745334 49.2645
20.99864014410749 48.8967
21.021460706796564 48.8745
21.044105199328826 49.1694
21.06675052302631 49.4869
21.089396678865015 49.4952
21.112220600704806 49.9238
21.134868430275347 50.0387
21.15751709492456 50.391000000000005
21.180166595629693 50.7313
21.202993892429635 51.2785
21.22564507473034 51.5521
21.24829709602816 51.7102
21.27112693608965 51.8174
21.293780644891275 51.5934
21.316435195634053 51.0311
21.339090589297417 50.497
21.361923832041875 49.7932
21.384580921090404 49.2757
21.407238856007325 48.9072
21.429897637773326 48.6476
21.45273429906592 48.6697
21.475394784108598 48.6427
21.498056118951983 48.4408
21.520718304578022 48.871
21.543558400304388 49.161
21.566222297108816 49.4136
21.58888704765135 49.4515
21.61155265291521 49.7177
21.63439619898156 50.2116
21.657063523335786 50.3199
21.67973170537063 50.849
21.7024007460706 51.2948
21.72524775840385 52.2673
21.747918526116475 53.3454
21.770590155457388 54.5611
21.79326264741238 56.1645
21.816113141960237 57.8905
21.838787368860547 59.6297
21.861462461341976 61.268
21.884315579735777 63.3868
21.90699241312273 64.5702
21.92967011506078 65.1072
21.95234868653799 64.818
21.9752053151131 63.4633
21.997885635446785 61.6183
22.020566828293532 59.7655
22.04324889464272 57.9666
22.066109049404666 56.6491
22.088792872571794 56.202
22.111477572219204 56.47
22.1341631493376 56.3325
22.157026846313123 56.1558
22.179714188221507 55.5284
22.202402410582668 54.4188
22.22509151438863 53.0663
22.24795876962584 51.7784
22.270649646204486 50.8385
22.293341407213727 50.1576
22.316034053646906 49.6228
22.338904883215342 49.5155
22.36159931041458 49.3458
22.38429462602756 49.2999
22.40699083104897 49.0731
22.429865251039757 49.0209
22.452563244831367 49.2578
22.47526213102522 49.1196
22.49813925616515 48.8815
22.520839937143307 48.9164
22.543541513520587 48.9135
22.56624398629403 48.9094
22.589124730075895 48.8703
22.611829005656723 49.0149
22.63453418063466 49.0941
22.657240256008077 49.2839
22.680124634582935 49.5101
22.70283252079775 49.6386
22.725541310413075 49.9362
22.74825100442868 50.2891
22.771139033969575 50.6816
22.79385054687155 50.9508
22.81656296718292 51.6417
22.83927629590484 52.473
22.862167992606945 53.4885
22.88488314827121 54.6803
22.907599215359284 55.6246
22.93031619487366 56.6017
22.953211574954405 57.4551
22.975930389478226 58.303999999999995
22.998650119445763 58.407
23.02137076586092 57.5895
23.044269845560063 56.2138
23.06699233506288 54.6695
23.089715744034912 53.0062
23.112617610931565 51.3111
23.135342869061212 50.191
23.158069049684816 49.4889
23.1807961538087 49.0602
23.20370174880544 48.9258
23.226430710184808 49.1343
23.249160598093425 49.2495
23.271891413539002 49.2216
23.294800752937697 49.1067
23.31753343374794 49.4174
23.340267045128353 49.5178
23.36300158808808 49.9441
23.38591468821339 50.14
23.408651104658304 50.6856
23.431388455719986 51.3983
23.454126742409 52.3177
23.4770436196085 53.2243
23.499783787914662 54.3472
23.522524894889884 55.3751
23.54526694154616 56.2494
23.56818761219047 57.4148
23.59093154860734 57.7855
23.613676427751283 58.2461
23.636422250635754 57.1821
23.659346731118656 55.8256
23.68209445191868 53.7679
23.704843119509587 51.6245
23.72759273490623 49.7006
23.750521041644767 48.4225
23.77327256312355 47.471000000000004
23.796025035462787 46.7379
23.818956224555475 46.2886
23.841710609113413 46.2245
23.86446594758979 46.1972
23.887222241002014 45.7634
23.910157285144578 45.4795
23.932915498962537 45.5728
23.955674670778713 45.3563
23.978434801611975 45.1133
24.001373717286125 45.0018
24.024135776723917 44.9006
24.046898798245582 44.8805
24.06966278287146 44.8765
24.092605586582614 44.5904
24.115371508023642 44.3823
24.1381383956401 44.2206
24.16090625045381 44.2923
24.183852958731244 44.2145
24.206622758582608 43.9664
24.229393528706886 43.8817
24.252165270127392 43.9651
24.27511589952438 43.8414
24.297889594216997 43.7184
24.32066426328598 43.5616
24.34343990775613 43.4929
24.36639447485003 43.2874
24.38917208083877 43.413999999999994
24.41195066531332 43.3667
24.43490819850244 43.2516
24.457688750692377 43.1299
24.48047028445616 43.1224
24.503252800821233 43.2334
24.526214300784112 43.3177
24.548998793132213 43.2642
24.57178427117417 43.1994
24.59457073593893 43.2721
24.617536219319863 43.1562
24.64032466834748 43.1631
24.663114107195035 43.1034
24.685904536893013 42.8162
24.708874020360852 42.6559
24.731666442613744 42.6987
24.754459858818787 42.7188
24.777254270007962 42.6199
24.80022777025625 42.5167
24.82302418230472 42.6348
24.845821592443674 42.6012
24.86862000170663 42.5284
24.891597535453727 42.464
24.914397953892728 42.6974
24.93719937456671 42.6036
24.96000179851076 42.7485
24.98298338249997 42.9421
25.00578782394922 43.1488
25.028593271784167 43.4033
25.05157790644186 43.5423
25.07438537804115 43.5258
25.097193859145293 43.7935
25.120003350792075 44.0848
25.142992065061257 44.4054
25.165803588823465 44.6431
25.18861612625217 44.8837
25.211429678386736 45.0351
25.234422489079968 45.1203
25.257238081693636 44.9972
25.280054692141732 45.1052
25.3028723214652 45.1317
25.325869245420463 45.1819
25.348688923599397 45.1271
25.371509623787006 45.0595
25.394331347025812 44.8641
25.41733240110666 44.3567
25.440156181590016 43.6412
25.46298098826268 43.0747
25.48580682216873 42.5451
25.50881202326435 42.0828
25.53163992281684 41.6377
25.55446885274561 41.3213
25.577298814096377 41.0596
25.600308179121807 40.9286
25.623140214533745 41.0539
25.64597328451537 41.1322
25.66898578564376 40.8461
25.691820936010206 40.9924
25.714657124097695 40.7673
25.737494350954734 40.7696
25.760511045684957 40.5923
25.783350361364224 40.8362
25.806190718969255 40.7708
25.82903211955018 40.8824
25.852053024868923 40.99
25.874896522722523 40.9962
25.897741066713106 40.95
25.920586657892454 41.0437
25.943611790812668 41.1863
25.966459487728237 41.223
25.989308234998564 41.3454
26.01215803367705 41.6613
26.03518741123814 41.7051
26.05803932412957 41.8549
26.080892291600094 41.8681
26.10374631470478 42.0472
26.12677995397268 41.9357
26.14963609978026 41.9221
26.172493304397875 41.5506
26.19535156888223 41.3673
26.218389486949604 41.0105
26.241249882640123 40.7312
26.26411134137826 40.5432
26.28715248187403 40.6312
26.31001607820869 40.4656
26.3328807407756 40.2509
26.35574647063438 40.383
26.37879191991473 40.3314
26.401659795896734 40.3142
26.424528742360263 40.5788
26.447398760366614 40.7357
26.470448535598294 40.8028
26.49332070826805 41.0449
26.516193955675355 41.2867
26.53906827888316 41.6696
26.562122397260108 41.6928
26.584998883685063 41.9654
26.607876449110325 42.2826
26.63075509460056 42.3863
26.65381357334404 42.5175
26.67669439061878 42.4361
26.699576291163382 42.2044
26.722459276044212 42.2462
26.745522132402975 42.0137
26.768407297649354 41.7181
26.791293550442003 41.4038
26.814180891848974 41.1418
26.837248143099337 40.6869
26.860137673466657 40.7298
26.88302829566349 40.4149
26.90592001075963 40.4047
26.92899167420566 40.1121
26.951885586870763 39.8142
26.974780595655517 39.5328
26.99785558178161 39.443000000000005
27.020752794605112 39.314
27.043651106772522 39.1061
27.06655051935668 39.1112
27.089629948036183 38.9641
27.112531573292053 38.9207
27.135434302194138 39.0328
27.158338135817015 38.8969
27.181422024430987 38.9409
27.204328079372566 38.7129
27.22723524226965 38.7735
27.250143514198573 38.8387
27.273231880156334 38.814
27.296142382065014 38.6846
27.319053996245536 38.7321
27.341966723775965 38.8273
27.365059584515222 38.7797
27.38797455070062 38.7587
27.410890633481237 38.6755
27.433807833936918 38.6573
27.456905206923906 38.7202
27.47982465472398 38.7034
27.502745223449743 38.8792
27.525666914182825 38.9715
27.548768816912457 38.8763
27.571692763693633 38.768
27.59461783573812 38.6723
27.617723149491244 38.5466
27.640650484125285 38.4387
27.66357894728264 38.3885
27.686508540048052 38.3265
27.709618414237887 38.283
27.732550278321757 38.2039
27.755483275279115 38.1264
27.778417406196485 38.2134
27.801531858397514 38.1982
27.824468269376716 38.1058
27.847405817586786 38.1438
27.870344504116094 38.3118
27.893463551932008 38.4401
27.916404527281053 38.6149
27.93934664422563 38.7003
27.962289903855886 38.7372
27.98541356491974 38.9036
28.00835912214229 38.9573
28.03130582533231 39.2536
28.054253675581805 39.4127
28.077381967556104 39.3093
28.100332124185126 39.3479
28.123283431160893 39.1592
28.146235889577238 39.0742
28.169368830154156 38.773
28.192323603752033 38.6512
28.215279532083304 38.3
28.238415973016764 38.1023
28.261374223145094 38.0651
28.284333631303806 37.9123
28.307294198589954 37.7592
28.330435319167677 37.5589
28.353398217078915 37.1383
28.376362277420153 36.9014
28.39932750129032 36.7398
28.422473319286713 36.6653
28.44544088262495 36.6242
28.468409612800283 36.5714
28.491379510913497 36.2941
28.51453004413313 36.243
28.53750229057244 36.1209
28.56047570826344 36.1704
28.583450298308804 36.2171
28.606605564586562 35.8849
28.629582511831156 35.9552
28.65256063474956 35.9461
28.675539934446338 35.8908
28.698699951647605 35.9107
28.72168161743193 35.643
28.74466446331978 35.7919
28.767648490417624 35.7622
28.790813276438353 35.6767
28.813799678527303 35.6125
28.836787265157085 35.7964
28.859955641890075 35.6524
28.882945610203045 35.6924
28.905936766392035 35.6595
28.928929111566863 35.5553
28.952102288520145 35.415
28.975097024308607 35.4228
28.998092952423807 35.3252
29.021090073977508 35.1679
29.04426806913204 35.029
29.067267590245258 34.9455
29.090268308143695 34.9144
29.11327022394099 34.8204
29.13645305530891 34.7492
29.159457379627167 34.6119
29.18246290519685 34.5905
29.20546963313352 34.5151
29.22865731875826 34.6155
29.25166646419296 34.605
29.27467681535305 34.3922
29.29768837335608 34.5526
29.320880931312562 34.6097
29.34389491580634 34.5572
29.366910110507334 34.4693
29.38992651653503 34.5412
29.41312396492981 34.4697
29.436142806456754 34.4545
29.45916286268059 34.25
29.48236399319994 34.0974
29.50538649169417 34.0567
29.528410208259935 33.9021
29.55143514402014 33.7106
29.574641196749695 33.6144
29.597668583816574 33.4837
29.6206971934585 33.3023
29.64372702680042 33.3602
29.666938019934474 33.2593
29.689970313635285 33.263000000000005
29.713003834422636 33.2458
29.73603858342347 33.1603
29.759254535188578 33.0311
29.78229175361658 33.0811
29.80533020365064 33.1861
29.82836988641968 33.1263
29.85159081507472 33.0761
29.874632976355343 33.0347
29.89767637376955 33.0899
29.920721008448314 32.8518
29.9439469322847 32.8446
29.96699405457564 32.8375
29.9900424175358 32.8157
30.013092022298157 32.7111
30.03632295963995 32.6222
30.059375061131373 32.8493
30.08242840783577 32.7651
30.105483000888153 32.7487
30.128718970092244 32.5446
30.151776069006917 32.5919
30.17483441768648 32.5805
30.198074175317235 32.6955
30.221135036724256 32.6536
30.24419715131772 32.5789
30.267260520236203 32.4215
30.290505341942243 32.5044
30.313571232750228 32.6237
30.336638381310948 32.6001
30.35970678876503 32.5488
30.38295669299435 32.3434
30.40602763151657 32.4071
30.429099832366074 32.422
30.452173296685572 32.1659
30.47542830191959 32.1997
30.498504306502497 32.2583
30.521581577995562 32.4046
30.544660117543582 32.4643
30.56792024229725 32.3999
30.59100133132069 32.3779
30.614083691845494 32.4296
30.637167325018545 32.4512
30.660432587840603 32.477
30.683518779717886 32.3541
30.70660624769615 32.3681
30.729694992924372 32.3207
30.75296541239743 32.495
30.77605672557558 32.5223
30.799149319462742 32.3294
30.8224236211637 32.18
30.845518789950724 32.1643
30.868615242910597 32.0014
30.891712981195973 31.8697
30.91499247215866 31.8052
30.938092794619365 31.7919
30.96119440587579 31.766
30.984297307082752 31.6584
31.00758200598383 31.4971
31.030687500658694 31.3855
31.053794288760695 31.291999999999998
31.076902371446767 31.3656
31.100192296997445 31.4541
31.12330298246119 31.4067
31.14641496599209 31.1807
31.169528248749216 31.2485
31.19282341969534 31.1702
31.215939314557186 31.0949
31.239056512134788 31.1444
31.262175013589378 31.1422
31.28547544871168 31.0959
31.30859657161541 31.0227
31.331719001892175 31.0996
31.35484274070538 31.2108
31.378148458819545 31.2179
31.401274828443725 31.1194
31.424402510106933 31.0975
31.447712205419993 31.1863
31.470842524931633 31.0587
31.493974159989783 30.9494
31.51710711176168 31.0495
31.54042212308802 31.0632
31.563557722100917 30.9466
31.586694641341655 30.8257
31.609832881979628 30.7929
31.63315322823208 30.586
31.656294125521327 30.4982
31.679436347728515 30.5016
31.70257989602529 30.5356
31.725905596152327 30.4114
31.74905181052835 30.1862
31.772199354521323 30.3653
31.79534822930507 30.369
31.818679302290967 30.3588
31.84183085259981 30.3318
31.864983737233473 30.3813
31.88813795736804 30.3467
31.911474422233013 30.2215
31.934631327356435 30.2117
31.9577895715215 30.337
31.980949155906522 30.2556
32.004291031706956 30.1929
32.027453310562606 30.1085
32.05061693318573 29.9657
32.07396288236386 29.9868
32.09712920658542 29.8779
32.12029687812702 29.767
32.14346589817093 29.6697
32.166817291729984 29.728
32.18998902288583 29.6333
32.21316210610336 29.5713
32.23633654256711 29.5373
32.259693399663725 29.4641
32.282870556771144 29.3171
32.30604907069099 29.3459
32.329228942610065 29.2661
32.35259128243769 29.1279
32.375773884550505 29.142
32.398957848235646 29.1072
32.422143174682176 28.956
32.445511016471215 28.8443
32.468699082679954 28.8745
32.49188851523011 28.9214
32.51507931531304 28.8185
32.538452678331 28.8675
32.56164622776311 28.7512
32.58484114831493 28.6928
32.60803744118015 28.7051
32.631416344731896 28.6505
32.654615396551876 28.57
32.67781582427913 28.5371
32.701198898634416 28.4137
32.72440209253756 28.4463
32.747606665947124 28.4016
32.77081262006088 28.2572
32.79420126883317 28.3699
32.81740999876112 28.3386
32.840620112999424 28.2427
32.86383161274818 28.2562
32.88722585534586 28.2183
32.91044014056596 28.2804
32.933655814909734 28.1724
32.95687287957963 28.1197
32.98027273544904 28.061
33.00349259526636 28.0647
33.026713849030116 28.0916
33.04993649794511 27.9615
33.073341986570746 27.9042
33.09656744032826 27.9248
33.11979429286444 28.0206
33.14302254538647 27.9027
33.166433686291185 27.8406
33.18966475336992 27.8646
33.212897224069096 27.8057
33.23613109959831 27.8215
33.259547912343415 27.7085
33.2827846121627 27.7271
33.306022720453775 27.6459
33.32926223842861 27.5356
33.352684742614166 27.6201
33.37592709463173 27.5984
33.399170859982064 27.4789
33.422597648419426 27.4164
33.44584425514446 27.3719
33.46909227885668 27.2349
33.4923417207723 27.1205
33.51577423505344 27.3004
33.539026528130385 27.105999999999998
33.56228024307245 27.0503
33.585535381098246 26.9776
33.60897364093058 27.0111
33.63223163992385 27.0048
33.6554910656699 26.8764
33.678751919389796 26.8864
33.702195944520106 26.7341
33.72545966903325 26.7212
33.74872482519663 26.6911
33.771991414233746 26.6735
33.79544122444841 26.6652
33.81871069412428 26.553
33.84198160035767 26.5399
33.86525394437455 26.515
33.88870955949969 26.5367
33.911984794020626 26.5344
33.93526147001624 26.4542
33.958539588715006 26.3755
33.98200102861669 26.3382
34.0052820477047 26.2089
34.02856451319451 26.2584
34.05203033759056 26.2826
34.07531571090147 26.1432
34.09860253431845 26.125
34.121890809074316 26.0645
34.145362493118924 26.0427
34.16865368561615 26.061999999999998
34.191946333164054 26.0232
34.21524043699793 25.9009
34.23871800066799 25.9005
34.26201503218366 25.7878
34.28531352370466 25.8024
34.30861347646881 25.7437
34.33209693978188 25.7126
34.3553998301885 25.6912
34.378704185565205 25.5736
34.402010007152356 25.5496
34.42549939016683 25.5441
34.44880815937748 25.4357
34.472118398533134 25.4741
34.49543010887669 25.3991
34.51892543169198 25.2554
34.54224009966052 25.2699
34.56555624255917 25.3623
34.58887386163339 25.214000000000002
34.61237514439016 25.205
34.6356957311114 25.1285
34.65901779775809 25.1002
34.68252356662995 25.0817
34.705848608458616 25.0439
34.72917513396849 25.0033
34.75250314440949 24.9308
34.77601490857862 24.8895
34.799345904259795 24.8547
34.82267838863559 24.8186
34.846012362958525 24.7907
34.869530142679984 24.7485
34.89286711232212 24.7422
34.91620557568269 24.6739
34.93954553401677 24.7543
34.9630693495876 24.5801
34.986412313340814 24.6273
35.00975677584668 24.6559
35.033102738362956 24.5418
35.05663261012228 24.5184
35.0799815881786 24.5477
35.10333207003229 24.4184
35.12668405694369 24.4665
35.150220005273056 24.4357
35.17357501786656 24.4523
35.19693153931268 24.3737
35.220289570874385 24.3347
35.24383161619786 24.2605
35.267192683604904 24.3897
35.290555264930376 24.247
35.314101899412165 24.2477
35.33746752422433 24.2126
35.36083466676374 24.168000000000003
35.38420332829803 24.0995
35.407756095629054 24.1506
35.43112781085063 24.0942
35.45450104888391 24.1206
35.477875810999194 24.1153
35.50143473172161 23.9034
35.52481255774625 23.9704
35.54819191167777 23.964000000000002
35.57157279478914 23.9021
35.595137889488406 23.8856
35.61852184675279 23.8322
35.641907337029984 23.7934
35.665294361595684 23.7919
35.68886565090076 23.7386
35.7122557598848 23.6928
35.73564740699838 23.6619
35.759040593519934 23.6293
35.78261809810353 23.561
35.80601437933051 23.3817
35.829412203814705 23.3383
35.85281157283719 23.3273
35.876395313415884 23.4254
35.8997977874528 23.3478
35.92320180988546 23.3476
35.946790244133936 23.2713
35.97019737933222 23.2405
35.993606066789866 23.2049
36.01701630779276 23.2367
36.04061101440684 23.2021
36.06402437852291 23.1508
36.08743930005611 23.1088
36.1108557802951 23.0482
36.13445678011326 23.0444
36.15787639383515 23.01
36.18129757014299 22.9823
36.20472031032821 22.8592
36.22832762423364 22.7765
36.25175350829375 22.8549
36.275180960119776 22.7918
36.298609981005924 22.8054
36.32222362992669 22.7962
36.34565580510207 22.732
36.36908955323448 22.7171
36.39252487562093 22.6274
36.416144880530226 22.613000000000003
36.43958336764275 22.5708
36.463023432914625 22.5411
36.486465077645676 22.4481
36.51009145956204 22.5644
36.53353627947859 22.5228
36.55698268276811 22.5095
36.58043067073321 22.4818
36.60406345072071 22.3235
36.62751462435344 22.2379
36.65096738658405 22.2783
36.67460498210655 22.2912
36.69806093788647 22.2108
36.72151848619297 22.1037
36.744977628333636 22.1409
36.76862165890998 22.1336
36.79208400512205 22.0828
36.81554794910557 22.1317
36.83901349217101 21.9621
36.862663978991606 21.9027
36.88613273667352 21.894000000000002
36.90960309738324 21.8945
36.933075062434064 21.8999
36.95673202673572 21.8529
36.98020721697122 21.8433
37.003684015502365 21.7633
37.027162423645365 21.7253
37.050825886711465 21.6555
37.07430753063053 21.5506
37.09779078812467 21.5623
37.121275660513014 21.5921
37.144945643673694 21.6203
37.16843376245278 21.5691
37.19192350009803 21.4963
37.215414857931435 21.5321
37.239091382563885 21.3874
37.262585997426164 21.4213
37.28608223645736 21.3683
37.309763684451696 21.3452
37.33326318851098 21.296
37.356764320726555 21.2587
37.380267082425526 21.2351
37.40395510942588 21.2232
37.42746114683234 21.1875
37.45096881771841 21.1388
37.474478123414166 21.0959
37.49817275092816 21.0426
37.52168534303452 21.0785
37.54519957395567 20.9471
37.568715445024665 20.9406
37.592416694607714 20.9141
37.61593586281424 20.9437
37.63945667518264 20.9468
37.66297913304891 20.8127
37.68668702630454 20.8477
37.710212792059274 20.7615
37.733740207334854 20.7227
37.757269273470364 20.7567
37.780983832050374 20.6479
37.80451621684926 20.6268
37.82805025654007 20.5609
37.851585952464795 20.5652
37.8753071980695 20.4957
37.89884622345676 20.4747
37.92238690911902 20.455
37.94611318753442 20.4063
37.969657210779765 20.3304
37.99320289834801 20.4303
38.016750251586465 20.3392
38.04048325513017 20.322
38.06403395679343 20.2494
38.087586328183946 20.2189
38.11114037065203 20.1652
38.13488012115898 20.2426
38.1584375229181 20.1576
38.181996599821 20.0673
38.205557353221124 20.0959
38.229303872575656 20.0884
38.2528679961576 20.0331
38.27643380031219 19.9186
38.30000128639589 20.0042
38.32375459653193 19.983
38.34732546371299 19.9548
38.37089801690786 19.847
38.39447225747609 19.7617
38.418232380377425 19.8073
38.441810012983396 19.7716
38.46538933705673 19.7139
38.488970353960084 19.7273
38.51273731166058 19.7167
38.536321731567014 19.5502
38.55990784840681 19.601
38.58367995004091 19.5433
38.60726947812959 19.4832
38.63086070726198 19.5003
38.654453638806274 19.5311
38.678232613930824 19.4478
38.70182896773327 19.441
38.72542702806741 19.3419
38.7490267963045 19.3536
38.77281266709232 19.3813
38.79641586862214 19.3409
38.8200207821842 19.3274
38.843627409152944 19.2591
38.86742019782782 19.2203
38.891030269149255 19.1674
38.914642058016156 19.1638
38.938255565806124 19.0647
38.96205529464307 19.0977
38.98567225787121 19.0371
39.00929094417078 19.1084
39.03291135492255 19.0401
39.05671804624804 18.9874
39.080341923549106 18.9015
39.103967529460334 18.8819
39.127594865365744 18.8167
39.15140854155791 18.8501
39.17503935514948 18.8536
39.19867190290282 18.8314
39.22249083587951 18.7516
39.24612686969409 18.7934
39.269764641845306 18.7739
39.293404153722804 18.6957
39.317230110864074 18.5858
39.34087311998506 18.5696
39.36451787301696 18.5714
39.388164371352595 18.5144
39.41199737518003 18.5458
39.43564738196752 18.4895
39.45929913825317 18.4812
39.48295264543308 18.4124
39.506792718520884 18.3613
39.530449745387216 18.4408
39.55410852735203 18.3621
39.57776906581474 18.3034
39.60161623079 18.2771
39.625280300200025 18.257
39.64894613032202 18.2216
39.67261372255866 18.1377
39.6964680021016 18.1281
39.72013913657293 18.1687
39.74381203738292 18.1275
39.76748670593756 18.1098
39.79134812278169 18.1055
39.81502634488497 18.0454
39.83870633896685 18.0121
39.862388106436654 17.9586
39.88625668336918 17.8883
39.90994201572829 17.9766
39.933629125719285 17.8842
39.957503091207826 17.8162
39.9811937746168 17.847
40.00488623990914 17.8163
40.02858048850006 17.7652
40.05246165409549 17.7329
40.076159487492085 17.7084
40.099859108448875 17.6588
40.123560518384345 17.645
40.1474489070226 17.6731
40.171153913178564 17.5171
40.194860712584955 17.4941
40.2185693066637 17.5311
40.242464941335314 17.4788
40.26617714307655 17.4825
40.289891143772046 17.4123
40.3136069448471 17.4279
40.33750984859743 17.3825
40.3612292688043 17.3907
40.3849504936829 17.3116
40.40867352466194 17.3571
40.43258372059144 17.3226
40.45631038219906 17.3698
40.48003885420956 17.2166
40.503769138055105 17.2201
40.52768664931955 17.142
40.55142057531802 17.1969
40.57515631746428 17.1293
40.599079334038514 17.1426
40.62281872700477 17.0282
40.64655994043941 17.0258
40.67030297578061 17.0422
40.69423334835778 16.9909
40.71798004609188 16.9884
40.74172857006355 16.9436
40.76547892171441 16.9846
40.7894166736039 16.8985
40.813170699248566 16.8311
40.83692655691388 16.8515
40.86068424804498 16.8487
40.884629402612525 16.8161
40.908390779366385 16.7272
40.932153993938 16.7036
40.95591904777605 16.7103
40.979871628443995 16.6776
41.003640379561936 16.6547
41.02741097430883 16.6323
41.05118341413683 16.6141
41.075143444384416 16.5529
41.098919593177826 16.546
41.1226975914255 16.5472
41.14647744058318 16.4949
41.170444943946755 16.4352
41.19422851378379 16.436
41.218013938914645 16.418
41.24198706625173 16.3613
41.26577622087193 16.3909
41.289567235177785 16.2723
41.31336011063129 16.2689
41.337340752422875 16.2369
41.361137369129835 16.2701
41.38493585138705 16.1661
41.40873620066004 16.1017
41.43272438060107 16.1095
41.45652848292052 16.1065
41.48033445666918 16.0696
41.50414230331616 16.0874
41.528138045159764 16.062
41.551949656675205 15.9657
41.575763145513235 15.9593
41.59957851314666 15.982000000000001
41.62358184070442 15.9411
41.64740098505737 15.9714
41.6712220126409 15.9002
41.69504492493139 15.8514
41.71905586207357 15.8346
41.74288256296395 15.7722
41.766711153007456 15.772
41.79054163368412 15.7554
41.814560204340054 15.742
41.838394485526365 15.7298
41.86223066180303 15.6753
41.88625497706819 15.6685
41.910094962812 15.6049
41.93393684811168 15.5701
41.95778063445365 15.5655
41.981812625263366 15.5221
42.00566023303407 15.5078
42.029509746323676 15.4634
42.05336116662236 15.4489
42.077400857069705 15.4066
42.10125611078846 15.3989
42.12511327600405 15.4118
42.14897235421036 15.3825
42.173019768448455 15.3134
42.19688269209613 15.3078
42.22074753323349 15.3162
42.24461429335818 15.2816
42.268669455600495 15.2153
42.292540073217886 15.2312
42.31641261433284 15.2285
42.34028708044675 15.1692
42.36435001496739 15.1136
42.38822835065557 15.1156
42.41210861586426 15.0793
42.4359908120986 15.1065
42.46006154323262 15.0332
42.48394762115317 14.9908
42.507835634632315 15.0279
42.531912233047436 14.9555
42.55580413732265 14.8965
42.579697981698 14.9215
42.60359376768525 14.8793
42.62767820545945 14.8651
42.65157789440821 14.7923
42.67547952952185 14.8223
42.699383112316 14.777999999999999
42.72347541395347 14.738
42.74738291190531 14.7373
42.771292362102166 14.7206
42.795203766063516 14.6769
42.819303956130405 14.6343
42.843219287476536 14.6044
42.86713657716324 14.61
42.89105582671383 14.5822
42.91516392983864 14.544
42.939087119032166 14.5091
42.963012272677304 14.5009
42.98693939230129 14.4903
43.01105543317513 14.4548
43.034986504731386 14.4555
43.05891954686589 14.3861
43.08285456110972 14.3834
43.10697856448665 14.3913
43.130917542983475 14.2973
43.15485849820081 14.2869
43.17880143167367 14.2868
43.20293342237094 14.2586
43.226880332449 14.1749
43.25082922540554 14.2224
43.27496722682525 14.1725
43.29892010567796 14.182
43.32287497204102 14.1306
43.34683182745632 14.0952
43.370977859791836 14.132
43.39493871351105 14.0549
43.41890156092628 14.049000000000001
43.44286640358341 14.0496
43.46702049182749 14.0059
43.49098934522816 13.9828
43.51496019852649 13.8887
43.5389330532723 13.9182
43.56309522248204 13.8368
43.58707210044314 13.8703
43.61105098451946 13.7631
43.63503187626491 13.8219
43.659202151562134 13.764000000000001
43.68318707902681 13.7779
43.70717401884041 13.7343
43.731162972560874 13.6998
43.75534137913236 13.6662
43.779334381108384 13.6306
43.803329401683186 13.6617
43.82732644241872 13.66
43.8515130055166 13.6471
43.87551410707659 13.5493
43.89951723350145 13.5781
43.923709934595614 13.5143
43.94771713129917 13.5443
43.97172635758096 13.4853
43.99573761501002 13.4845
44.0199385169922 13.4461
44.04395385732619 13.427
44.067971233533086 13.3831
44.09199064718605 13.3704
44.11619977548961 13.2827
44.14022328470671 13.3041
44.16424883610785 13.355
44.18827643127035 13.2962
44.21249381139513 13.2601
44.236525514814076 13.2362
44.26055926674478 13.1959
44.28459506876863 13.1962
44.3088207262813 13.1503
44.33286064928722 13.1634
44.35690262714919 13.1088
44.38094666145278 13.1147
44.4051806219871 13.1289
44.42922879003185 13.0513
44.45327901929361 13.0238
44.477331311362136 13.0153
44.501573600619416 12.9382
44.525630039221795 12.9361
44.54968854541895 12.9171
44.573937102200176 12.9374
44.5979997645541 12.9295
44.622064499300315 12.8846
44.64613130803592 12.8415
44.67038823869318 12.8882
44.69445921643748 12.8026
44.718532272981385 12.7371
44.742607409926194 12.748
44.76687274034801 12.7651
44.79095205918753 12.665999999999999
44.81503346325094 12.7152
44.839116954143876 12.6658
44.86339071028742 12.6057
44.88747839599524 12.6202
44.91156817336837 12.6285
44.93566004401666 12.6039
44.959942251908146 12.5782
44.984038330325966 12.5287
45.00813650686762 12.4785
45.03223678314731 12.493
45.05652746888232 12.4613
45.08063196592069 12.417
45.104738567558705 12.3839
45.128847275414856 12.435
45.15314646515866 12.3254
45.17725940679741 12.329
45.20137445952892 12.2995
45.22568004865265 12.3358
45.24979934496396 12.2637
45.27392075725247 12.2618
45.29804428714431 12.2785
45.322358426247604 12.2507
45.346486212804315 12.1996
45.370616121861914 12.1449
45.39474815505086 12.181
45.41907087049246 12.1134
45.4432071734666 12.1069
45.46734560548283 12.1249
45.49148616817604 12.0727
45.51581748638564 12.0554
45.5399623320197 12.0392
45.56410931325473 11.9914
45.58825843173002 12.0253
45.61259837920865 12.0089
45.636751793816 11.9893
45.66090735060093 11.9384
45.68506505120716 11.9073
45.7094136545275 11.8748
45.73357566449271 11.8546
45.75773982322992 11.7816
45.78190613238733 11.7942
45.806263418194064 11.7444
45.83043404997326 11.78
45.85460683713677 11.7648
45.87897065658495 11.7614
45.90314777634752 11.7233
45.92732705646868 11.7348
45.9515084986045 11.6854
45.97588104735473 11.6518
46.00006683541565 11.6421
46.02425479047904 11.6197
46.04844491420549 11.6152
46.0728262191024 11.5722
46.09702070211635 11.5819
46.12121735879483 11.520999999999999
46.14541619080294 11.4696
46.169806278764455 11.4962
46.194009483459034 11.4891
46.21821486849841 11.4456
46.24242243555223 11.4482
46.266821333570014 11.4178
46.29103328674601 11.3684
46.31524742696538 11.4018
46.33946375590237 11.3401
46.36387149104216 11.2803
46.38809221957392 11.2549
46.41231514186606 11.2982
46.436540259597464 11.255999999999998
46.460956858999374 11.2052
46.48518638983522 11.1813
46.509418121166966 11.1862
46.533652054678114 11.1904
46.55807754555709 11.1645
46.58231590571962 11.1456
46.60655647313217 11.1072
46.630988654873654 11.0979
46.655233659129024 11.0582
46.67948087571551 11.0167
46.70373030632484 11.0308
46.72817142736393 11.0321
46.752425308428684 11.015
46.77668140861147 10.9729
46.80093972960865 10.937000000000001
46.82538981736788 10.8949
46.849652602470904 10.8632
46.87391761349769 10.9047
46.8981848521493 10.9202
46.9226439341274 10.8495
46.946915650573224 10.8314
46.97118959976749 10.8026
46.99546578341598 10.8045
47.019933887188216 10.767000000000001
47.04421456235744 10.7519
47.06849747711879 10.7247
47.09278263318286 10.6996
47.11725978640143 10.6719
47.14154944775105 10.6682
47.165841355555656 10.6477
47.1901355115306 10.6298
47.214621741924994 10.6201
47.23892041698887 10.61
47.26322134538975 10.5559
47.28771440635075 10.5402
47.31201986422527 10.5358
47.33632758061436 10.4929
47.360637557241866 10.5046
47.38513974410611 10.4824
47.40945426407847 10.4698
47.43377104948137 10.4127
47.45809010204344 10.4186
47.48260144275502 10.3967
47.506925052572285 10.3365
47.53125093475548 10.3246
47.55557909103813 10.349
47.58009961361992 10.3127
47.60443234110732 10.3031
47.62876734791564 10.2768
47.65310463578333 10.2826
47.6776343683373 10.2478
47.7019762413987 10.2142
47.72632040075572 10.1639
47.75066684815169 10.176
47.77520581885936 10.1693
47.799556865477655 10.1569
47.823910205386 10.1606
47.84826584033272 10.1056
47.87281407745551 10.0629
47.89717432569297 10.0861
47.92153687423484 10.0703
47.94609208429692 10.0901
47.97045925671401 10.0291
47.99482873471275 9.99902
48.01920052005013 10.0106
48.04376504619224 9.96825
48.068141469543484 9.9539
48.09252020552573 9.95347
48.11690125590099 9.907919999999999
48.1414751266064 9.88003
48.16586082917454 9.875919999999999
48.19024885144316 9.82579
48.2146391951793 9.8497
48.239222439012764 9.86247
48.26361744916137 9.82371
48.28801478610016 9.83395
48.31241445160131 9.78668
48.337007097209366 9.74613
48.36141144338331 9.74882
48.38581812345755 9.71304
48.41022713920929 9.73155
48.434829215320704 9.6944
48.45924292604658 9.6721
48.48365897780325 9.65879
48.50807737237308 9.62026
48.532688907799276 9.62722
48.55711201168574 9.58794
48.581537463754074 9.57697
48.60615611725119 9.6019
48.63058628942721 9.562330000000001
48.65501881516546 9.51228
48.6794536962573 9.54523
48.70408185970339 9.52667
48.72852147531801 9.47194
48.75296345168211 9.44946
48.77740779059232 9.47688
48.80204549302823 9.42014
48.82649458091802 9.39604
48.85094603676547 9.40725
48.87539986237231 9.34688
48.90004713292306 9.31466
48.92450572200832 9.332180000000001
48.94896668628025 9.27895
48.97343002754588 9.305439999999999
48.99808689542115 9.29336
49.02255501470614 9.28041
49.04702551642794 9.2777
49.0714984023988 9.252469999999999
49.096164896893235 9.20584
49.120642575466796 9.208260000000001
49.145122643748394 9.16516
49.16960510355558 9.15049
49.19428125404938 9.156830000000001
49.2187685210852 9.12257
49.243258185121555 9.06984
49.26794160167084 9.0971
49.2924360839405 9.05494
49.31693296869764 9.05872
49.34143225776915 9.045060000000001
49.36612538195438 9.009089999999999
49.39062950396021 9.02932
49.41513603578346 8.9751
49.4396449792564 8.966560000000001
49.46434784069503 8.98542
49.488861631846454 8.96128
49.513377840166804 8.94842
49.537896467493745 8.90475
49.56260909589029 8.88084
49.587132585683285 8.87198
49.611658500018365 8.87006
49.636186840738596 8.831339999999999
49.66090926588511 8.80767
49.685442483902584 8.75346
49.70997813385706 8.79065
49.734516217597076 8.76198
49.75924846937352 8.77782
49.7837914452858 8.6989
49.80833686055187 8.67056
49.83288471702571 8.63605
49.85762682540054 8.643510000000001
49.882179588965734 8.623439999999999
49.9067347993235 8.62813
49.93129245833333 8.64816
49.95604445336378 8.65405
49.98060703442832 8.58814
50.005172069746266 8.60458
50.02993150438364 8.59375
50.05450147301533 8.54418
50.07907390151433 8.52955
50.10364879174981 8.51118
50.12841816587289 8.505510000000001
50.1529980044635 8.44203
50.17758031042124 8.47483
50.20216508562089 8.44908
50.22694442953363 8.44562
50.25153416817468 8.428460000000001
50.27612638170508 8.382660000000001
50.300721072005196 8.36849
50.325510416102105 8.38733
50.350110084975064 8.34779
50.37471223628208 8.36079
50.39931687190919 8.32503
50.424116246675766 8.297880000000001
50.44872587605249 8.28023
50.47333799543065 8.29192
50.49795260670191 8.24895
50.52276204271512 8.237689999999999
50.54738166295838 8.17475
50.57200378079314 8.22156
50.596628398116835 8.19983
50.62144792604559 8.19692
50.646077567609396 8.14296
50.670709714377715 8.13302
50.69553683636198 8.12641
50.72017401885922 8.08278
50.7448137122895 8.11563
50.76945591856022 8.115689999999999
50.79429318636823 8.07925
50.818940443716784 8.09038
50.84359021965163 8.03779
50.868242516085964 8.05592
50.893089960641895 8.01042
50.917747323549435 7.9778899999999995
50.94240721271973 7.96479
50.96706963007175 7.9454
50.99192728239342 7.938389999999999
51.01659478166073 7.9508399999999995
51.04126481489051 7.93474
51.06593738400761 7.903989999999999
51.090805275207074 7.89133
51.11548294172845 7.87334
51.14016314993547 7.85042
51.164845901758845 7.81774
51.18972406304274 7.791180000000001
51.21441192780656 7.78458
51.23910234200271 7.78233
51.2637953075678 7.7271399999999995
51.288683770237945 7.7291
51.31338186432707 7.71125
51.33808251561888 7.723310000000001
51.362978729967345 7.710189999999999
51.387684521509755 7.689710000000001
51.41239287610203 7.658739999999999
51.437103795691165 7.64192
51.46201036644977 7.6234399999999996
51.486726441956634 7.616739999999999
51.51144508832545 7.59605
51.536166307509156 7.58608
51.56108326624387 7.574210000000001
51.58580965706056 7.5667
51.61053862657523 7.5575399999999995
51.635270176746864 7.52055
51.66019755512065 7.50392
51.68493429268881 7.48592
51.70967361681515 7.52818
51.73441552946465 7.487189999999999
51.759353359237934 7.452719999999999
51.7841004750961 7.47496
51.80885018539685 7.449389999999999
51.833602492111254 7.43227
51.8585508051424 7.4073899999999995
51.883308330926425 7.37022
51.90806845906181 7.393389999999999
51.932831191525715 7.30658
51.95779001977161 7.31775
51.98255798721516 7.3179300000000005
52.00732856494335 7.284839999999999
52.03229530577543 7.29295
52.057071130455945 7.288360000000001
52.081849571391054 7.258260000000001
52.106630630568695 7.264239999999999
52.13160794279417 7.22967
52.15639426492067 7.21162
52.18118321127822 7.23078
52.205974783860896 7.18202
52.23096269971011 7.1867600000000005
52.255759551287994 7.166939999999999
52.280559035098186 7.14756
52.30536115314103 7.11348
52.33035970494467 7.1105
52.35516711807904 7.124210000000001
52.37997717147198 7.07039
52.40478986713005 7.09692
52.42979908731974 7.043130000000001
52.454617094216 7.040660000000001
52.47943774942214 7.021960000000001
52.50426105495102 7.02853
52.529280976059844 6.98872
52.554109609024096 6.97388
52.57894089837482 6.9948
52.60377484613117 6.932869999999999
52.62880550079408 6.90648
52.65364479223379 6.9402
52.67848674816189 6.88362
52.70352547971946 6.91303
52.72837279155837 6.900689999999999
52.753222773982785 6.854769999999999
52.778075429022984 6.8581199999999995
52.80312495150885 6.85728
52.827982978797436 6.78591
52.85284368481815 6.798889999999999
52.87770707160767 6.78555
52.90276741793998 6.7574
52.92763619336701 6.777010000000001
52.952507655698504 6.769410000000001
52.977381806977576 6.744
53.00245301017842 6.741210000000001
53.02733256653592 6.73652
53.052214817996074 6.698860000000001
53.077099766608484 6.677910000000001
53.102181859804446 6.720610000000001
53.127072229988265 6.71968
53.15196530349892 6.59709
53.17686108239249 6.58563
53.20195409881522 6.60116
53.22685531582556 6.61497
53.25175924441303 6.53245
53.27666588664027 6.53102
53.30176985962693 6.58597
53.3266819565689 6.51846
53.35159677336455 6.5141800000000005
53.376514312083096 6.48095
53.40162927507703 6.4696
53.42655228516116 6.49251
53.45147802340193 6.46686
53.47660125628886 6.48021
53.50153247842639 6.45371
53.52646643496923 6.40409
53.55140312799818 6.406680000000001
53.576537409691696 6.41925
53.60147960336152 6.38581
53.626424539786164 6.36104
53.65137222105307 6.36126
53.67651758529126 6.36942
53.70147078399681 6.31919
53.72642673383343 6.28595
53.75138543689533 6.31566
53.776541917524526 6.29474
53.801506154876755 6.2918
53.826473151763246 6.26922
53.851442910284916 6.2272099999999995
53.87661054126026 6.20279
53.9015858509782 6.1984
53.92656392866066 6.16927
53.95154477641532 6.18957
53.976723591801296 6.190180000000001
54.00171000771266 6.16063
54.02669920004598 6.14686
54.051691170915745 6.15204
54.076881204886796 6.15947
54.101878760928514 6.1448599999999995
54.12687910187696 6.07198
54.152077577768296 6.11599
54.1770835166946 6.05035
54.20209224691339 6.06481
54.22710377055121 6.0637099999999995
54.25231352511594 6.0111300000000005
54.27733066384342 5.98281
54.30235060239643 5.985530000000001
54.32737334290836 5.9768300000000005
54.35259441062629 5.93423
54.377622783395324 5.926830000000001
54.40265396455061 5.92049
54.42768795623251 5.87774
54.45292037169559 5.87496
54.477960012857906 5.87412
54.50300247099511 5.8329699999999995
54.52804774825457 5.8368199999999995
54.55329154616743 5.80006
54.57834249018678 5.84339
54.6033962597977 5.8186
54.6284528571545 5.73607
54.653708072335164 5.71309
54.67877035378786 5.75551
54.70383546947698 5.66779
54.72890342156389 5.66801
54.7541700889442 5.66073
54.77924374251975 5.6554400000000005
54.8043202390049 5.60404
54.82959552413022 5.5801300000000005
54.8546777351945 5.59264
54.87976279569621 5.54899
54.90485070780914 5.54801
54.930137506558005 5.53565
54.95523115074295 5.55529
54.98032765308844 5.5365400000000005
55.005427015775496 5.45289
55.03072536339621 5.47618
55.05583047570572 5.46125
55.080938454927676 5.43133
55.10604930325027 5.40832
55.131359235107396 5.3688
55.15647585066083 5.3423099999999994
55.181595341907496 5.283580000000001
55.20671771104285 5.30549
55.232039262617704 5.261819999999999
55.25716741665048 5.29381
55.28229845518636 5.20578
55.30743238042802 5.14498
55.33276558731939 5.14537
55.357905315183636 5.1704099999999995
55.383047936390035 5.11817
55.40819345314859 5.1095
55.433538351073295 5.12715
55.458689688238415 5.119219999999999
55.483843927614096 5.06671
55.509197623043605 5.03683
55.53435769621134 5.00482
55.55952067826466 5.0000800000000005
55.5846865714265 4.97355
55.61005202069737 4.92137
55.63522376553902 4.92265
55.66039842818645 4.86474
55.68557601087004 4.916119999999999
55.7109532500271 4.84936
55.73613670233794 4.87323
