TT I
1.2716486653135266 7.33515
1.2939594142134223 7.32972
1.3162702121660406 6.9450899999999995
1.3385810600174564 6.99145
1.3608919586137629 6.817130000000001
1.383202908801069 6.211069999999999
1.405513911425503 6.20622
1.4278249673332093 5.99331
1.4501343378461518 6.3404300000000005
1.4724455028545926 5.41664
1.4947567236847858 5.37895
1.517068001182951 5.8482400000000005
1.5393793361953272 6.30125
1.5616907295681737 4.99941
1.5840021821477681 4.9194
1.60631369478041 5.13106
1.6286252683124185 5.27701
1.6509369035901333 5.44906
1.6732468618895553 5.32686
1.695558623192809 5.34431
1.7178704487808514 5.480519999999999
1.7401823395001077 5.3680900000000005
1.7625012545597203 5.23475
1.7848028405262486 5.3651599999999995
1.8071218901122095 4.567159999999999
1.8294236121921872 4.57569
1.8517427996910911 4.69605
1.8740620574440425 4.86979
1.8963639900671978 4.95525
1.9186833908139995 4.77948
1.9409854680117449 5.181019999999999
1.9633050151394713 5.41435
1.9856246367570705 4.59365
2.0079269371922672 4.53294
2.03024671027244 4.66124
2.0525491637446027 4.86338
2.074869091674931 5.14236
2.097171701569106 4.8796800000000005
2.1194917877373847 4.83999
2.141811954326636 5.49435
2.164114805233074 4.58237
2.186435135143035 5.74682
2.208738150935709 14.0615
2.231058647554722 29.3475
2.2533792288321184 23.0318
2.275682498336085 10.2022
2.298003251406138 6.72495
2.3203066942619714 5.776680000000001
2.3426276225136022 5.31286
2.3649486396617507 5.762490000000001
2.387252348930071 5.88828
2.4095735463442893 5.684740000000001
2.4318774374315884 5.903230000000001
2.4541988185014043 5.72928
2.476502894794693 6.83292
2.498824462909887 6.960430000000001
2.521146125856138 7.47196
2.5434504863470337 6.84381
2.5657723414244717 7.46133
2.588076895590662 8.180019999999999
2.610398946189713 7.72135
2.6327210958598384 7.633430000000001
2.6550259469304716 8.59217
2.6773482972090137 8.114519999999999
2.6996533504259 7.917110000000001
2.7219759047039602 7.865360000000001
2.744298562293959 8.279739999999999
2.7666039251246595 8.11237
2.7889267918020164 8.31705
2.8112323652516555 7.956
2.833555444408179 8.20064
2.8558786311183852 8.026810000000001
2.8781845268938557 8.26875
2.9005079311721484 9.46137
2.9228140460410397 8.76484
2.9451376712799635 9.01008
2.967444008632326 9.58297
2.9897678582247247 10.0874
3.0120918213106695 10.259
3.0343984987899373 10.73
3.0567226913198637 10.7042
3.079029599759726 11.329
3.101354025127254 12.2536
3.123678568232338 12.7367
3.145985829517914 12.8895
3.16831061055229 13.5972
3.1906181112775593 14.3369
3.212943133635653 15.0238
3.2352682779763207 15.6057
3.2575761442691227 15.3776
3.2799015350264273 15.3306
3.302209649240067 16.1891
3.3245352898092655 16.7012
3.3468436553365257 17.5123
3.369169549113219 18.044
3.3914955708171384 18.9004
3.413804319727358 19.1751
3.4361305997334863 19.3594
3.4584396084414553 19.4138
3.4807661501462652 20.4395
3.503092824025881 21.0897
3.5254022288463154 21.1983
3.5477291695206588 21.7277
3.5700388426251948 22.2732
3.5923660534916446 23.9949
3.6146934007816114 39.2187
3.637003482731501 92.2219
3.6593311053109985 103.463
3.681641464033634 58.4452
3.7039693653009733 31.1346
3.726297407241705 26.455
3.7486081875460804 25.9421
3.7709365132734978 26.3732
3.793247578841633 26.7847
3.8155761917550093 26.6282
3.8378875459837216 26.9914
3.8602164494827234 27.7436
3.882545499606844 28.4817
3.9048572932539183 28.6311
3.9271866390645718 29.3539
3.9494987298666713 30.028000000000002
3.971828374764527 30.6771
3.9941581705403255 31.2374
4.016470713506008 31.8446
4.038800813471445 32.5097
4.061113662089144 33.1405
4.0834440696459176 33.736
4.105774632334751 33.9955
4.128087945865126 35.3031
4.150418821249301 36.1927
4.172732448931298 37.1081
4.195063640413578 38.9363
4.2173775856475215 43.553999999999995
4.239709096631102 76.1482
4.262040768704612 242.945
4.284355196706267 329.459
4.306687193387355 212.354
4.329001947444346 83.8452
4.35133427213731 48.8693
4.373666762177566 45.2982
4.395982011761091 44.891000000000005
4.418314834921175 45.8938
4.44063041906622 54.2851
4.4629635787515625 65.5341
4.4852969080429785 65.3406
4.5076130004776225 54.6211
4.529946671403969 50.0851
4.552263106909177 50.2214
4.574597122877047 51.388000000000005
4.596931312711224 52.86
4.619248269273446 52.9835
4.6415828092605835 54.8585
4.663900117405352 55.8677
4.686235010953232 57.0623
4.708552674085913 58.0776
4.730887924602802 59.7031
4.753223354952695 61.1418
4.775541557023902 62.293
4.797877349456786 63.861999999999995
4.820195915032126 65.4861
4.842532072957498 66.8749
4.864868414979744 69.1448
4.88718753227192 71.1451
4.909524244902505 73.4219
4.931843734218147 75.2261
4.954180820867835 77.9339
4.976518095879839 81.033
4.998838149695359 83.8869
5.021175803844231 87.4923
5.043496238205739 90.7473
5.065834274903528 94.4101
5.088172504230693 99.5732
5.1104935158799565 105.845
5.132832132875765 129.25
5.155153533596801 172.817
5.1774925416746225 208.142
5.199814334878411 351.341
5.2221537374521505 999.7130000000001
5.244493338631803 2880.99
5.266815727034316 7569.46
5.289155727832427 12595.1
5.311478517248165 8849.53
5.333818921080011 3025.09
5.356159527788849 615.513
5.3784829252032536 194.87900000000002
5.400823940070432 147.31
5.423147747031976 130.763
5.445489173474152 120.439
5.467830807066149 114.115
5.490155234831516 110.135
5.512497285125229 106.751
5.534822130975162 104.91
5.557164601388673 102.705
5.579489868738879 99.8451
5.601832762690846 98.9287
5.6241758697774475 98.4801
5.646501775867269 97.0853
5.668845311622074 95.5268
5.691171647754637 94.307
5.713515615597765 93.2468
5.735859800852677 92.291
5.758186788542988 91.2986
5.780531411018185 91.9618
5.802858837297399 91.4591
5.825203900414495 91.3019
5.8475491852224 91.9325
5.869877275883075 92.4382
5.892223006467101 93.2207
5.914551544266608 94.1068
5.936897724049891 97.1067
5.959244129804903 102.20200000000001
5.981573344815301 119.279
6.0039202049061 204.127
6.026249875609095 453.087
6.04859719346037 972.929
6.070927323278297 2187.91
6.093275102315365 4415.07
6.115623113320588 5309.01
6.137953938319995 3549.91
6.160302415650845 1092.95
6.182633708324452 255.38
6.2049826554078376 118.89200000000001
6.227331838745022 94.7563
6.249663839443684 86.744
6.27201349767565 83.6038
6.294345974611799 90.3189
6.316696111167083 102.007
6.339046488263839 96.4918
6.361379686074702 80.9616
6.383730546639482 72.9371
6.406064229255215 69.3255
6.428415576718203 68.7534
6.450749747566656 67.7334
6.47310158535871 66.6206
6.495453669698332 65.843
6.517788579421056 65.1915
6.540141159237969 64.7935
6.562476565766648 63.9622
6.5848296444934045 63.5567
6.607182974060425 62.7672
6.6295191323281015 62.9882
6.651872965955752 66.8256
6.6742096296068985 93.8198
6.6965639707294615 141.658
6.71891856698715 142.849
6.741255995248479 96.7579
6.763611104154477 68.9074
6.785949046381137 61.3559
6.808304671371482 59.1148
6.8306605557940046 58.8845
6.852999275508618 57.7657
6.875355681171544 57.7806
6.897694923437771 57.3067
6.92005185377892 56.674
6.9423916220322655 56.57899999999999
6.964749080490181 56.3626
6.987106804399774 56.0032
7.009447368180821 56.2839
7.031805625367033 55.8596
7.054146723727803 55.6071
7.076505517631004 55.6564
7.098864581288365 55.3912
7.121206488070854 55.3908
7.143566093607822 55.3983
7.165908543567245 55.7224
7.188268694426048 55.8877
7.2106291193438095 55.7435
7.232972390625943 57.3329
7.255333366030969 70.3814
7.277677189091925 127.462
7.300038718428332 178.523
7.322400526130865 150.17600000000002
7.344745183422596 91.5346
7.367107550224791 62.8554
7.389452767901992 57.0144
7.411815697249891 55.902
7.434161478756298 55.0245
7.456524974096713 54.7961
7.478888753837185 54.5522
7.501235387657368 55.2711
7.523599738562711 55.1032
7.545946944825532 55.598
7.568311870344528 55.7234
7.5906770845765665 55.7906
7.613025156078678 57.2518
7.635390950099687 58.4348
7.657739602662809 57.5827
7.680105979923558 56.513000000000005
7.702472650212829 56.5439
7.724822180948224 56.3217
7.747189439655568 56.2324
7.769539560075357 56.7764
7.791907410653562 57.1792
7.81425812420825 56.8236
7.836626570110925 57.1655
7.858995315087906 57.9665
7.881346924933401 58.1421
7.903716270417482 58.5813
7.926068482028405 58.6114
7.948438431475253 59.3572
7.9708086843180235 59.783
7.993161805171116 60.6202
8.015532667162402 60.9297
8.037886398416653 62.1371
8.060257873014221 62.4906
8.082629655331942 63.0348
8.104984308787587 63.9447
8.127356708900503 67.4936
8.149711981398308 73.5883
8.172085002766314 76.236
8.194458336181368 72.2918
8.216814543847752 69.8011
8.23918850371002 70.0909
8.26154533906492 70.5055
8.283919928836452 71.7915
8.306277395339652 73.1005
8.328652618483376 74.3535
8.351028159736202 76.2645
8.373386579575245 78.7762
8.395762759396959 80.1673
8.418121819038275 85.4387
8.440498640894003 98.99799999999999
8.462875785192262 113.37100000000001
8.485235811156207 124.432
8.507613602688501 161.809
8.529974277114228 247.976
8.552352719347912 385.305
8.574731488360351 646.341
8.59709314210385 1181.1
8.619472567021075 1852.73
8.64183487789147 2199.0
8.664214962183097 1806.12
8.686577933647762 997.9680000000001
8.708958680784317 396.718
8.731339760774953 172.15400000000002
8.753703729764451 114.104
8.77608547780821 100.52
8.798450116065078 96.3216
8.820832535634787 93.3891
8.843215292401656 91.3391
8.865580941199045 90.1076
8.887964374703538 88.8612
8.910330701447199 89.758
8.932714815164482 92.4495
8.955099270424924 91.5331
8.977466620733543 88.4384
8.999851761421976 85.7461
9.022219798361645 84.3671
9.04460562795561 83.9355
9.066991803441677 83.2507
9.089360876979615 83.1094
9.111747746589993 82.7568
9.13411751544971 82.0764
9.156505082664324 82.0773
9.178875550323522 82.2225
9.20126381862328 82.8429
9.223652438908596 83.1143
9.246023961427412 83.0283
9.26841328802173 82.3192
9.290785518039224 81.8216
9.313175554425882 82.3554
9.335565947154315 82.48299999999999
9.357939245086508 82.5928
9.380330352834827 82.7998
9.40270436697103 83.4598
9.425096193225055 83.0881
9.447488380180165 84.4535
9.469863475295412 84.5273
9.492256385987508 85.0588
9.514632206018318 85.4425
9.537025843935714 86.0062
9.559402392368193 86.6004
9.581796761000229 87.2808
9.604191496441521 88.0932
9.626569144158516 92.1988
9.648964615551032 97.2574
9.671343000390081 98.7117
9.693739211225699 96.6461
9.716135793237463 94.3853
9.738515290448102 93.6322
9.760912617143402 94.4059
9.783292860202891 95.677
9.805690935076182 96.9133
9.828089385495742 97.3908
9.850470754023561 100.111
9.872869957865444 108.164
9.89525208097539 123.92299999999999
9.917652041736662 136.947
9.940052382417589 135.898
9.962435644102392 140.16
9.984836746950979 172.738
10.007220771957746 235.535
10.029622640473708 340.18699999999995
10.052007432299963 513.399
10.074410069984072 809.682
10.096813093716005 1243.14
10.119199042482517 1712.84
10.141602840636468 1894.72
10.163989564971628 1599.94
10.186394141051062 946.5169999999999
10.208799107559706 425.171
10.231187001965623 197.979
10.253592751657669 129.312
10.275981430388155 114.57799999999999
10.298387966769793 114.038
10.320794897965431 116.13600000000001
10.343184759907361 115.134
10.36559248305461 109.427
10.387983138083852 104.926
10.410391656691655 107.208
10.432800574501677 117.177
10.455192425893369 133.77700000000002
10.47760214443012 159.362
10.499994797678786 203.57
10.522405320453982 280.346
10.54479877906917 397.588
10.567210109595656 501.36300000000006
10.5896218454736 573.55
10.612016518879773 493.23800000000006
10.634429067781074 346.124
10.656824555333241 208.50400000000002
10.679237920773568 127.415
10.701651695961992 97.6474
10.724048411481384 90.0754
10.746463008485165 87.0973
10.768860546937125 85.4639
10.791275969274796 83.5324
10.81369180576079 82.3383
10.836090585366925 81.7795
10.858507252467449 80.2849
10.88090686379991 79.0951
10.903324365036394 79.0024
10.925724811614439 78.6547
10.948143150509463 80.3066
10.970561909719066 79.2964
10.992963615930844 77.2585
11.015383218085756 75.0614
11.037785768347074 73.9087
11.06020621697282 73.094
11.082627090322113 72.6306
11.105030913430326 71.8892
11.12745263854165 72.938
11.149857314510728 76.5279
11.172279894912576 82.9817
11.194702904450653 83.8934
11.217108866490921 79.1237
11.239532736615194 74.7218
11.26193956033512 72.4565
11.284364294577085 70.8635
11.306789462371718 68.8366
11.329197585398376 67.7379
11.351623622610898 67.4972
11.37403261614354 66.6745
11.396459526308487 66.5645
11.418869393879497 65.8167
11.441297180532617 65.495
11.463725406927658 65.1881
11.486136592353875 64.9589
11.508565700543707 65.4178
11.530977768845315 67.6572
11.553407762368774 68.762
11.575838200059769 68.0826
11.598251599479612 65.8097
11.620682927815501 63.9846
11.64309721895548 63.8903
11.665529441478206 63.5279
11.687962112597958 63.3246
11.710377748130886 63.1722
11.732811318753434 63.1452
11.755227854859067 63.2892
11.777662328529495 63.0213
11.800079768750786 62.5244
11.822515149015453 62.3934
11.844950984084935 62.8666
11.867369787303163 62.497
11.889806534289491 62.7544
11.912226250487029 62.9806
11.934663912939751 63.0442
11.9571020346363 63.2715
11.979523127133968 63.244
12.001962169624331 63.6789
12.024384183972964 64.5447
12.046824150809913 67.398
12.069264581333726 72.7339
12.091687985297767 78.9961
12.11412934550045 88.3722
12.136553680195208 102.98700000000001
12.158995973632788 124.647
12.181438735204349 153.171
12.20386447284199 182.80700000000002
12.226308172985636 202.544
12.24873485024193 198.692
12.271179492516982 169.176
12.293607112949127 132.149
12.316052700916226 98.8351
12.338498763250042 80.3079
12.360927805303868 70.7499
12.383374818673879 66.933
12.405804812803074 65.0269
12.428252780773262 64.6492
12.45070122756722 64.7313
12.473132656675375 64.6077
12.49558206341869 64.4805
12.518014453510101 64.6029
12.540464823770117 64.915
12.562915677315177 65.1567
12.58534951575545 65.8569
12.607801338171472 68.0056
12.630236146511358 73.3611
12.652688941369085 78.3515
12.675124723177234 78.8924
12.697578494048786 75.0291
12.720032754458185 70.3882
12.742470003354093 68.2316
12.764925245138771 68.1878
12.787363476431278 68.0941
12.809819703166806 68.482
12.83227642391173 69.4972
12.854716135692716 70.0869
12.877173846755147 71.181
12.899614549869717 71.4839
12.9220732548287 72.1749
12.94453245827299 72.4421
12.966974655289818 73.4288
12.989434858002571 74.3511
13.011878055298721 75.0505
13.034339260862497 76.0219
13.056800969391883 77.171
13.079245674017244 78.8861
13.101708390774869 80.937
13.12415410463411 87.9079
13.146617833206086 99.0139
13.169064559883248 111.057
13.191529303857127 126.09899999999999
13.213994557076367 148.12
13.236442809902437 184.36599999999999
13.258909083908291 237.56400000000002
13.28135835851934 301.119
13.30382565690295 366.506
13.326293469022952 413.394
13.348744283242008 423.75300000000004
13.371213125129904 366.173
13.39366497011003 273.532
13.416134845360597 182.389
13.438605238843131 129.30200000000002
13.46105863690397 107.43700000000001
13.483530069144786 105.65100000000001
13.505984506951902 110.55799999999999
13.528456981549432 119.992
13.550929978879088 134.966
13.573385983253365 159.109
13.595860028340867 196.93200000000002
13.618317081455832 248.075
13.64079217790333 302.85900000000004
13.663250283359057 345.175
13.685726434770173 367.86400000000003
13.708203115221277 342.092
13.730662806148091 268.531
13.75314054697177 193.46200000000002
13.775601299246777 133.505
13.798080104050406 100.49
13.820559442405358 86.4271
13.843021793671388 82.6892
13.865502201420897 80.7016
13.887965623051947 80.0176
13.910447103807167 79.1063
13.932929122629764 77.2463
13.955394156785959 77.1146
13.977877254034569 76.1638
14.000343367582113 75.4606
14.022827546871707 74.7353
14.045294743423524 73.9289
14.06778000837062 73.2353
14.090265817715476 73.0166
14.112734645763819 73.0
14.13522154619454 72.7372
14.157691466286913 72.9592
14.180179461423874 72.3981
14.202668005486178 71.7285
14.22513957064374 71.0095
14.247629214846473 70.6642
14.270101881097517 70.3131
14.29259262906496 70.95
14.315083930490205 71.6462
14.337558255389705 72.0336
14.360050666019726 71.5431
14.382526101071944 70.4297
14.405019624534942 69.8001
14.427513705993134 69.2776
14.449990813291825 69.1381
14.47248601302899 68.8502
14.49496423954951 69.0571
14.517460561197822 69.3684
14.539939910570322 69.0568
14.562437357763558 69.3818
14.58493536931253 70.396
14.607416409993311 71.619
14.62991555254159 72.3726
14.652397725157423 71.9908
14.674898002342799 71.2871
14.697398848433282 70.7693
14.719882725991326 71.3012
14.74238471217934 71.8443
14.764869730765593 75.0936
14.787372860692983 78.32600000000001
14.809876564079925 82.8661
14.83236330125751 88.6484
14.854868153850365 97.3758
14.877356041159485 110.83200000000001
14.899862046604186 129.016
14.922351087688757 153.739
14.944858249632887 181.38099999999997
14.967365991421232 205.548
14.989856770231246 217.34099999999998
15.012365673994204 215.91099999999997
15.03485761569738 188.757
15.05736768508665 151.935
15.07987833888692 117.833
15.102372032001655 93.2735
15.124883856909658 78.4146
15.14737872204565 72.8578
15.169891721717274 71.2683
15.192405310371893 70.7472
15.214901940621196 71.3701
15.237416709527137 71.3754
15.259914520936249 71.5271
15.282430473753607 70.7808
15.304947020131227 69.5779
15.327446610371178 68.5922
15.349964346154254 67.7196
15.372465126703139 67.1203
15.394984055556009 67.0197
15.417486030076159 66.7668
15.44000615566487 66.2311
15.462526881230803 66.3193
15.485030653812652 66.5106
15.507552581617434 66.5513
15.530057557334603 66.7176
15.55258069104857 66.5699
15.575104429329837 66.6036
15.597611216864632 65.9563
15.620136166564563 65.9835
15.6426441664095 66.8656
15.665170331202765 68.9168
15.687697105158826 72.2113
15.710206930593545 75.485
15.732734925158933 79.4207
15.755245972089478 85.8886
15.77777519094324 94.975
15.800287463046663 107.60799999999999
15.822817909869592 126.49799999999999
15.84534897229804 147.332
15.867863089299354 168.641
15.890395385222186 184.643
15.912910736597423 191.25799999999998
15.935444269699861 180.87099999999998
15.957978423016485 156.708
15.980495633101265 126.587
16.003031029129367 98.905
16.02554948280019 78.8335
16.048086125229432 69.1196
16.070623392487107 65.988
16.09314371869582 65.1563
16.11568223789321 64.0898
16.13820381691126 63.0123
16.160743591742527 61.9281
16.183283996022084 60.736999999999995
16.205807461423195 59.9082
16.228349126881973 59.3209
16.25087385432698 59.3351
16.27341678466365 58.6902
16.29594277784926 58.7483
16.31848697676433 58.8435
16.341031811604868 59.2583
16.36355971058487 59.5237
16.3861058195587 59.2731
16.40863499352978 58.1248
16.431182380342005 57.1318
16.453730407713202 56.6107
16.476261501364792 56.2143
16.498810812136167 55.8599
16.52134319004079 55.7925
16.54389378792203 55.6694
16.566445031001553 55.4429
16.588979342490088 55.4831
16.61153187824822 55.28
16.634067483263312 55.2762
16.656621315414416 55.0167
16.679175797408888 54.7264
16.701713349928728 54.7722
16.72426913389191 55.2101
16.74680798922351 55.1414
16.76936507887444 55.3963
16.791905240734874 55.4365
16.814463639794468 55.0772
16.837022695210294 55.1765
16.859564824093756 55.5974
16.882125194503903 56.1937
16.904668639217885 57.0087
16.927230328348003 57.217
16.949792678493612 57.2686
16.972338104193863 56.6963
16.994901778652235 55.9787
17.017448529496576 55.9685
17.040013531998152 56.0796
17.06257920018044 56.4923
17.0851279459922 57.2473
17.107694947817667 58.1767
17.130245028099072 58.7485
17.15281336730298 60.1704
17.17536478578733 61.8149
17.19793446610687 63.9728
17.220504818648422 66.933
17.243058251703697 70.2194
17.265629950971032 74.5921
17.288184731571736 79.0149
17.310757781306908 82.8495
17.33333150794385 83.7597
17.355888317140174 83.163
17.37846339986244 78.7215
17.401021565958885 73.2098
17.42359800851343 67.6172
17.44617513265564 63.2155
17.468735341390783 60.6699
17.491261035594565 59.5852
17.51396340099364 59.2223
17.536490463869136 59.494
17.559018209820174 59.4375
17.58154663977963 59.4876
17.604251766089718 59.5624
17.626781572227713 59.7257
17.64931206518155 60.1242
17.671843245885103 60.7384
17.69455114821572 61.0006
17.717083712612634 61.1697
17.739616967569667 61.3856
17.762150914021706 61.5961
17.78486160749854 61.566
17.807396945166804 62.1726
17.829932977143503 62.8798
17.85246970436452 64.3793
17.875183204129467 66.3036
17.897721330097664 68.2501
17.920260154126645 70.956
17.942799677153296 74.0536
17.9655159983646 77.4882
17.988056927677544 82.7353
18.010598558807683 90.3134
18.033140892692916 99.9348
18.05586005052525 110.397
18.07840379824407 121.287
18.10094825154059 132.224
18.12366954819864 138.851
18.146215420998306 139.54399999999998
18.16876200220057 131.936
18.191309292745153 118.72
18.214033452627167 105.333
18.236582170236648 94.0962
18.259131600016456 87.7835
18.281681742907335 87.2217
18.304408781233683 90.8694
18.32696035875955 95.6453
18.349512652227624 100.07
18.372065662579683 104.412
18.394795594587553 105.664
18.41735004715306 103.64
18.43990521943684 97.7298
18.46246111238171 88.6645
18.485193953325208 79.0903
18.507751296070428 71.3728
18.530309362314178 66.8968
18.552868153000343 64.0705
18.57560391815056 62.5179
18.59816416623245 62.0562
18.620725141597372 61.7294
18.643286845190268 61.1239
18.666025549835414 60.7543
18.688588718427933 60.121
18.711152618092243 59.8591
18.73389353884365 59.7672
18.75645890921984 59.2045
18.77902501351406 58.8944
18.801591852673102 59.0066
18.824335739722738 58.4446
18.846904057212626 58.2613
18.8694731124168 58.0881
18.89204290628315 57.9172
18.914789774966803 57.7004
18.937361054791623 57.6304
18.959933076131318 57.3349
18.982505839934877 57.3838
19.00525570560582 57.3176
19.027829963004184 57.3417
19.05040496572238 57.1883
19.072980714710468 57.1247
19.095733592739563 57.3777
19.11831084296757 57.6016
19.140888842324735 58.0081
19.16346759176222 58.3156
19.18622349753803 58.9518
19.208803755869358 59.9644
19.231384767143577 60.9234
19.253966532312948 62.2491
19.276725481241822 64.5324
19.29930876296784 66.8585
19.3218928014549 70.0342
19.34465404436217 72.9422
19.36723960516257 75.1024
19.389825925592426 76.446
19.412413006605938 75.7542
19.43517731967805 72.8979
19.457765930683355 68.7957
19.48035530514408 64.1873
19.50294544401556 60.2771
19.525712842708348 57.3347
19.54830451925909 55.6436
19.570896963095727 54.423
19.593490175174704 54.2547
19.616260674962184 54.2754
19.638855432416964 53.6869
19.661450960992624 53.778
19.68404726164677 53.7771
19.706820878021247 53.6592
19.729418731756834 53.7697
19.752017360452857 53.6339
19.77461676506804 53.6719
19.797393513540218 53.7327
19.819994478951667 54.0416
19.84259622316767 54.7785
19.8651987471481 55.1777
19.887978643247177 55.2129
19.91058273574792 55.5794
19.933187610901943 56.4322
19.955969879466828 57.5354
19.97857632894404 59.0084
20.00118356396599 60.3319
20.023791585494575 62.4072
20.046577028914875 65.0161
20.069186632506966 67.3945
20.091797025500632 68.9004
20.114408208858933 69.6477
20.137196842715273 69.6624
20.159809615886765 68.5045
20.18242318232135 65.9367
20.20503754298326 64.0485
20.227829382875154 62.9195
20.250445341109344 62.7738
20.27306209647285 63.2742
20.29567964993108 64.12100000000001
20.31847471147704 65.2719
20.34109387027612 65.8667
20.363713830075454 65.915
20.386334591841646 64.5438
20.409132890679302 62.3864
20.431755265564437 59.1127
20.454378445325528 56.1863
20.477002430930366 54.2257
20.499803982716553 52.8718
20.522429589228004 51.8476
20.54505600449589 51.4698
20.567683229489194 51.3169
20.590488049900088 50.9774
20.61311690359731 50.5241
20.63574656993626 50.2678
20.658553853717297 49.9063
20.681185154618298 49.7836
20.703817271080066 49.836999999999996
20.72645020407368 49.4124
20.749260783967177 49.1681
20.771895359337133 49.1829
20.794530754161617 49.0366
20.817166969412938 48.8733
20.83998086114876 48.8655
20.86261872660049 48.9604
20.885257415405402 49.0166
20.90789692853701 48.9241
20.930714147864748 48.8493
20.953355319030678 48.8864
20.97599731745334 49.0569
20.99864014410749 48.8726
21.021460706796564 48.7388
21.044105199328826 48.9499
21.06675052302631 49.3557
21.089396678865015 49.3676
21.112220600704806 49.6624
21.134868430275347 50.1291
21.15751709492456 50.4507
21.180166595629693 50.6956
21.202993892429635 51.1009
21.22564507473034 51.3011
21.24829709602816 51.6301
21.27112693608965 51.7111
21.293780644891275 51.5181
21.316435195634053 50.9902
21.339090589297417 50.3454
21.361923832041875 50.0773
21.384580921090404 49.1618
21.407238856007325 48.7108
21.429897637773326 48.7061
21.45273429906592 48.74100000000001
21.475394784108598 48.6336
21.498056118951983 48.5224
21.520718304578022 48.6919
21.543558400304388 48.8064
21.566222297108816 48.952
21.58888704765135 48.9708
21.61155265291521 49.4267
21.63439619898156 49.8423
21.657063523335786 50.2211
21.67973170537063 50.5817
21.7024007460706 51.1572
21.72524775840385 51.7714
21.747918526116475 52.7996
21.770590155457388 54.0254
21.79326264741238 55.6245
21.816113141960237 57.2602
21.838787368860547 59.1454
21.861462461341976 60.8434
21.884315579735777 62.629
21.90699241312273 64.108
21.92967011506078 64.4945
21.95234868653799 64.4226
21.9752053151131 63.5463
21.997885635446785 61.9529
22.020566828293532 60.0748
22.04324889464272 58.3718
22.066109049404666 56.9763
22.088792872571794 56.4733
22.111477572219204 56.3961
22.1341631493376 56.2603
22.157026846313123 56.138999999999996
22.179714188221507 55.4592
22.202402410582668 54.4797
22.22509151438863 53.14
22.24795876962584 51.8792
22.270649646204486 50.9909
22.293341407213727 50.1936
22.316034053646906 49.8063
22.338904883215342 49.4802
22.36159931041458 49.4319
22.38429462602756 49.2586
22.40699083104897 49.3163
22.429865251039757 49.2683
22.452563244831367 49.2085
22.47526213102522 49.1405
22.49813925616515 49.1043
22.520839937143307 48.7689
22.543541513520587 48.871
22.56624398629403 48.7341
22.589124730075895 48.6202
22.611829005656723 48.9954
22.63453418063466 48.9402
22.657240256008077 49.1311
22.680124634582935 49.3657
22.70283252079775 49.5418
22.725541310413075 49.8812
22.74825100442868 49.9221
22.771139033969575 50.4001
22.79385054687155 50.5778
22.81656296718292 51.3199
22.83927629590484 52.0673
22.862167992606945 52.9349
22.88488314827121 54.2945
22.907599215359284 55.3017
22.93031619487366 56.3417
22.953211574954405 57.076
22.975930389478226 57.907
22.998650119445763 58.2663
23.02137076586092 57.7826
23.044269845560063 56.5789
23.06699233506288 55.101000000000006
23.089715744034912 53.2554
23.112617610931565 51.673
23.135342869061212 50.4499
23.158069049684816 49.6436
23.1807961538087 49.141999999999996
23.20370174880544 49.1309
23.226430710184808 49.06399999999999
23.249160598093425 48.9248
23.271891413539002 48.9674
23.294800752937697 49.0582
23.31753343374794 49.1927
23.340267045128353 49.3819
23.36300158808808 49.6726
23.38591468821339 49.88399999999999
23.408651104658304 50.4811
23.431388455719986 51.0223
23.454126742409 51.8098
23.4770436196085 52.9337
23.499783787914662 54.2365
23.522524894889884 55.1009
23.54526694154616 56.1023
23.56818761219047 57.0475
23.59093154860734 57.5574
23.613676427751283 57.9842
23.636422250635754 57.4162
23.659346731118656 55.9073
23.68209445191868 54.2509
23.704843119509587 52.1809
23.72759273490623 50.1312
23.750521041644767 48.7378
23.77327256312355 47.7082
23.796025035462787 46.9991
23.818956224555475 46.3804
23.841710609113413 46.2272
23.86446594758979 45.9581
23.887222241002014 45.876000000000005
23.910157285144578 45.5665
23.932915498962537 45.4867
23.955674670778713 45.2784
23.978434801611975 45.1642
24.001373717286125 44.9796
24.024135776723917 44.9774
24.046898798245582 44.7985
24.06966278287146 44.7453
24.092605586582614 44.5116
24.115371508023642 44.3733
24.1381383956401 44.3098
24.16090625045381 44.2298
24.183852958731244 44.0403
24.206622758582608 44.0496
24.229393528706886 43.7491
24.252165270127392 43.9011
24.27511589952438 43.8475
24.297889594216997 43.7331
24.32066426328598 43.5442
24.34343990775613 43.5175
24.36639447485003 43.4576
24.38917208083877 43.3322
24.41195066531332 43.3073
24.43490819850244 43.3031
24.457688750692377 43.0943
24.48047028445616 43.1517
24.503252800821233 43.2404
24.526214300784112 43.2856
24.548998793132213 43.2878
24.57178427117417 43.0628
24.59457073593893 43.0755
24.617536219319863 43.1784
24.64032466834748 43.2279
24.663114107195035 43.2144
24.685904536893013 42.8623
24.708874020360852 42.8826
24.731666442613744 42.7322
24.754459858818787 42.494
24.777254270007962 42.4966
24.80022777025625 42.493
24.82302418230472 42.4965
24.845821592443674 42.3986
24.86862000170663 42.4248
24.891597535453727 42.1817
24.914397953892728 42.5273
24.93719937456671 42.3356
24.96000179851076 42.6081
24.98298338249997 42.7702
25.00578782394922 42.945
25.028593271784167 42.9573
25.05157790644186 43.3632
25.07438537804115 43.4414
25.097193859145293 43.7317
25.120003350792075 43.9848
25.142992065061257 44.3134
25.165803588823465 44.5383
25.18861612625217 44.7043
25.211429678386736 44.8811
25.234422489079968 44.9786
25.257238081693636 45.0013
25.280054692141732 45.0346
25.3028723214652 45.1453
25.325869245420463 45.1487
25.348688923599397 44.989
25.371509623787006 45.073
25.394331347025812 44.7775
25.41733240110666 44.3343
25.440156181590016 43.8057
25.46298098826268 43.2881
25.48580682216873 42.6381
25.50881202326435 42.1903
25.53163992281684 41.8285
25.55446885274561 41.5423
25.577298814096377 41.2592
25.600308179121807 41.0751
25.623140214533745 41.1757
25.64597328451537 40.9226
25.66898578564376 40.735
25.691820936010206 40.7592
25.714657124097695 40.7595
25.737494350954734 40.8654
25.760511045684957 40.7132
25.783350361364224 40.718
25.806190718969255 40.8024
25.82903211955018 40.9548
25.852053024868923 40.9129
25.874896522722523 40.8635
25.897741066713106 40.896
25.920586657892454 40.9904
25.943611790812668 41.0527
25.966459487728237 41.1708
25.989308234998564 41.2238
26.01215803367705 41.4633
26.03518741123814 41.6476
26.05803932412957 41.7351
26.080892291600094 41.6825
26.10374631470478 41.6624
26.12677995397268 41.8568
26.14963609978026 41.9146
26.172493304397875 41.5261
26.19535156888223 41.3605
26.218389486949604 41.037
26.241249882640123 40.7775
26.26411134137826 40.6826
26.28715248187403 40.4631
26.31001607820869 40.2657
26.3328807407756 40.1177
26.35574647063438 40.3586
26.37879191991473 40.2299
26.401659795896734 40.2519
26.424528742360263 40.5035
26.447398760366614 40.6011
26.470448535598294 40.6938
26.49332070826805 40.9741
26.516193955675355 41.2897
26.53906827888316 41.5981
26.562122397260108 41.6919
26.584998883685063 41.8328
26.607876449110325 42.2131
26.63075509460056 42.2839
26.65381357334404 42.3627
26.67669439061878 42.3084
26.699576291163382 42.2648
26.722459276044212 42.1042
26.745522132402975 41.8462
26.768407297649354 41.5076
26.791293550442003 41.3191
26.814180891848974 41.1183
26.837248143099337 40.6634
26.860137673466657 40.6215
26.88302829566349 40.5166
26.90592001075963 40.304
26.92899167420566 40.1225
26.951885586870763 39.7927
26.974780595655517 39.5551
26.99785558178161 39.439
27.020752794605112 39.2722
27.043651106772522 39.1322
27.06655051935668 38.9427
27.089629948036183 38.9177
27.112531573292053 38.9137
27.135434302194138 38.934
27.158338135817015 38.6329
27.181422024430987 38.742
27.204328079372566 38.7106
27.22723524226965 38.8785
27.250143514198573 38.9521
27.273231880156334 38.7864
27.296142382065014 38.641999999999996
27.319053996245536 38.5775
27.341966723775965 38.7267
27.365059584515222 38.7443
27.38797455070062 38.7484
27.410890633481237 38.7302
27.433807833936918 38.6241
27.456905206923906 38.6931
27.47982465472398 38.6952
27.502745223449743 38.6861
27.525666914182825 38.7283
27.548768816912457 38.7986
27.571692763693633 38.7128
27.59461783573812 38.615
27.617723149491244 38.4
27.640650484125285 38.4186
27.66357894728264 38.4004
27.686508540048052 38.3232
27.709618414237887 38.1115
27.732550278321757 37.9584
27.755483275279115 37.9977
27.778417406196485 38.2007
27.801531858397514 38.1631
27.824468269376716 37.8802
27.847405817586786 37.9804
27.870344504116094 38.1152
27.893463551932008 38.2162
27.916404527281053 38.3528
27.93934664422563 38.5259
27.962289903855886 38.5857
27.98541356491974 38.9261
28.00835912214229 38.9026
28.03130582533231 39.1303
28.054253675581805 39.2197
28.077381967556104 39.0771
28.100332124185126 39.2335
28.123283431160893 39.1517
28.146235889577238 39.0373
28.169368830154156 38.9895
28.192323603752033 38.8074
28.215279532083304 38.4635
28.238415973016764 38.139
28.261374223145094 37.9561
28.284333631303806 37.8429
28.307294198589954 37.6621
28.330435319167677 37.3734
28.353398217078915 37.2247
28.376362277420153 36.9034
28.39932750129032 36.658
28.422473319286713 36.5224
28.44544088262495 36.5609
28.468409612800283 36.5176
28.491379510913497 36.2667
28.51453004413313 36.1985
28.53750229057244 36.035
28.56047570826344 36.0859
28.583450298308804 36.157
28.606605564586562 35.8392
28.629582511831156 35.9403
28.65256063474956 35.7315
28.675539934446338 35.8023
28.698699951647605 35.7683
28.72168161743193 35.6598
28.74466446331978 35.693000000000005
28.767648490417624 35.63
28.790813276438353 35.5847
28.813799678527303 35.6642
28.836787265157085 35.8609
28.859955641890075 35.6571
28.882945610203045 35.555
28.905936766392035 35.5512
28.928929111566863 35.6008
28.952102288520145 35.4714
28.975097024308607 35.3356
28.998092952423807 35.1407
29.021090073977508 35.1443
29.04426806913204 35.0894
29.067267590245258 34.7702
29.090268308143695 34.6939
29.11327022394099 34.7779
29.13645305530891 34.6698
29.159457379627167 34.6031
29.18246290519685 34.5745
29.20546963313352 34.5088
29.22865731875826 34.4072
29.25166646419296 34.4622
29.27467681535305 34.2606
29.29768837335608 34.3984
29.320880931312562 34.4953
29.34389491580634 34.4998
29.366910110507334 34.4222
29.38992651653503 34.4031
29.41312396492981 34.3746
29.436142806456754 34.3172
29.45916286268059 34.1608
29.48236399319994 34.1432
29.50538649169417 33.9993
29.528410208259935 33.9964
29.55143514402014 33.7339
29.574641196749695 33.5587
29.597668583816574 33.5617
29.6206971934585 33.4042
29.64372702680042 33.3442
29.666938019934474 33.28
29.689970313635285 33.1631
29.713003834422636 33.1144
29.73603858342347 33.1729
29.759254535188578 33.0116
29.78229175361658 33.0334
29.80533020365064 33.1446
29.82836988641968 33.0642
29.85159081507472 32.9257
29.874632976355343 32.9001
29.89767637376955 32.9513
29.920721008448314 32.762
29.9439469322847 32.7393
29.96699405457564 32.5709
29.9900424175358 32.6633
30.013092022298157 32.6583
30.03632295963995 32.664
30.059375061131373 32.6558
30.08242840783577 32.6836
30.105483000888153 32.7077
30.128718970092244 32.4934
30.151776069006917 32.5234
30.17483441768648 32.5286
30.198074175317235 32.6285
30.221135036724256 32.6391
30.24419715131772 32.4406
30.267260520236203 32.4468
30.290505341942243 32.4833
30.313571232750228 32.4629
30.336638381310948 32.4558
30.35970678876503 32.2987
30.38295669299435 32.2337
30.40602763151657 32.3567
30.429099832366074 32.4398
30.452173296685572 32.2617
30.47542830191959 32.2275
30.498504306502497 32.2127
30.521581577995562 32.3492
30.544660117543582 32.3112
30.56792024229725 32.3672
30.59100133132069 32.2042
30.614083691845494 32.3221
30.637167325018545 32.3431
30.660432587840603 32.3531
30.683518779717886 32.3336
30.70660624769615 32.4241
30.729694992924372 32.3564
30.75296541239743 32.4301
30.77605672557558 32.3059
30.799149319462742 32.3222
30.8224236211637 32.1015
30.845518789950724 32.1052
30.868615242910597 32.0259
30.891712981195973 31.8145
30.91499247215866 31.7854
30.938092794619365 31.7816
30.96119440587579 31.6433
30.984297307082752 31.5143
31.00758200598383 31.5712
31.030687500658694 31.5035
31.053794288760695 31.3562
31.076902371446767 31.342
31.100192296997445 31.3202
31.12330298246119 31.178
31.14641496599209 31.1159
31.169528248749216 31.2073
31.19282341969534 31.0614
31.215939314557186 31.0959
31.239056512134788 31.0818
31.262175013589378 31.0355
31.28547544871168 31.0753
31.30859657161541 31.0521
31.331719001892175 31.0617
31.35484274070538 31.118000000000002
31.378148458819545 31.1346
31.401274828443725 31.0729
31.424402510106933 30.9334
31.447712205419993 31.0392
31.470842524931633 31.009
31.493974159989783 30.9564
31.51710711176168 30.965999999999998
31.54042212308802 31.0225
31.563557722100917 31.0665
31.586694641341655 30.8834
31.609832881979628 30.6645
31.63315322823208 30.592
31.656294125521327 30.5701
31.679436347728515 30.5693
31.70257989602529 30.4073
31.725905596152327 30.336
31.74905181052835 30.2641
31.772199354521323 30.3753
31.79534822930507 30.3224
31.818679302290967 30.3533
31.84183085259981 30.3161
31.864983737233473 30.1685
31.88813795736804 30.2896
31.911474422233013 30.2519
31.934631327356435 30.3103
31.9577895715215 30.2721
31.980949155906522 30.1733
32.004291031706956 30.1918
32.027453310562606 30.024
32.05061693318573 29.9991
32.07396288236386 30.0228
32.09712920658542 29.9292
32.12029687812702 29.8577
32.14346589817093 29.7662
32.166817291729984 29.784000000000002
32.18998902288583 29.6599
32.21316210610336 29.5639
32.23633654256711 29.4648
32.259693399663725 29.3192
32.282870556771144 29.2687
32.30604907069099 29.2686
32.329228942610065 29.3626
32.35259128243769 29.2206
32.375773884550505 29.0475
32.398957848235646 29.0448
32.422143174682176 28.9745
32.445511016471215 28.905
32.468699082679954 28.875999999999998
32.49188851523011 28.7775
32.51507931531304 28.7465
32.538452678331 28.7549
32.56164622776311 28.8225
32.58484114831493 28.6818
32.60803744118015 28.5948
32.631416344731896 28.6066
32.654615396551876 28.5933
32.67781582427913 28.5806
32.701198898634416 28.4033
32.72440209253756 28.5189
32.747606665947124 28.4839
32.77081262006088 28.241999999999997
32.79420126883317 28.2923
32.81740999876112 28.2292
32.840620112999424 28.1295
32.86383161274818 28.209
32.88722585534586 28.2216
32.91044014056596 28.2624
32.933655814909734 28.2016
32.95687287957963 28.2058
32.98027273544904 28.064
33.00349259526636 28.0464
33.026713849030116 28.0473
33.04993649794511 28.0094
33.073341986570746 27.9482
33.09656744032826 27.805999999999997
33.11979429286444 27.8599
33.14302254538647 27.9354
33.166433686291185 27.839000000000002
33.18966475336992 27.8271
33.212897224069096 27.7212
33.23613109959831 27.8046
33.259547912343415 27.7954
33.2827846121627 27.624000000000002
33.306022720453775 27.6287
33.32926223842861 27.6132
33.352684742614166 27.6027
33.37592709463173 27.5694
33.399170859982064 27.4372
33.422597648419426 27.3778
33.44584425514446 27.2596
33.46909227885668 27.2612
33.4923417207723 27.1335
33.51577423505344 27.1574
33.539026528130385 27.0002
33.56228024307245 27.0213
33.585535381098246 26.8944
33.60897364093058 26.8652
33.63223163992385 26.9149
33.6554910656699 26.6984
33.678751919389796 26.8366
33.702195944520106 26.8034
33.72545966903325 26.7777
33.74872482519663 26.7164
33.771991414233746 26.6549
33.79544122444841 26.6331
33.81871069412428 26.6415
33.84198160035767 26.5481
33.86525394437455 26.5596
33.88870955949969 26.4386
33.911984794020626 26.4371
33.93526147001624 26.3826
33.958539588715006 26.3322
33.98200102861669 26.3052
34.0052820477047 26.2436
34.02856451319451 26.2872
34.05203033759056 26.1667
34.07531571090147 26.1352
34.09860253431845 26.0663
34.121890809074316 26.0912
34.145362493118924 26.0342
34.16865368561615 25.9919
34.191946333164054 25.9309
34.21524043699793 25.9402
34.23871800066799 25.9053
34.26201503218366 25.8297
34.28531352370466 25.7888
34.30861347646881 25.7244
34.33209693978188 25.616999999999997
34.3553998301885 25.7137
34.378704185565205 25.6985
34.402010007152356 25.5864
34.42549939016683 25.5489
34.44880815937748 25.4091
34.472118398533134 25.4373
34.49543010887669 25.404
34.51892543169198 25.3463
34.54224009966052 25.221999999999998
34.56555624255917 25.2292
34.58887386163339 25.2785
34.61237514439016 25.1226
34.6356957311114 25.0955
34.65901779775809 25.0707
34.68252356662995 25.0966
34.705848608458616 25.07
34.72917513396849 24.9059
34.75250314440949 24.8887
34.77601490857862 24.8529
34.799345904259795 24.7945
34.82267838863559 24.8812
34.846012362958525 24.8349
34.869530142679984 24.7951
34.89286711232212 24.7618
34.91620557568269 24.6573
34.93954553401677 24.6191
34.9630693495876 24.6769
34.986412313340814 24.6689
35.00975677584668 24.6314
35.033102738362956 24.5827
35.05663261012228 24.4871
35.0799815881786 24.5125
35.10333207003229 24.4468
35.12668405694369 24.4775
35.150220005273056 24.443
35.17357501786656 24.3604
35.19693153931268 24.2538
35.220289570874385 24.2702
35.24383161619786 24.2757
35.267192683604904 24.3589
35.290555264930376 24.274
35.314101899412165 24.2237
35.33746752422433 24.129
35.36083466676374 24.2221
35.38420332829803 24.1355
35.407756095629054 24.1557
35.43112781085063 24.1497
35.45450104888391 24.0931
35.477875810999194 24.1028
35.50143473172161 23.9757
35.52481255774625 24.0354
35.54819191167777 23.9795
35.57157279478914 23.9426
35.595137889488406 23.898000000000003
35.61852184675279 23.7749
35.641907337029984 23.7888
35.665294361595684 23.7986
35.68886565090076 23.6697
35.7122557598848 23.6384
35.73564740699838 23.6302
35.759040593519934 23.6315
35.78261809810353 23.5829
35.80601437933051 23.5035
35.829412203814705 23.4403
35.85281157283719 23.3156
35.876395313415884 23.4184
35.8997977874528 23.3542
35.92320180988546 23.3778
35.946790244133936 23.2486
35.97019737933222 23.2843
35.993606066789866 23.22
36.01701630779276 23.1124
36.04061101440684 23.1463
36.06402437852291 23.1187
36.08743930005611 23.179000000000002
36.1108557802951 23.0159
36.13445678011326 22.9354
36.15787639383515 22.9339
36.18129757014299 22.9726
36.20472031032821 22.8753
36.22832762423364 22.8022
36.25175350829375 22.7984
36.275180960119776 22.7978
36.298609981005924 22.816
36.32222362992669 22.7822
36.34565580510207 22.6648
36.36908955323448 22.6821
36.39252487562093 22.5985
36.416144880530226 22.5849
36.43958336764275 22.5618
36.463023432914625 22.5445
36.486465077645676 22.4869
36.51009145956204 22.5514
36.53353627947859 22.5531
36.55698268276811 22.4926
36.58043067073321 22.3956
36.60406345072071 22.3042
36.62751462435344 22.2352
36.65096738658405 22.3032
36.67460498210655 22.2267
36.69806093788647 22.1862
36.72151848619297 22.1492
36.744977628333636 22.1945
36.76862165890998 22.0674
36.79208400512205 22.0612
36.81554794910557 22.0397
36.83901349217101 21.9651
36.862663978991606 21.8776
36.88613273667352 21.8965
36.90960309738324 21.947
36.933075062434064 21.7976
36.95673202673572 21.7831
36.98020721697122 21.7973
37.003684015502365 21.7676
37.027162423645365 21.7217
37.050825886711465 21.6434
37.07430753063053 21.6934
37.09779078812467 21.6886
37.121275660513014 21.5874
37.144945643673694 21.5109
37.16843376245278 21.5726
37.19192350009803 21.5362
37.215414857931435 21.4786
37.239091382563885 21.3862
37.262585997426164 21.3495
37.28608223645736 21.3729
37.309763684451696 21.3027
37.33326318851098 21.3048
37.356764320726555 21.2776
37.380267082425526 21.2465
37.40395510942588 21.2322
37.42746114683234 21.128
37.45096881771841 21.1017
37.474478123414166 21.0402
37.49817275092816 21.0291
37.52168534303452 21.0657
37.54519957395567 20.9623
37.568715445024665 20.9846
37.592416694607714 20.8825
37.61593586281424 20.9492
37.63945667518264 20.9956
37.66297913304891 20.8142
37.68668702630454 20.8161
37.710212792059274 20.7507
37.733740207334854 20.7378
37.757269273470364 20.616999999999997
37.780983832050374 20.618000000000002
37.80451621684926 20.6704
37.82805025654007 20.6681
37.851585952464795 20.5653
37.8753071980695 20.5306
37.89884622345676 20.4581
37.92238690911902 20.4712
37.94611318753442 20.3939
37.969657210779765 20.3845
37.99320289834801 20.4468
38.016750251586465 20.258
38.04048325513017 20.25
38.06403395679343 20.1921
38.087586328183946 20.2328
38.11114037065203 20.1769
38.13488012115898 20.2008
38.1584375229181 20.1304
38.181996599821 20.1016
38.205557353221124 20.0858
38.229303872575656 20.0555
38.2528679961576 20.0704
38.27643380031219 19.9157
38.30000128639589 19.9626
38.32375459653193 19.9118
38.34732546371299 19.9452
38.37089801690786 19.8871
38.39447225747609 19.8104
38.418232380377425 19.8188
38.441810012983396 19.8035
38.46538933705673 19.6953
38.488970353960084 19.723
38.51273731166058 19.6449
38.536321731567014 19.6397
38.55990784840681 19.557000000000002
38.58367995004091 19.4819
38.60726947812959 19.4928
38.63086070726198 19.5058
38.654453638806274 19.5258
38.678232613930824 19.4261
38.70182896773327 19.3685
38.72542702806741 19.3888
38.7490267963045 19.3382
38.77281266709232 19.2979
38.79641586862214 19.2865
38.8200207821842 19.2862
38.843627409152944 19.2359
38.86742019782782 19.1517
38.891030269149255 19.1231
38.914642058016156 19.1757
38.938255565806124 19.0817
38.96205529464307 19.0962
38.98567225787121 19.0523
39.00929094417078 19.0499
39.03291135492255 19.0788
39.05671804624804 18.9702
39.080341923549106 18.9426
39.103967529460334 18.8828
39.127594865365744 18.8315
39.15140854155791 18.8132
39.17503935514948 18.8184
39.19867190290282 18.7833
39.22249083587951 18.753
39.24612686969409 18.7357
39.269764641845306 18.6747
39.293404153722804 18.6342
39.317230110864074 18.5938
39.34087311998506 18.5897
39.36451787301696 18.5772
39.388164371352595 18.5331
39.41199737518003 18.5485
39.43564738196752 18.4215
39.45929913825317 18.4571
39.48295264543308 18.4278
39.506792718520884 18.3761
39.530449745387216 18.316
39.55410852735203 18.2824
39.57776906581474 18.323
39.60161623079 18.3284
39.625280300200025 18.2353
39.64894613032202 18.2128
39.67261372255866 18.1565
39.6964680021016 18.1731
39.72013913657293 18.2161
39.74381203738292 18.1126
39.76748670593756 18.1327
39.79134812278169 18.1018
39.81502634488497 17.989
39.83870633896685 18.0051
39.862388106436654 17.9449
39.88625668336918 17.9283
39.90994201572829 17.9269
39.933629125719285 17.9145
39.957503091207826 17.8581
39.9811937746168 17.8246
40.00488623990914 17.7971
40.02858048850006 17.7562
40.05246165409549 17.7163
40.076159487492085 17.7158
40.099859108448875 17.6924
40.123560518384345 17.6213
40.1474489070226 17.6731
40.171153913178564 17.5822
40.194860712584955 17.5696
40.2185693066637 17.5587
40.242464941335314 17.4852
40.26617714307655 17.4938
40.289891143772046 17.4942
40.3136069448471 17.4564
40.33750984859743 17.4119
40.3612292688043 17.3437
40.3849504936829 17.3061
40.40867352466194 17.2778
40.43258372059144 17.2475
40.45631038219906 17.3113
40.48003885420956 17.1979
40.503769138055105 17.1618
40.52768664931955 17.1795
40.55142057531802 17.1759
40.57515631746428 17.0916
40.599079334038514 17.0466
40.62281872700477 17.015
40.64655994043941 17.0656
40.67030297578061 17.044
40.69423334835778 17.0056
40.71798004609188 17.032
40.74172857006355 16.9242
40.76547892171441 16.9334
40.7894166736039 16.9096
40.813170699248566 16.8888
40.83692655691388 16.7904
40.86068424804498 16.8573
40.884629402612525 16.7859
40.908390779366385 16.748
40.932153993938 16.7342
40.95591904777605 16.7202
40.979871628443995 16.7451
41.003640379561936 16.7383
41.02741097430883 16.6575
41.05118341413683 16.608
41.075143444384416 16.6126
41.098919593177826 16.5677
41.1226975914255 16.5219
41.14647744058318 16.4458
41.170444943946755 16.4251
41.19422851378379 16.471
41.218013938914645 16.3919
41.24198706625173 16.3236
41.26577622087193 16.3139
41.289567235177785 16.2981
41.31336011063129 16.2971
41.337340752422875 16.3003
41.361137369129835 16.2925
41.38493585138705 16.2268
41.40873620066004 16.2104
41.43272438060107 16.1671
41.45652848292052 16.1324
41.48033445666918 16.0653
41.50414230331616 16.0238
41.528138045159764 16.0086
41.551949656675205 15.9642
41.575763145513235 15.962
41.59957851314666 15.9823
41.62358184070442 15.9095
41.64740098505737 15.9038
41.6712220126409 15.8966
41.69504492493139 15.8207
41.71905586207357 15.8448
41.74288256296395 15.7961
41.766711153007456 15.7713
41.79054163368412 15.747
41.814560204340054 15.7272
41.838394485526365 15.6869
41.86223066180303 15.6953
41.88625497706819 15.6465
41.910094962812 15.6228
41.93393684811168 15.5859
41.95778063445365 15.5648
41.981812625263366 15.5653
42.00566023303407 15.5218
42.029509746323676 15.5198
42.05336116662236 15.44
42.077400857069705 15.4808
42.10125611078846 15.3773
42.12511327600405 15.3883
42.14897235421036 15.3501
42.173019768448455 15.4081
42.19688269209613 15.307
42.22074753323349 15.2526
42.24461429335818 15.2583
42.268669455600495 15.2575
42.292540073217886 15.2187
42.31641261433284 15.2018
42.34028708044675 15.152000000000001
42.36435001496739 15.0838
42.38822835065557 15.0984
42.41210861586426 15.1191
42.4359908120986 15.0696
42.46006154323262 15.0272
42.48394762115317 14.9687
42.507835634632315 14.9644
42.531912233047436 14.9902
42.55580413732265 14.9288
42.579697981698 14.9012
42.60359376768525 14.8788
42.62767820545945 14.8646
42.65157789440821 14.8716
42.67547952952185 14.8166
42.699383112316 14.8239
42.72347541395347 14.7605
42.74738291190531 14.6647
42.771292362102166 14.713
42.795203766063516 14.7076
42.819303956130405 14.7027
42.843219287476536 14.5991
42.86713657716324 14.6088
42.89105582671383 14.5965
42.91516392983864 14.6209
42.939087119032166 14.5491
42.963012272677304 14.5294
42.98693939230129 14.4849
43.01105543317513 14.4853
43.034986504731386 14.3882
43.05891954686589 14.3865
43.08285456110972 14.4025
43.10697856448665 14.3381
43.130917542983475 14.3124
43.15485849820081 14.2643
43.17880143167367 14.2598
43.20293342237094 14.2762
43.226880332449 14.2271
43.25082922540554 14.2421
43.27496722682525 14.2325
43.29892010567796 14.1676
43.32287497204102 14.1329
43.34683182745632 14.1425
43.370977859791836 14.0645
43.39493871351105 14.0852
43.41890156092628 14.0449
43.44286640358341 13.9954
43.46702049182749 14.0065
43.49098934522816 14.0171
43.51496019852649 13.9917
43.5389330532723 13.922
43.56309522248204 13.8758
43.58707210044314 13.8498
43.61105098451946 13.8087
43.63503187626491 13.8197
43.659202151562134 13.776
43.68318707902681 13.7923
43.70717401884041 13.7764
43.731162972560874 13.7073
43.75534137913236 13.6871
43.779334381108384 13.6601
43.803329401683186 13.6488
43.82732644241872 13.6261
43.8515130055166 13.5925
43.87551410707659 13.5793
43.89951723350145 13.6105
43.923709934595614 13.5424
43.94771713129917 13.5248
43.97172635758096 13.4992
43.99573761501002 13.4685
44.0199385169922 13.4611
44.04395385732619 13.3493
44.067971233533086 13.3642
44.09199064718605 13.3593
44.11619977548961 13.3547
44.14022328470671 13.3213
44.16424883610785 13.3505
44.18827643127035 13.2927
44.21249381139513 13.267999999999999
44.236525514814076 13.288
44.26055926674478 13.2559
44.28459506876863 13.2288
44.3088207262813 13.1436
44.33286064928722 13.1378
44.35690262714919 13.1404
44.38094666145278 13.0442
44.4051806219871 13.0694
44.42922879003185 13.0889
44.45327901929361 13.0639
44.477331311362136 13.0433
44.501573600619416 12.9784
44.525630039221795 12.9367
44.54968854541895 12.9255
44.573937102200176 12.8951
44.5979997645541 12.9119
44.622064499300315 12.8375
44.64613130803592 12.8507
44.67038823869318 12.8536
44.69445921643748 12.800999999999998
44.718532272981385 12.7267
44.742607409926194 12.7498
44.76687274034801 12.6942
44.79095205918753 12.6566
44.81503346325094 12.6293
44.839116954143876 12.6439
44.86339071028742 12.6367
44.88747839599524 12.5895
44.91156817336837 12.569
44.93566004401666 12.6346
44.959942251908146 12.6048
44.984038330325966 12.5454
45.00813650686762 12.5499
45.03223678314731 12.4969
45.05652746888232 12.4742
45.08063196592069 12.4284
45.104738567558705 12.4295
45.128847275414856 12.3865
45.15314646515866 12.3949
45.17725940679741 12.3808
45.20137445952892 12.3726
45.22568004865265 12.3538
45.24979934496396 12.2683
45.27392075725247 12.2752
45.29804428714431 12.2898
45.322358426247604 12.2348
45.346486212804315 12.2318
45.370616121861914 12.1589
45.39474815505086 12.1887
45.41907087049246 12.1185
45.4432071734666 12.1351
45.46734560548283 12.1398
45.49148616817604 12.1003
45.51581748638564 12.08
45.5399623320197 12.0238
45.56410931325473 11.9789
45.58825843173002 12.0231
45.61259837920865 11.9774
45.636751793816 12.0047
45.66090735060093 11.9479
45.68506505120716 11.8786
45.7094136545275 11.895
45.73357566449271 11.8848
45.75773982322992 11.8063
45.78190613238733 11.8075
45.806263418194064 11.7785
45.83043404997326 11.7909
45.85460683713677 11.7805
45.87897065658495 11.7406
45.90314777634752 11.702
45.92732705646868 11.6902
45.9515084986045 11.6752
45.97588104735473 11.6436
46.00006683541565 11.652999999999999
46.02425479047904 11.6226
46.04844491420549 11.6099
46.0728262191024 11.5868
46.09702070211635 11.5735
46.12121735879483 11.5692
46.14541619080294 11.5339
46.169806278764455 11.4988
46.194009483459034 11.4649
46.21821486849841 11.4449
46.24242243555223 11.4539
46.266821333570014 11.4096
46.29103328674601 11.3816
46.31524742696538 11.3372
46.33946375590237 11.3659
46.36387149104216 11.3371
46.38809221957392 11.2671
46.41231514186606 11.2587
46.436540259597464 11.3222
46.460956858999374 11.2356
46.48518638983522 11.2199
46.509418121166966 11.1538
46.533652054678114 11.1718
46.55807754555709 11.1917
46.58231590571962 11.1688
46.60655647313217 11.113
46.630988654873654 11.0995
46.655233659129024 11.0892
46.67948087571551 11.1085
46.70373030632484 11.0735
46.72817142736393 11.0655
46.752425308428684 11.0315
46.77668140861147 10.9772
46.80093972960865 10.927
46.82538981736788 10.9226
46.849652602470904 10.9104
46.87391761349769 10.8989
46.8981848521493 10.9001
46.9226439341274 10.8787
46.946915650573224 10.7999
46.97118959976749 10.83
46.99546578341598 10.8127
47.019933887188216 10.8015
47.04421456235744 10.7859
47.06849747711879 10.7647
47.09278263318286 10.7615
47.11725978640143 10.7204
47.14154944775105 10.7026
47.165841355555656 10.6477
47.1901355115306 10.6334
47.214621741924994 10.6604
47.23892041698887 10.6182
47.26322134538975 10.5561
47.28771440635075 10.5517
47.31201986422527 10.535
47.33632758061436 10.5278
47.360637557241866 10.4774
47.38513974410611 10.5356
47.40945426407847 10.4779
47.43377104948137 10.49
47.45809010204344 10.4783
47.48260144275502 10.3806
47.506925052572285 10.3818
47.53125093475548 10.3287
47.55557909103813 10.3063
47.58009961361992 10.3062
47.60443234110732 10.3081
47.62876734791564 10.2999
47.65310463578333 10.2752
47.6776343683373 10.2992
47.7019762413987 10.2177
47.72632040075572 10.2001
47.75066684815169 10.2215
47.77520581885936 10.1592
47.799556865477655 10.1357
47.823910205386 10.1527
47.84826584033272 10.1246
47.87281407745551 10.0986
47.89717432569297 10.0769
47.92153687423484 10.0976
47.94609208429692 10.0295
47.97045925671401 10.0379
47.99482873471275 9.99775
48.01920052005013 10.005
48.04376504619224 9.97007
48.068141469543484 9.99439
48.09252020552573 9.93256
48.11690125590099 9.88913
48.1414751266064 9.91416
48.16586082917454 9.88155
48.19024885144316 9.84983
48.2146391951793 9.84885
48.239222439012764 9.87262
48.26361744916137 9.81933
48.28801478610016 9.777569999999999
48.31241445160131 9.7833
48.337007097209366 9.750960000000001
48.36141144338331 9.74568
48.38581812345755 9.72449
48.41022713920929 9.689
48.434829215320704 9.69551
48.45924292604658 9.67569
48.48365897780325 9.6664
48.50807737237308 9.60297
48.532688907799276 9.60865
48.55711201168574 9.6149
48.581537463754074 9.57198
48.60615611725119 9.62835
48.63058628942721 9.60657
48.65501881516546 9.5388
48.6794536962573 9.52272
48.70408185970339 9.49949
48.72852147531801 9.49041
48.75296345168211 9.45865
48.77740779059232 9.42815
48.80204549302823 9.46647
48.82649458091802 9.427439999999999
48.85094603676547 9.42318
48.87539986237231 9.37294
48.90004713292306 9.35265
48.92450572200832 9.3691
48.94896668628025 9.32472
48.97343002754588 9.30761
48.99808689542115 9.271
49.02255501470614 9.26613
49.04702551642794 9.247489999999999
49.0714984023988 9.26257
49.096164896893235 9.23397
49.120642575466796 9.1959
49.145122643748394 9.18666
49.16960510355558 9.16203
49.19428125404938 9.16208
49.2187685210852 9.11946
49.243258185121555 9.13343
49.26794160167084 9.14113
49.2924360839405 9.07887
49.31693296869764 9.06601
49.34143225776915 9.03404
49.36612538195438 8.98277
49.39062950396021 8.97495
49.41513603578346 8.99699
49.4396449792564 8.981539999999999
49.46434784069503 8.96941
49.488861631846454 8.93865
49.513377840166804 8.957189999999999
49.537896467493745 8.90553
49.56260909589029 8.88809
49.587132585683285 8.89516
49.611658500018365 8.86998
49.636186840738596 8.821019999999999
49.66090926588511 8.78132
49.685442483902584 8.81865
49.70997813385706 8.77847
49.734516217597076 8.7222
49.75924846937352 8.74691
49.7837914452858 8.76528
49.80833686055187 8.70931
49.83288471702571 8.71146
49.85762682540054 8.6834
49.882179588965734 8.68929
49.9067347993235 8.62947
49.93129245833333 8.64035
49.95604445336378 8.62009
49.98060703442832 8.58933
50.005172069746266 8.55897
50.02993150438364 8.55378
50.05450147301533 8.56555
50.07907390151433 8.53598
50.10364879174981 8.51565
50.12841816587289 8.45693
50.1529980044635 8.49735
50.17758031042124 8.470289999999999
50.20216508562089 8.49907
50.22694442953363 8.42833
50.25153416817468 8.434989999999999
50.27612638170508 8.39902
50.300721072005196 8.39608
50.325510416102105 8.379769999999999
50.350110084975064 8.36651
50.37471223628208 8.34631
50.39931687190919 8.3287
50.424116246675766 8.33055
50.44872587605249 8.321
50.47333799543065 8.282210000000001
50.49795260670191 8.262080000000001
50.52276204271512 8.26635
50.54738166295838 8.20792
50.57200378079314 8.192789999999999
50.596628398116835 8.1775
50.62144792604559 8.17871
50.646077567609396 8.17915
50.670709714377715 8.16205
50.69553683636198 8.13375
50.72017401885922 8.138910000000001
50.7448137122895 8.10033
50.76945591856022 8.0997
50.79429318636823 8.07208
50.818940443716784 8.0833
50.84359021965163 8.02327
50.868242516085964 7.992839999999999
50.893089960641895 7.978910000000001
50.917747323549435 7.956689999999999
50.94240721271973 7.984319999999999
50.96706963007175 7.95673
50.99192728239342 7.9219
51.01659478166073 7.95286
51.04126481489051 7.94108
51.06593738400761 7.9258
51.090805275207074 7.90152
51.11548294172845 7.84047
51.14016314993547 7.84432
51.164845901758845 7.841939999999999
51.18972406304274 7.76801
51.21441192780656 7.773560000000001
51.23910234200271 7.7817
51.2637953075678 7.7785899999999994
51.288683770237945 7.75482
51.31338186432707 7.703639999999999
51.33808251561888 7.751519999999999
51.362978729967345 7.71195
51.387684521509755 7.63886
51.41239287610203 7.6471800000000005
51.437103795691165 7.62776
51.46201036644977 7.60204
51.486726441956634 7.59215
51.51144508832545 7.58402
51.536166307509156 7.58445
51.56108326624387 7.61105
51.58580965706056 7.59894
51.61053862657523 7.55497
51.635270176746864 7.5468
51.66019755512065 7.505330000000001
51.68493429268881 7.520410000000001
51.70967361681515 7.48693
51.73441552946465 7.4639
51.759353359237934 7.4451600000000004
51.7841004750961 7.426819999999999
51.80885018539685 7.40803
51.833602492111254 7.36597
51.8585508051424 7.38762
51.883308330926425 7.369460000000001
51.90806845906181 7.339989999999999
51.932831191525715 7.29663
51.95779001977161 7.32005
51.98255798721516 7.327719999999999
52.00732856494335 7.3029
52.03229530577543 7.27531
52.057071130455945 7.26695
52.081849571391054 7.2524
52.106630630568695 7.26554
52.13160794279417 7.233910000000001
52.15639426492067 7.23442
52.18118321127822 7.21201
52.205974783860896 7.179469999999999
52.23096269971011 7.16308
52.255759551287994 7.1429800000000006
52.280559035098186 7.14752
52.30536115314103 7.13894
52.33035970494467 7.11856
52.35516711807904 7.11092
52.37997717147198 7.09168
52.40478986713005 7.0711
52.42979908731974 7.0189
52.454617094216 7.032360000000001
52.47943774942214 7.03437
52.50426105495102 7.00241
52.529280976059844 6.99598
52.554109609024096 6.97071
52.57894089837482 6.950260000000001
52.60377484613117 6.956980000000001
52.62880550079408 6.959169999999999
52.65364479223379 6.9253800000000005
52.67848674816189 6.83683
52.70352547971946 6.896660000000001
52.72837279155837 6.89231
52.753222773982785 6.855169999999999
52.778075429022984 6.85968
52.80312495150885 6.86163
52.827982978797436 6.8514
52.85284368481815 6.79615
52.87770707160767 6.76658
52.90276741793998 6.735110000000001
52.92763619336701 6.771139999999999
52.952507655698504 6.74564
52.977381806977576 6.7224699999999995
53.00245301017842 6.72651
53.02733256653592 6.713830000000001
53.052214817996074 6.712089999999999
53.077099766608484 6.69946
53.102181859804446 6.705089999999999
53.127072229988265 6.64439
53.15196530349892 6.63572
53.17686108239249 6.647130000000001
53.20195409881522 6.630510000000001
53.22685531582556 6.598739999999999
53.25175924441303 6.5627699999999995
53.27666588664027 6.592789999999999
53.30176985962693 6.602710000000001
53.3266819565689 6.55785
53.35159677336455 6.51365
53.376514312083096 6.50404
53.40162927507703 6.51056
53.42655228516116 6.49455
53.45147802340193 6.47005
53.47660125628886 6.450880000000001
53.50153247842639 6.4071
53.52646643496923 6.39159
53.55140312799818 6.40826
53.576537409691696 6.3927
53.60147960336152 6.407109999999999
53.626424539786164 6.35334
53.65137222105307 6.287719999999999
53.67651758529126 6.33352
53.70147078399681 6.33826
53.72642673383343 6.318280000000001
53.75138543689533 6.32177
53.776541917524526 6.30368
53.801506154876755 6.25997
53.826473151763246 6.26903
53.851442910284916 6.21979
53.87661054126026 6.23292
53.9015858509782 6.23684
53.92656392866066 6.22579
53.95154477641532 6.2193
53.976723591801296 6.16881
54.00171000771266 6.16253
54.02669920004598 6.19129
54.051691170915745 6.1429599999999995
54.076881204886796 6.13782
54.101878760928514 6.12026
54.12687910187696 6.06425
54.152077577768296 6.0497
54.1770835166946 6.0342199999999995
54.20209224691339 6.06764
54.22710377055121 6.04173
54.25231352511594 5.99043
54.27733066384342 5.97867
54.30235060239643 5.948930000000001
54.32737334290836 5.94575
54.35259441062629 5.9671400000000006
54.377622783395324 5.9299599999999995
54.40265396455061 5.9356
54.42768795623251 5.9054400000000005
54.45292037169559 5.92096
54.477960012857906 5.9275400000000005
54.50300247099511 5.83419
54.52804774825457 5.81798
54.55329154616743 5.80765
54.57834249018678 5.83004
54.6033962597977 5.791519999999999
54.6284528571545 5.7842
54.653708072335164 5.72922
54.67877035378786 5.73148
54.70383546947698 5.72724
54.72890342156389 5.69704
54.7541700889442 5.69013
54.77924374251975 5.60305
54.8043202390049 5.56675
54.82959552413022 5.55104
54.8546777351945 5.54105
54.87976279569621 5.53944
54.90485070780914 5.58568
54.930137506558005 5.52112
54.95523115074295 5.513240000000001
54.98032765308844 5.4949
55.005427015775496 5.50759
55.03072536339621 5.45476
55.05583047570572 5.457380000000001
55.080938454927676 5.38965
55.10604930325027 5.38698
55.131359235107396 5.40329
55.15647585066083 5.32892
55.181595341907496 5.318309999999999
55.20671771104285 5.301880000000001
55.232039262617704 5.2963
55.25716741665048 5.23905
55.28229845518636 5.267930000000001
55.30743238042802 5.1688
55.33276558731939 5.18197
55.357905315183636 5.13428
55.383047936390035 5.1508199999999995
55.40819345314859 5.14445
55.433538351073295 5.08513
55.458689688238415 5.07602
55.483843927614096 5.06605
55.509197623043605 5.0568599999999995
55.53435769621134 4.989669999999999
55.55952067826466 4.93695
55.5846865714265 4.94393
55.61005202069737 4.94771
55.63522376553902 4.96163
55.66039842818645 4.91205
55.68557601087004 4.93246
55.7109532500271 4.85922
55.73613670233794 4.87552
