TT I
1.2716486653135266 8.373389999999999
1.2939594142134223 7.9804
1.3162702121660406 7.196289999999999
1.3385810600174564 7.32867
1.3608919586137629 7.237019999999999
1.383202908801069 6.65027
1.405513911425503 6.85653
1.4278249673332093 6.64012
1.4501343378461518 6.658180000000001
1.4724455028545926 6.9805600000000005
1.4947567236847858 7.18158
1.517068001182951 6.52451
1.5393793361953272 6.89407
1.5616907295681737 6.30049
1.5840021821477681 5.55336
1.60631369478041 6.17818
1.6286252683124185 5.97049
1.6509369035901333 5.79845
1.6732468618895553 5.6984699999999995
1.695558623192809 5.619730000000001
1.7178704487808514 5.70099
1.7401823395001077 5.03351
1.7625012545597203 5.58293
1.7848028405262486 5.1309
1.8071218901122095 5.1790199999999995
1.8294236121921872 5.21939
1.8517427996910911 4.447769999999999
1.8740620574440425 5.02935
1.8963639900671978 4.86026
1.9186833908139995 4.48416
1.9409854680117449 5.07824
1.9633050151394713 4.93159
1.9856246367570705 4.87681
2.0079269371922672 5.20377
2.03024671027244 4.28482
2.0525491637446027 4.76587
2.074869091674931 4.55251
2.097171701569106 4.32519
2.1194917877373847 4.871090000000001
2.141811954326636 4.88048
2.164114805233074 4.7480199999999995
2.186435135143035 4.66945
2.208738150935709 4.5775
2.231058647554722 4.64807
2.2533792288321184 4.3910599999999995
2.275682498336085 4.6691
2.298003251406138 4.72347
2.3203066942619714 3.80329
2.3426276225136022 4.15857
2.3649486396617507 4.8806199999999995
2.387252348930071 5.08059
2.4095735463442893 3.97853
2.4318774374315884 4.13735
2.4541988185014043 4.53936
2.476502894794693 4.72867
2.498824462909887 4.68505
2.521146125856138 5.24825
2.5434504863470337 4.9473199999999995
2.5657723414244717 5.04601
2.588076895590662 5.484
2.610398946189713 5.86536
2.6327210958598384 5.91554
2.6550259469304716 5.45921
2.6773482972090137 5.91617
2.6996533504259 5.85381
2.7219759047039602 6.358140000000001
2.744298562293959 6.40602
2.7666039251246595 6.67063
2.7889267918020164 6.86123
2.8112323652516555 7.15873
2.833555444408179 7.472230000000001
2.8558786311183852 7.44963
2.8781845268938557 8.44125
2.9005079311721484 8.95154
2.9228140460410397 8.75601
2.9451376712799635 9.07663
2.967444008632326 9.23484
2.9897678582247247 9.86128
3.0120918213106695 10.5363
3.0343984987899373 10.4067
3.0567226913198637 10.9914
3.079029599759726 11.6366
3.101354025127254 12.4141
3.123678568232338 12.7201
3.145985829517914 12.9461
3.16831061055229 13.6657
3.1906181112775593 14.4452
3.212943133635653 14.7983
3.2352682779763207 15.3016
3.2575761442691227 15.6236
3.2799015350264273 15.7787
3.302209649240067 16.7489
3.3245352898092655 17.0745
3.3468436553365257 17.0601
3.369169549113219 17.5927
3.3914955708171384 18.5259
3.413804319727358 18.8604
3.4361305997334863 18.7452
3.4584396084414553 19.6789
3.4807661501462652 20.4047
3.503092824025881 20.734
3.5254022288463154 21.0146
3.5477291695206588 21.2985
3.5700388426251948 22.1249
3.5923660534916446 22.5399
3.6146934007816114 22.7959
3.637003482731501 22.9695
3.6593311053109985 23.4239
3.681641464033634 23.7441
3.7039693653009733 24.096
3.726297407241705 25.0123
3.7486081875460804 25.3947
3.7709365132734978 25.6586
3.793247578841633 26.2347
3.8155761917550093 26.6275
3.8378875459837216 27.0093
3.8602164494827234 27.5159
3.882545499606844 28.4885
3.9048572932539183 29.1479
3.9271866390645718 29.458000000000002
3.9494987298666713 30.2529
3.971828374764527 30.6858
3.9941581705403255 31.0758
4.016470713506008 31.7805
4.038800813471445 32.7388
4.061113662089144 33.038000000000004
4.0834440696459176 34.0467
4.105774632334751 34.0636
4.128087945865126 34.768
4.150418821249301 35.8195
4.172732448931298 36.7744
4.195063640413578 36.9195
4.2173775856475215 38.1302
4.239709096631102 38.6202
4.262040768704612 39.1763
4.284355196706267 39.3959
4.306687193387355 40.5955
4.329001947444346 42.2326
4.35133427213731 42.446999999999996
4.373666762177566 43.43600000000001
4.395982011761091 44.3878
4.418314834921175 45.2981
4.44063041906622 46.9305
4.4629635787515625 47.4851
4.4852969080429785 48.6064
4.5076130004776225 50.3
4.529946671403969 52.5371
4.552263106909177 53.5563
4.574597122877047 54.0023
4.596931312711224 54.9469
4.619248269273446 55.5917
4.6415828092605835 57.1385
4.663900117405352 58.3703
4.686235010953232 59.9157
4.708552674085913 61.0408
4.730887924602802 62.7304
4.753223354952695 64.8238
4.775541557023902 66.1078
4.797877349456786 68.1966
4.820195915032126 70.1505
4.842532072957498 71.499
4.864868414979744 74.0805
4.88718753227192 76.8978
4.909524244902505 78.8249
4.931843734218147 81.3633
4.954180820867835 84.464
4.976518095879839 88.09299999999999
4.998838149695359 92.0091
5.021175803844231 96.3094
5.043496238205739 101.338
5.065834274903528 107.64299999999999
5.088172504230693 114.319
5.1104935158799565 124.336
5.132832132875765 140.787
5.155153533596801 169.291
5.1774925416746225 285.33799999999997
5.199814334878411 881.217
5.2221537374521505 2190.44
5.244493338631803 3957.54
5.266815727034316 6665.2
5.289155727832427 10592.7
5.311478517248165 9285.69
5.333818921080011 4134.4
5.356159527788849 984.028
5.3784829252032536 274.547
5.400823940070432 183.34900000000002
5.423147747031976 153.803
5.445489173474152 137.018
5.467830807066149 129.18
5.490155234831516 123.69
5.512497285125229 118.29299999999999
5.534822130975162 115.211
5.557164601388673 112.335
5.579489868738879 108.54299999999999
5.601832762690846 106.57799999999999
5.6241758697774475 105.37
5.646501775867269 104.473
5.668845311622074 103.695
5.691171647754637 102.863
5.713515615597765 101.663
5.735859800852677 100.978
5.758186788542988 100.78200000000001
5.780531411018185 101.79799999999999
5.802858837297399 101.458
5.825203900414495 102.197
5.8475491852224 103.829
5.869877275883075 104.959
5.892223006467101 106.428
5.914551544266608 110.19200000000001
5.936897724049891 117.346
5.959244129804903 133.282
5.981573344815301 197.899
6.0039202049061 444.84
6.026249875609095 893.2560000000001
6.04859719346037 1413.9
6.070927323278297 2198.51
6.093275102315365 3633.84
6.115623113320588 4671.4
6.137953938319995 3669.96
6.160302415650845 1423.16
6.182633708324452 361.651
6.2049826554078376 147.45600000000002
6.227331838745022 109.589
6.249663839443684 96.0721
6.27201349767565 89.0298
6.294345974611799 84.4555
6.316696111167083 81.1471
6.339046488263839 78.5426
6.361379686074702 76.132
6.383730546639482 74.485
6.406064229255215 72.8434
6.428415576718203 72.6347
6.450749747566656 71.0657
6.47310158535871 69.5711
6.495453669698332 68.4652
6.517788579421056 67.7317
6.540141159237969 66.3603
6.562476565766648 65.9299
6.5848296444934045 65.3126
6.607182974060425 64.3233
6.6295191323281015 64.1674
6.651872965955752 63.1636
6.6742096296068985 62.3835
6.6965639707294615 61.8438
6.71891856698715 61.5592
6.741255995248479 61.1186
6.763611104154477 60.9151
6.785949046381137 60.3092
6.808304671371482 60.0142
6.8306605557940046 60.2812
6.852999275508618 59.1393
6.875355681171544 58.7119
6.897694923437771 58.5238
6.92005185377892 58.2142
6.9423916220322655 58.1855
6.964749080490181 57.0972
6.987106804399774 57.4251
7.009447368180821 57.9815
7.031805625367033 57.405
7.054146723727803 56.9431
7.076505517631004 56.6392
7.098864581288365 56.78
7.121206488070854 56.5085
7.143566093607822 55.9781
7.165908543567245 56.6601
7.188268694426048 56.5123
7.2106291193438095 55.9948
7.232972390625943 55.7884
7.255333366030969 55.3711
7.277677189091925 55.5588
7.300038718428332 55.6776
7.322400526130865 55.7607
7.344745183422596 55.6744
7.367107550224791 55.6381
7.389452767901992 56.0678
7.411815697249891 56.006
7.434161478756298 55.3028
7.456524974096713 55.5321
7.478888753837185 55.5787
7.501235387657368 56.2739
7.523599738562711 56.272
7.545946944825532 56.75
7.568311870344528 57.1178
7.5906770845765665 56.9355
7.613025156078678 56.8327
7.635390950099687 57.3065
7.657739602662809 56.9092
7.680105979923558 57.4361
7.702472650212829 58.2854
7.724822180948224 57.8896
7.747189439655568 58.2956
7.769539560075357 58.254
7.791907410653562 58.6855
7.81425812420825 58.7249
7.836626570110925 58.9093
7.858995315087906 60.0218
7.881346924933401 60.3692
7.903716270417482 60.9643
7.926068482028405 61.3395
7.948438431475253 62.1904
7.9708086843180235 62.2646
7.993161805171116 62.9525
8.015532667162402 63.7382
8.037886398416653 64.789
8.060257873014221 65.1882
8.082629655331942 65.8535
8.104984308787587 66.3509
8.127356708900503 67.9761
8.149711981398308 68.8319
8.172085002766314 69.5813
8.194458336181368 70.285
8.216814543847752 71.6551
8.23918850371002 73.00399999999999
8.26154533906492 74.0709
8.283919928836452 75.8573
8.306277395339652 77.1376
8.328652618483376 78.9072
8.351028159736202 81.5845
8.373386579575245 84.4106
8.395762759396959 86.4783
8.418121819038275 90.2139
8.440498640894003 96.3399
8.462875785192262 110.514
8.485235811156207 162.578
8.507613602688501 289.116
8.529974277114228 451.236
8.552352719347912 585.374
8.574731488360351 754.0319999999999
8.59709314210385 1060.33
8.619472567021075 1533.4
8.64183487789147 1975.29
8.664214962183097 1934.94
8.686577933647762 1230.61
8.708958680784317 530.7230000000001
8.731339760774953 217.983
8.753703729764451 130.937
8.77608547780821 111.031
8.798450116065078 104.975
8.820832535634787 100.48899999999999
8.843215292401656 97.6285
8.865580941199045 96.3014
8.887964374703538 94.355
8.910330701447199 93.7138
8.932714815164482 92.3984
8.955099270424924 90.8588
8.977466620733543 89.6581
8.999851761421976 89.5143
9.022219798361645 88.7586
9.04460562795561 88.3065
9.066991803441677 87.6136
9.089360876979615 87.8928
9.111747746589993 87.5594
9.13411751544971 86.7256
9.156505082664324 86.5583
9.178875550323522 86.2044
9.20126381862328 86.08
9.223652438908596 86.5664
9.246023961427412 86.7131
9.26841328802173 86.9485
9.290785518039224 86.9949
9.313175554425882 88.0039
9.335565947154315 88.4728
9.357939245086508 88.2091
9.380330352834827 88.0757
9.40270436697103 88.2803
9.425096193225055 87.9923
9.447488380180165 88.6872
9.469863475295412 88.8339
9.492256385987508 89.06200000000001
9.514632206018318 90.2548
9.537025843935714 90.8359
9.559402392368193 91.5864
9.581796761000229 92.6635
9.604191496441521 93.7922
9.626569144158516 94.4121
9.648964615551032 94.9417
9.671343000390081 95.5951
9.693739211225699 96.7017
9.716135793237463 97.4636
9.738515290448102 98.40899999999999
9.760912617143402 99.5982
9.783292860202891 101.749
9.805690935076182 103.316
9.828089385495742 104.355
9.850470754023561 107.031
9.872869957865444 109.249
9.89525208097539 112.715
9.917652041736662 118.81200000000001
9.940052382417589 136.718
9.962435644102392 199.44
9.984836746950979 302.668
10.007220771957746 416.12699999999995
10.029622640473708 517.057
10.052007432299963 632.5269999999999
10.074410069984072 801.1339999999999
10.096813093716005 1068.49
10.119199042482517 1454.24
10.141602840636468 1782.77
10.163989564971628 1696.22
10.186394141051062 1143.92
10.208799107559706 553.919
10.231187001965623 250.949
10.253592751657669 148.621
10.275981430388155 124.44200000000001
10.298387966769793 117.665
10.320794897965431 114.90299999999999
10.343184759907361 112.956
10.36559248305461 111.54700000000001
10.387983138083852 114.64
10.410391656691655 130.681
10.432800574501677 158.849
10.455192425893369 187.36700000000002
10.47760214443012 211.62599999999998
10.499994797678786 237.48
10.522405320453982 280.13
10.54479877906917 351.19
10.567210109595656 444.244
10.5896218454736 532.803
10.612016518879773 535.971
10.634429067781074 417.95
10.656824555333241 254.864
10.679237920773568 154.05200000000002
10.701651695961992 108.868
10.724048411481384 96.3303
10.746463008485165 92.3037
10.768860546937125 90.2001
10.791275969274796 87.729
10.81369180576079 86.5215
10.836090585366925 85.6401
10.858507252467449 84.4017
10.88090686379991 82.8658
10.903324365036394 81.9193
10.925724811614439 80.6368
10.948143150509463 80.3936
10.970561909719066 79.5575
10.992963615930844 78.5354
11.015383218085756 77.5229
11.037785768347074 76.6689
11.06020621697282 76.0666
11.082627090322113 75.7766
11.105030913430326 74.8111
11.12745263854165 74.0225
11.149857314510728 73.0481
11.172279894912576 73.2792
11.194702904450653 72.392
11.217108866490921 71.6449
11.239532736615194 71.4663
11.26193956033512 70.8168
11.284364294577085 70.5132
11.306789462371718 70.0708
11.329197585398376 69.851
11.351623622610898 69.7292
11.37403261614354 69.1086
11.396459526308487 69.0257
11.418869393879497 68.5307
11.441297180532617 68.4989
11.463725406927658 67.8027
11.486136592353875 67.4736
11.508565700543707 67.1498
11.530977768845315 67.2185
11.553407762368774 66.6946
11.575838200059769 66.8887
11.598251599479612 66.3421
11.620682927815501 66.4652
11.64309721895548 66.5847
11.665529441478206 66.138
11.687962112597958 65.6993
11.710377748130886 65.8567
11.732811318753434 65.6562
11.755227854859067 65.5001
11.777662328529495 65.1349
11.800079768750786 65.1914
11.822515149015453 65.2138
11.844950984084935 65.6136
11.867369787303163 65.3497
11.889806534289491 65.2303
11.912226250487029 65.6381
11.934663912939751 65.8165
11.9571020346363 66.32
11.979523127133968 66.5531
12.001962169624331 68.6842
12.024384183972964 72.6044
12.046824150809913 79.8878
12.069264581333726 87.9062
12.091687985297767 94.2773
12.11412934550045 100.131
12.136553680195208 108.831
12.158995973632788 122.117
12.181438735204349 140.761
12.20386447284199 164.72299999999998
12.226308172985636 193.75599999999997
12.24873485024193 210.52900000000002
12.271179492516982 187.107
12.293607112949127 145.847
12.316052700916226 103.837
12.338498763250042 79.1147
12.360927805303868 70.1154
12.383374818673879 67.8635
12.405804812803074 67.1024
12.428252780773262 67.1528
12.45070122756722 67.1054
12.473132656675375 67.0831
12.49558206341869 67.3591
12.518014453510101 67.0645
12.540464823770117 67.1992
12.562915677315177 67.3695
12.58534951575545 67.6013
12.607801338171472 67.3886
12.630236146511358 68.1189
12.652688941369085 68.7154
12.675124723177234 68.8597
12.697578494048786 69.4208
12.720032754458185 69.6954
12.742470003354093 70.2702
12.764925245138771 70.8078
12.787363476431278 71.1079
12.809819703166806 71.5201
12.83227642391173 72.3559
12.854716135692716 73.1446
12.877173846755147 74.4936
12.899614549869717 74.9696
12.9220732548287 75.7065
12.94453245827299 76.0627
12.966974655289818 77.6495
12.989434858002571 78.4566
13.011878055298721 79.191
13.034339260862497 80.5295
13.056800969391883 82.4093
13.079245674017244 86.0177
13.101708390774869 93.5832
13.12415410463411 110.728
13.146617833206086 130.77100000000002
13.169064559883248 147.376
13.191529303857127 160.457
13.213994557076367 174.25799999999998
13.236442809902437 196.297
13.258909083908291 228.263
13.28135835851934 268.279
13.30382565690295 321.624
13.326293469022952 384.11300000000006
13.348744283242008 422.025
13.371213125129904 395.71
13.39366497011003 310.264
13.416134845360597 215.775
13.438605238843131 151.703
13.46105863690397 129.91
13.483530069144786 133.673
13.505984506951902 143.642
13.528456981549432 153.535
13.550929978879088 161.579
13.573385983253365 174.188
13.595860028340867 195.995
13.618317081455832 226.247
13.64079217790333 263.133
13.663250283359057 308.954
13.685726434770173 352.656
13.708203115221277 358.741
13.730662806148091 310.827
13.75314054697177 231.063
13.775601299246777 159.001
13.798080104050406 112.589
13.820559442405358 93.4058
13.843021793671388 87.3036
13.865502201420897 85.1123
13.887965623051947 84.3208
13.910447103807167 82.9569
13.932929122629764 81.4325
13.955394156785959 80.9133
13.977877254034569 79.859
14.000343367582113 79.1228
14.022827546871707 78.2134
14.045294743423524 77.3596
14.06778000837062 77.1026
14.090265817715476 76.8099
14.112734645763819 76.0148
14.13522154619454 75.5941
14.157691466286913 75.2153
14.180179461423874 75.1273
14.202668005486178 74.5611
14.22513957064374 74.2718
14.247629214846473 74.0787
14.270101881097517 73.5606
14.29259262906496 73.2904
14.315083930490205 73.467
14.337558255389705 73.2624
14.360050666019726 73.0929
14.382526101071944 72.7767
14.405019624534942 72.1896
14.427513705993134 72.4532
14.449990813291825 72.4785
14.47248601302899 72.3569
14.49496423954951 72.513
14.517460561197822 72.3322
14.539939910570322 72.3112
14.562437357763558 72.1346
14.58493536931253 72.7273
14.607416409993311 72.9346
14.62991555254159 72.9463
14.652397725157423 73.3095
14.674898002342799 73.991
14.697398848433282 74.7194
14.719882725991326 76.7037
14.74238471217934 80.7804
14.764869730765593 88.5871
14.787372860692983 95.2602
14.809876564079925 101.473
14.83236330125751 106.52
14.854868153850365 111.359
14.877356041159485 119.179
14.899862046604186 129.835
14.922351087688757 144.789
14.944858249632887 163.461
14.967365991421232 186.69
14.989856770231246 209.28599999999997
15.012365673994204 222.72099999999998
15.03485761569738 207.13
15.05736768508665 172.06799999999998
15.07987833888692 133.194
15.102372032001655 102.76
15.124883856909658 84.2026
15.14737872204565 77.3894
15.169891721717274 74.604
15.192405310371893 74.006
15.214901940621196 73.1803
15.237416709527137 72.3284
15.259914520936249 72.1588
15.282430473753607 71.3476
15.304947020131227 70.5854
15.327446610371178 70.7197
15.349964346154254 70.2525
15.372465126703139 69.9932
15.394984055556009 69.9237
15.417486030076159 69.8931
15.44000615566487 69.3843
15.462526881230803 69.2119
15.485030653812652 69.248
15.507552581617434 69.2013
15.530057557334603 69.197
15.55258069104857 69.2411
15.575104429329837 69.6686
15.597611216864632 69.8442
15.620136166564563 71.1997
15.6426441664095 74.6693
15.665170331202765 80.6421
15.687697105158826 86.1641
15.710206930593545 91.0743
15.732734925158933 94.57
15.755245972089478 97.897
15.77777519094324 103.318
15.800287463046663 111.113
15.822817909869592 121.92299999999999
15.84534897229804 134.814
15.867863089299354 152.654
15.890395385222186 171.852
15.912910736597423 190.15200000000002
15.935444269699861 192.257
15.957978423016485 177.00900000000001
15.980495633101265 145.621
16.003031029129367 113.23100000000001
16.02554948280019 86.9711
16.048086125229432 73.2637
16.070623392487107 68.0868
16.09314371869582 66.2003
16.11568223789321 64.4482
16.13820381691126 63.851000000000006
16.160743591742527 63.6388
16.183283996022084 63.1727
16.205807461423195 62.347
16.228349126881973 61.6896
16.25087385432698 61.5092
16.27341678466365 60.8518
16.29594277784926 60.7228
16.31848697676433 60.0644
16.341031811604868 59.6612
16.36355971058487 59.6297
16.3861058195587 59.3122
16.40863499352978 58.6701
16.431182380342005 58.5247
16.453730407713202 58.321999999999996
16.476261501364792 58.4326
16.498810812136167 58.1181
16.52134319004079 58.0768
16.54389378792203 58.1588
16.566445031001553 57.8224
16.588979342490088 57.6652
16.61153187824822 57.7079
16.634067483263312 57.3142
16.656621315414416 57.4313
16.679175797408888 57.0635
16.701713349928728 57.2492
16.72426913389191 57.395
16.74680798922351 57.0666
16.76936507887444 56.8219
16.791905240734874 57.1358
16.814463639794468 57.0765
16.837022695210294 57.1888
16.859564824093756 57.1639
16.882125194503903 57.2337
16.904668639217885 57.6186
16.927230328348003 57.2287
16.949792678493612 57.6163
16.972338104193863 57.848
16.994901778652235 57.8555
17.017448529496576 58.2996
17.040013531998152 59.2804
17.06257920018044 60.4545
17.0851279459922 61.8721
17.107694947817667 63.0512
17.130245028099072 63.8279
17.15281336730298 64.517
17.17536478578733 65.7021
17.19793446610687 67.0124
17.220504818648422 68.8341
17.243058251703697 70.705
17.265629950971032 73.705
17.288184731571736 77.4719
17.310757781306908 82.1173
17.33333150794385 85.1607
17.355888317140174 85.7241
17.37846339986244 83.1188
17.401021565958885 77.3542
17.42359800851343 71.2705
17.44617513265564 66.773
17.468735341390783 63.9978
17.491261035594565 62.5284
17.51396340099364 62.1151
17.536490463869136 61.92100000000001
17.559018209820174 61.9067
17.58154663977963 62.0425
17.604251766089718 62.3442
17.626781572227713 62.7872
17.64931206518155 62.7751
17.671843245885103 63.1886
17.69455114821572 63.1142
17.717083712612634 63.5292
17.739616967569667 64.0201
17.762150914021706 64.572
17.78486160749854 64.9929
17.807396945166804 66.3748
17.829932977143503 68.6894
17.85246970436452 72.3497
17.875183204129467 75.3423
17.897721330097664 78.0692
17.920260154126645 80.6835
17.942799677153296 82.7058
17.9655159983646 84.7684
17.988056927677544 88.1941
18.010598558807683 93.0091
18.033140892692916 98.8146
18.05586005052525 105.836
18.07840379824407 115.007
18.10094825154059 126.772
18.12366954819864 139.11700000000002
18.146215420998306 146.481
18.16876200220057 145.197
18.191309292745153 134.283
18.214033452627167 119.196
18.236582170236648 104.251
18.259131600016456 94.2336
18.281681742907335 89.7171
18.304408781233683 90.2375
18.32696035875955 92.9539
18.349512652227624 97.1799
18.372065662579683 102.6
18.394795594587553 106.74600000000001
18.41735004715306 107.221
18.43990521943684 102.943
18.46246111238171 94.6295
18.485193953325208 84.2441
18.507751296070428 75.6044
18.530309362314178 70.5236
18.552868153000343 67.3654
18.57560391815056 65.5612
18.59816416623245 64.8846
18.620725141597372 64.4813
18.643286845190268 63.8033
18.666025549835414 63.4323
18.688588718427933 62.6057
18.711152618092243 62.5954
18.73389353884365 62.443999999999996
18.75645890921984 61.9546
18.77902501351406 61.7408
18.801591852673102 61.7027
18.824335739722738 60.9802
18.846904057212626 60.8322
18.8694731124168 60.6217
18.89204290628315 60.6243
18.914789774966803 60.4493
18.937361054791623 60.1147
18.959933076131318 60.0039
18.982505839934877 59.9128
19.00525570560582 59.6402
19.027829963004184 59.6786
19.05040496572238 59.8517
19.072980714710468 60.1849
19.095733592739563 61.0033
19.11831084296757 61.2755
19.140888842324735 61.8105
19.16346759176222 62.0924
19.18622349753803 62.229
19.208803755869358 62.924
19.231384767143577 63.781000000000006
19.253966532312948 64.9127
19.276725481241822 66.0549
19.29930876296784 67.1586
19.3218928014549 69.1309
19.34465404436217 71.2579
19.36723960516257 73.7793
19.389825925592426 76.3623
19.412413006605938 77.2875
19.43517731967805 76.2178
19.457765930683355 73.0391
19.48035530514408 68.6395
19.50294544401556 64.0927
19.525712842708348 60.7352
19.54830451925909 58.5365
19.570896963095727 57.0652
19.593490175174704 56.44
19.616260674962184 56.4682
19.638855432416964 56.2377
19.661450960992624 56.4484
19.68404726164677 56.1979
19.706820878021247 56.022
19.729418731756834 56.2612
19.752017360452857 55.963
19.77461676506804 56.5343
19.797393513540218 57.0111
19.819994478951667 57.3671
19.84259622316767 58.2441
19.8651987471481 58.725
19.887978643247177 58.7877
19.91058273574792 59.0914
19.933187610901943 59.5631
19.955969879466828 60.2709
19.97857632894404 61.291000000000004
20.00118356396599 62.4769
20.023791585494575 64.0065
20.046577028914875 66.1656
20.069186632506966 68.4338
20.091797025500632 70.7899
20.114408208858933 72.4179
20.137196842715273 73.9892
20.159809615886765 73.2501
20.18242318232135 70.7146
20.20503754298326 68.1206
20.227829382875154 65.7363
20.250445341109344 64.3508
20.27306209647285 64.0209
20.29567964993108 64.5224
20.31847471147704 65.4695
20.34109387027612 66.7812
20.363713830075454 67.7233
20.386334591841646 67.5038
20.409132890679302 65.438
20.431755265564437 62.3172
20.454378445325528 59.548
20.477002430930366 56.7198
20.499803982716553 54.9711
20.522429589228004 53.7847
20.54505600449589 52.8784
20.567683229489194 52.9576
20.590488049900088 52.662
20.61311690359731 52.4634
20.63574656993626 52.3247
20.658553853717297 51.92100000000001
20.681185154618298 52.0747
20.703817271080066 51.7982
20.72645020407368 51.4563
20.749260783967177 51.4605
20.771895359337133 51.5113
20.794530754161617 51.3882
20.817166969412938 51.3484
20.83998086114876 51.2655
20.86261872660049 51.0712
20.885257415405402 51.2494
20.90789692853701 51.0901
20.930714147864748 51.034
20.953355319030678 51.3289
20.97599731745334 51.4397
20.99864014410749 51.1396
21.021460706796564 51.0839
21.044105199328826 51.2715
21.06675052302631 51.4415
21.089396678865015 51.5664
21.112220600704806 51.7614
21.134868430275347 51.775
21.15751709492456 52.1787
21.180166595629693 52.2448
21.202993892429635 52.5867
21.22564507473034 53.0352
21.24829709602816 53.3644
21.27112693608965 53.6861
21.293780644891275 54.0428
21.316435195634053 53.6358
21.339090589297417 52.9402
21.361923832041875 52.4691
21.384580921090404 51.629
21.407238856007325 50.993
21.429897637773326 50.933
21.45273429906592 50.8186
21.475394784108598 50.9193
21.498056118951983 50.858999999999995
21.520718304578022 51.172
21.543558400304388 51.2986
21.566222297108816 51.8326
21.58888704765135 52.3217
21.61155265291521 52.7026
21.63439619898156 53.3682
21.657063523335786 53.5138
21.67973170537063 53.9809
21.7024007460706 54.2233
21.72524775840385 54.6893
21.747918526116475 55.486000000000004
21.770590155457388 56.3685
21.79326264741238 57.4683
21.816113141960237 58.7845
21.838787368860547 60.1287
21.861462461341976 61.5776
21.884315579735777 63.4592
21.90699241312273 65.1256
21.92967011506078 66.66199999999999
21.95234868653799 67.4143
21.9752053151131 66.8961
21.997885635446785 65.4614
22.020566828293532 63.361000000000004
22.04324889464272 60.8655
22.066109049404666 58.9526
22.088792872571794 57.9076
22.111477572219204 57.7648
22.1341631493376 58.1004
22.157026846313123 58.5077
22.179714188221507 58.3295
22.202402410582668 57.6646
22.22509151438863 56.2015
22.24795876962584 54.5851
22.270649646204486 53.4257
22.293341407213727 52.5246
22.316034053646906 51.8169
22.338904883215342 51.5829
22.36159931041458 51.4258
22.38429462602756 51.1653
22.40699083104897 50.8764
22.429865251039757 50.9997
22.452563244831367 50.9745
22.47526213102522 50.8687
22.49813925616515 50.9261
22.520839937143307 50.9277
22.543541513520587 50.9843
22.56624398629403 50.9085
22.589124730075895 50.9279
22.611829005656723 51.5349
22.63453418063466 51.68899999999999
22.657240256008077 52.0406
22.680124634582935 52.063
22.70283252079775 52.4799
22.725541310413075 52.7667
22.74825100442868 52.7246
22.771139033969575 53.074
22.79385054687155 53.1211
22.81656296718292 53.7301
22.83927629590484 53.9877
22.862167992606945 54.7727
22.88488314827121 55.5842
22.907599215359284 56.2241
22.93031619487366 57.1706
22.953211574954405 58.1165
22.975930389478226 59.1572
22.998650119445763 60.0001
23.02137076586092 59.9239
23.044269845560063 59.3711
23.06699233506288 58.0017
23.089715744034912 56.3271
23.112617610931565 54.6726
23.135342869061212 53.163999999999994
23.158069049684816 51.9466
23.1807961538087 51.4186
23.20370174880544 51.4003
23.226430710184808 51.7265
23.249160598093425 51.8703
23.271891413539002 51.845
23.294800752937697 52.022
23.31753343374794 52.1381
23.340267045128353 52.2311
23.36300158808808 52.5728
23.38591468821339 52.5173
23.408651104658304 52.8659
23.431388455719986 53.218
23.454126742409 53.6838
23.4770436196085 54.2504
23.499783787914662 55.1046
23.522524894889884 55.5447
23.54526694154616 56.324
23.56818761219047 57.5997
23.59093154860734 58.7053
23.613676427751283 59.748999999999995
23.636422250635754 59.6723
23.659346731118656 58.9502
23.68209445191868 57.3838
23.704843119509587 55.3553
23.72759273490623 53.2021
23.750521041644767 51.4835
23.77327256312355 49.9264
23.796025035462787 49.1417
23.818956224555475 48.4045
23.841710609113413 48.1381
23.86446594758979 48.003
23.887222241002014 47.6715
23.910157285144578 47.3365
23.932915498962537 47.3837
23.955674670778713 47.277
23.978434801611975 47.0635
24.001373717286125 46.6555
24.024135776723917 46.583999999999996
24.046898798245582 46.6275
24.06966278287146 46.4486
24.092605586582614 46.3753
24.115371508023642 46.085
24.1381383956401 46.1128
24.16090625045381 46.0776
24.183852958731244 45.9676
24.206622758582608 45.8002
24.229393528706886 45.5504
24.252165270127392 45.7569
24.27511589952438 45.8777
24.297889594216997 45.5281
24.32066426328598 45.3382
24.34343990775613 45.2981
24.36639447485003 45.1879
24.38917208083877 45.0964
24.41195066531332 44.9056
24.43490819850244 45.1421
24.457688750692377 44.986999999999995
24.48047028445616 44.74100000000001
24.503252800821233 44.9112
24.526214300784112 45.0853
24.548998793132213 44.9471
24.57178427117417 44.7564
24.59457073593893 44.9009
24.617536219319863 44.9274
24.64032466834748 44.9027
24.663114107195035 44.8331
24.685904536893013 44.4925
24.708874020360852 44.5202
24.731666442613744 44.4917
24.754459858818787 44.4574
24.777254270007962 44.4642
24.80022777025625 44.3682
24.82302418230472 44.3893
24.845821592443674 44.3713
24.86862000170663 44.3207
24.891597535453727 44.1166
24.914397953892728 44.506
24.93719937456671 44.4264
24.96000179851076 44.4102
24.98298338249997 44.7852
25.00578782394922 45.068000000000005
25.028593271784167 45.0626
25.05157790644186 45.3782
25.07438537804115 45.2294
25.097193859145293 45.5064
25.120003350792075 45.6174
25.142992065061257 45.9331
25.165803588823465 46.2246
25.18861612625217 46.4401
25.211429678386736 46.5252
25.234422489079968 46.5946
25.257238081693636 46.4936
25.280054692141732 46.5024
25.3028723214652 46.2565
25.325869245420463 46.5399
25.348688923599397 46.6838
25.371509623787006 46.7647
25.394331347025812 46.6767
25.41733240110666 46.2986
25.440156181590016 45.9048
25.46298098826268 45.3977
25.48580682216873 44.7713
25.50881202326435 44.0912
25.53163992281684 43.3741
25.55446885274561 43.0763
25.577298814096377 42.9343
25.600308179121807 42.8694
25.623140214533745 42.7769
25.64597328451537 42.7253
25.66898578564376 42.4872
25.691820936010206 42.5901
25.714657124097695 42.5293
25.737494350954734 42.473
25.760511045684957 42.431999999999995
25.783350361364224 42.4588
25.806190718969255 42.4813
25.82903211955018 42.5547
25.852053024868923 42.5245
25.874896522722523 42.643
25.897741066713106 42.4983
25.920586657892454 42.4753
25.943611790812668 42.6877
25.966459487728237 42.8475
25.989308234998564 42.6844
26.01215803367705 42.9834
26.03518741123814 42.9625
26.05803932412957 43.1962
26.080892291600094 43.2179
26.10374631470478 43.443999999999996
26.12677995397268 43.6088
26.14963609978026 43.5528
26.172493304397875 43.423
26.19535156888223 43.3746
26.218389486949604 43.0284
26.241249882640123 42.7876
26.26411134137826 42.3284
26.28715248187403 42.401
26.31001607820869 42.273
26.3328807407756 41.9498
26.35574647063438 42.2008
26.37879191991473 42.0856
26.401659795896734 42.1561
26.424528742360263 42.3075
26.447398760366614 42.4073
26.470448535598294 42.525
26.49332070826805 42.5648
26.516193955675355 42.7699
26.53906827888316 42.8249
26.562122397260108 42.8983
26.584998883685063 43.2692
26.607876449110325 43.5548
26.63075509460056 43.5712
26.65381357334404 43.87
26.67669439061878 43.9677
26.699576291163382 44.0577
26.722459276044212 43.9452
26.745522132402975 43.7858
26.768407297649354 43.5505
26.791293550442003 43.0999
26.814180891848974 42.8288
26.837248143099337 42.4308
26.860137673466657 42.3872
26.88302829566349 42.0389
26.90592001075963 42.0088
26.92899167420566 41.8681
26.951885586870763 41.4931
26.974780595655517 41.2378
26.99785558178161 41.0386
27.020752794605112 41.0063
27.043651106772522 40.7838
27.06655051935668 40.7536
27.089629948036183 40.5447
27.112531573292053 40.527
27.135434302194138 40.6515
27.158338135817015 40.4086
27.181422024430987 40.5388
27.204328079372566 40.3017
27.22723524226965 40.4095
27.250143514198573 40.5119
27.273231880156334 40.4752
27.296142382065014 40.3293
27.319053996245536 40.244
27.341966723775965 40.207
27.365059584515222 40.2311
27.38797455070062 40.2343
27.410890633481237 40.1942
27.433807833936918 40.1297
27.456905206923906 40.236999999999995
27.47982465472398 40.2682
27.502745223449743 40.2902
27.525666914182825 40.3882
27.548768816912457 40.330999999999996
27.571692763693633 40.3214
27.59461783573812 40.2739
27.617723149491244 40.2234
27.640650484125285 40.1541
27.66357894728264 40.0116
27.686508540048052 40.1117
27.709618414237887 39.9219
27.732550278321757 39.7914
27.755483275279115 39.5525
27.778417406196485 39.6099
27.801531858397514 39.6708
27.824468269376716 39.6994
27.847405817586786 39.7104
27.870344504116094 39.7546
27.893463551932008 39.7273
27.916404527281053 40.0268
27.93934664422563 40.0273
27.962289903855886 40.0154
27.98541356491974 40.2119
28.00835912214229 40.2221
28.03130582533231 40.4703
28.054253675581805 40.6431
28.077381967556104 40.6015
28.100332124185126 40.6258
28.123283431160893 40.643
28.146235889577238 40.6805
28.169368830154156 40.4183
28.192323603752033 40.2785
28.215279532083304 39.882
28.238415973016764 39.8528
28.261374223145094 39.6485
28.284333631303806 39.4303
28.307294198589954 39.3277
28.330435319167677 39.1046
28.353398217078915 38.7409
28.376362277420153 38.3577
28.39932750129032 38.3365
28.422473319286713 38.1471
28.44544088262495 38.1307
28.468409612800283 38.0226
28.491379510913497 37.7952
28.51453004413313 37.5942
28.53750229057244 37.5782
28.56047570826344 37.4895
28.583450298308804 37.6119
28.606605564586562 37.3438
28.629582511831156 37.2584
28.65256063474956 37.149
28.675539934446338 37.1279
28.698699951647605 37.2616
28.72168161743193 37.314
28.74466446331978 37.1897
28.767648490417624 36.988
28.790813276438353 36.8467
28.813799678527303 36.9587
28.836787265157085 36.8889
28.859955641890075 37.0334
28.882945610203045 36.9264
28.905936766392035 36.9536
28.928929111566863 37.0008
28.952102288520145 36.9652
28.975097024308607 36.8144
28.998092952423807 36.7818
29.021090073977508 36.5357
29.04426806913204 36.4903
29.067267590245258 36.4414
29.090268308143695 36.2899
29.11327022394099 36.1749
29.13645305530891 36.0416
29.159457379627167 35.9317
29.18246290519685 35.9035
29.20546963313352 35.9617
29.22865731875826 35.9304
29.25166646419296 35.9037
29.27467681535305 35.6604
29.29768837335608 35.7139
29.320880931312562 35.7591
29.34389491580634 35.7733
29.366910110507334 35.7555
29.38992651653503 35.7709
29.41312396492981 35.7046
29.436142806456754 35.6348
29.45916286268059 35.549
29.48236399319994 35.5998
29.50538649169417 35.4521
29.528410208259935 35.3607
29.55143514402014 35.1722
29.574641196749695 35.0635
29.597668583816574 34.9268
29.6206971934585 34.6825
29.64372702680042 34.7044
29.666938019934474 34.6221
29.689970313635285 34.6028
29.713003834422636 34.5208
29.73603858342347 34.4398
29.759254535188578 34.3487
29.78229175361658 34.3515
29.80533020365064 34.2673
29.82836988641968 34.4038
29.85159081507472 34.3496
29.874632976355343 34.2099
29.89767637376955 34.2003
29.920721008448314 34.0195
29.9439469322847 34.2104
29.96699405457564 34.0751
29.9900424175358 34.0917
30.013092022298157 34.0676
30.03632295963995 33.9548
30.059375061131373 34.0356
30.08242840783577 34.0208
30.105483000888153 33.9262
30.128718970092244 34.016999999999996
30.151776069006917 33.8977
30.17483441768648 33.8032
30.198074175317235 33.8071
30.221135036724256 33.8905
30.24419715131772 33.777
30.267260520236203 33.6982
30.290505341942243 33.7691
30.313571232750228 33.7534
30.336638381310948 33.874
30.35970678876503 33.7417
30.38295669299435 33.7196
30.40602763151657 33.6126
30.429099832366074 33.6403
30.452173296685572 33.7097
30.47542830191959 33.6849
30.498504306502497 33.5146
30.521581577995562 33.6678
30.544660117543582 33.5663
30.56792024229725 33.5169
30.59100133132069 33.5221
30.614083691845494 33.5101
30.637167325018545 33.5183
30.660432587840603 33.5377
30.683518779717886 33.5534
30.70660624769615 33.6607
30.729694992924372 33.5903
30.75296541239743 33.6717
30.77605672557558 33.6027
30.799149319462742 33.6999
30.8224236211637 33.5346
30.845518789950724 33.4911
30.868615242910597 33.4115
30.891712981195973 33.2005
30.91499247215866 33.0914
30.938092794619365 33.132
30.96119440587579 33.0843
30.984297307082752 32.9109
31.00758200598383 32.6991
31.030687500658694 32.6509
31.053794288760695 32.6401
31.076902371446767 32.4929
31.100192296997445 32.5045
31.12330298246119 32.5839
31.14641496599209 32.4093
31.169528248749216 32.3359
31.19282341969534 32.329
31.215939314557186 32.4961
31.239056512134788 32.4655
31.262175013589378 32.3712
31.28547544871168 32.2796
31.30859657161541 32.2275
31.331719001892175 32.2568
31.35484274070538 32.36
31.378148458819545 32.3295
31.401274828443725 32.2105
31.424402510106933 32.2455
31.447712205419993 32.3952
31.470842524931633 32.2439
31.493974159989783 32.2673
31.51710711176168 32.2398
31.54042212308802 32.2245
31.563557722100917 32.1824
31.586694641341655 32.0933
31.609832881979628 32.0013
31.63315322823208 31.9134
31.656294125521327 31.732
31.679436347728515 31.7583
31.70257989602529 31.7334
31.725905596152327 31.5479
31.74905181052835 31.5564
31.772199354521323 31.5426
31.79534822930507 31.6249
31.818679302290967 31.4878
31.84183085259981 31.4828
31.864983737233473 31.3997
31.88813795736804 31.4306
31.911474422233013 31.3564
31.934631327356435 31.3906
31.9577895715215 31.4033
31.980949155906522 31.4451
32.004291031706956 31.4294
32.027453310562606 31.3074
32.05061693318573 31.1779
32.07396288236386 31.2135
32.09712920658542 31.1384
32.12029687812702 31.0704
32.14346589817093 30.9106
32.166817291729984 30.9755
32.18998902288583 30.8813
32.21316210610336 30.7272
32.23633654256711 30.5544
32.259693399663725 30.7158
32.282870556771144 30.5311
32.30604907069099 30.5218
32.329228942610065 30.4462
32.35259128243769 30.256999999999998
32.375773884550505 30.2661
32.398957848235646 30.3025
32.422143174682176 30.2057
32.445511016471215 30.0617
32.468699082679954 30.1438
32.49188851523011 30.069000000000003
32.51507931531304 29.9573
32.538452678331 29.9993
32.56164622776311 29.853
32.58484114831493 29.7954
32.60803744118015 29.8273
32.631416344731896 29.7538
32.654615396551876 29.8281
32.67781582427913 29.8118
32.701198898634416 29.6622
32.72440209253756 29.6214
32.747606665947124 29.5518
32.77081262006088 29.4384
32.79420126883317 29.375
32.81740999876112 29.4401
32.840620112999424 29.2535
32.86383161274818 29.2844
32.88722585534586 29.3987
32.91044014056596 29.364
32.933655814909734 29.2613
32.95687287957963 29.2675
32.98027273544904 29.1317
33.00349259526636 29.1954
33.026713849030116 29.1184
33.04993649794511 29.1062
33.073341986570746 29.0103
33.09656744032826 29.0306
33.11979429286444 29.0606
33.14302254538647 29.0886
33.166433686291185 28.9616
33.18966475336992 28.8514
33.212897224069096 28.8226
33.23613109959831 28.872
33.259547912343415 28.7327
33.2827846121627 28.8211
33.306022720453775 28.7109
33.32926223842861 28.6931
33.352684742614166 28.6624
33.37592709463173 28.6179
33.399170859982064 28.5204
33.422597648419426 28.4558
33.44584425514446 28.4232
33.46909227885668 28.375999999999998
33.4923417207723 28.2352
33.51577423505344 28.3263
33.539026528130385 28.2748
33.56228024307245 28.1972
33.585535381098246 28.0027
33.60897364093058 28.0093
33.63223163992385 27.9665
33.6554910656699 27.8786
33.678751919389796 27.8402
33.702195944520106 27.8523
33.72545966903325 27.9876
33.74872482519663 27.7497
33.771991414233746 27.7161
33.79544122444841 27.7016
33.81871069412428 27.6219
33.84198160035767 27.6262
33.86525394437455 27.5118
33.88870955949969 27.4836
33.911984794020626 27.4756
33.93526147001624 27.4627
33.958539588715006 27.4251
33.98200102861669 27.3028
34.0052820477047 27.2355
34.02856451319451 27.2968
34.05203033759056 27.228
34.07531571090147 27.1926
34.09860253431845 27.1551
34.121890809074316 27.0602
34.145362493118924 27.0645
34.16865368561615 27.0269
34.191946333164054 26.9826
34.21524043699793 26.9245
34.23871800066799 26.9617
34.26201503218366 26.8063
34.28531352370466 26.7341
34.30861347646881 26.7593
34.33209693978188 26.6628
34.3553998301885 26.6503
34.378704185565205 26.5432
34.402010007152356 26.5369
34.42549939016683 26.6139
34.44880815937748 26.5162
34.472118398533134 26.5195
34.49543010887669 26.4281
34.51892543169198 26.2536
34.54224009966052 26.3809
34.56555624255917 26.3292
34.58887386163339 26.2239
34.61237514439016 26.1091
34.6356957311114 26.1452
34.65901779775809 26.1078
34.68252356662995 26.0602
34.705848608458616 26.0501
34.72917513396849 26.0234
34.75250314440949 25.8334
34.77601490857862 25.8955
34.799345904259795 25.7839
34.82267838863559 25.7912
34.846012362958525 25.8636
34.869530142679984 25.811
34.89286711232212 25.7938
34.91620557568269 25.7135
34.93954553401677 25.6159
34.9630693495876 25.6703
34.986412313340814 25.6367
35.00975677584668 25.6127
35.033102738362956 25.6063
35.05663261012228 25.4472
35.0799815881786 25.4411
35.10333207003229 25.355
35.12668405694369 25.405
35.150220005273056 25.4174
35.17357501786656 25.3929
35.19693153931268 25.3311
35.220289570874385 25.2909
35.24383161619786 25.2403
35.267192683604904 25.3023
35.290555264930376 25.1764
35.314101899412165 25.2075
35.33746752422433 25.1433
35.36083466676374 25.1515
35.38420332829803 25.0558
35.407756095629054 25.0247
35.43112781085063 25.1035
35.45450104888391 24.9892
35.477875810999194 25.0195
35.50143473172161 24.9667
35.52481255774625 24.9678
35.54819191167777 24.8393
35.57157279478914 24.8596
35.595137889488406 24.7966
35.61852184675279 24.7635
35.641907337029984 24.6704
35.665294361595684 24.6156
35.68886565090076 24.6093
35.7122557598848 24.5429
35.73564740699838 24.6478
35.759040593519934 24.4839
35.78261809810353 24.5009
35.80601437933051 24.4615
35.829412203814705 24.4203
35.85281157283719 24.3055
35.876395313415884 24.3518
35.8997977874528 24.244
35.92320180988546 24.2224
35.946790244133936 24.1964
35.97019737933222 24.1838
35.993606066789866 24.1423
36.01701630779276 24.06
36.04061101440684 24.0734
36.06402437852291 24.0583
36.08743930005611 24.066
36.1108557802951 23.9501
36.13445678011326 23.9354
36.15787639383515 23.8326
36.18129757014299 23.8199
36.20472031032821 23.7335
36.22832762423364 23.7199
36.25175350829375 23.7682
36.275180960119776 23.6712
36.298609981005924 23.7968
36.32222362992669 23.6733
36.34565580510207 23.625999999999998
36.36908955323448 23.5066
36.39252487562093 23.5101
36.416144880530226 23.4493
36.43958336764275 23.4716
36.463023432914625 23.4117
36.486465077645676 23.3521
36.51009145956204 23.4516
36.53353627947859 23.3504
36.55698268276811 23.4277
36.58043067073321 23.3239
36.60406345072071 23.2095
36.62751462435344 23.1788
36.65096738658405 23.1957
36.67460498210655 23.1419
36.69806093788647 23.0771
36.72151848619297 23.0172
36.744977628333636 23.0252
36.76862165890998 23.0246
36.79208400512205 22.9517
36.81554794910557 22.965
36.83901349217101 22.9422
36.862663978991606 22.8719
36.88613273667352 22.8153
36.90960309738324 22.7193
36.933075062434064 22.6896
36.95673202673572 22.6275
36.98020721697122 22.6545
37.003684015502365 22.6444
37.027162423645365 22.5925
37.050825886711465 22.5791
37.07430753063053 22.4834
37.09779078812467 22.4787
37.121275660513014 22.4782
37.144945643673694 22.3921
37.16843376245278 22.2748
37.19192350009803 22.3256
37.215414857931435 22.2965
37.239091382563885 22.2506
37.262585997426164 22.1476
37.28608223645736 22.2032
37.309763684451696 22.2012
37.33326318851098 22.151
37.356764320726555 22.0941
37.380267082425526 22.0738
37.40395510942588 22.0655
37.42746114683234 22.0158
37.45096881771841 21.9323
37.474478123414166 21.9835
37.49817275092816 21.8622
37.52168534303452 21.8455
37.54519957395567 21.7871
37.568715445024665 21.7853
37.592416694607714 21.6908
37.61593586281424 21.7472
37.63945667518264 21.7796
37.66297913304891 21.6186
37.68668702630454 21.6275
37.710212792059274 21.5582
37.733740207334854 21.4976
37.757269273470364 21.5269
37.780983832050374 21.4711
37.80451621684926 21.4427
37.82805025654007 21.3722
37.851585952464795 21.3755
37.8753071980695 21.3308
37.89884622345676 21.2567
37.92238690911902 21.2148
37.94611318753442 21.2522
37.969657210779765 21.1994
37.99320289834801 21.1339
38.016750251586465 21.054000000000002
38.04048325513017 21.1147
38.06403395679343 21.0549
38.087586328183946 21.0817
38.11114037065203 20.9994
38.13488012115898 20.9966
38.1584375229181 20.9123
38.181996599821 20.9124
38.205557353221124 20.8818
38.229303872575656 20.8343
38.2528679961576 20.7917
38.27643380031219 20.761
38.30000128639589 20.7111
38.32375459653193 20.7319
38.34732546371299 20.7164
38.37089801690786 20.5861
38.39447225747609 20.5912
38.418232380377425 20.5595
38.441810012983396 20.5856
38.46538933705673 20.5152
38.488970353960084 20.515
38.51273731166058 20.5038
38.536321731567014 20.3857
38.55990784840681 20.397000000000002
38.58367995004091 20.3486
38.60726947812959 20.284000000000002
38.63086070726198 20.3006
38.654453638806274 20.29
38.678232613930824 20.2194
38.70182896773327 20.1901
38.72542702806741 20.1583
38.7490267963045 20.0784
38.77281266709232 20.0478
38.79641586862214 20.0729
38.8200207821842 20.0485
38.843627409152944 20.0079
38.86742019782782 19.9819
38.891030269149255 19.8975
38.914642058016156 19.8715
38.938255565806124 19.9402
38.96205529464307 19.8244
38.98567225787121 19.7612
39.00929094417078 19.7589
39.03291135492255 19.7275
39.05671804624804 19.7604
39.080341923549106 19.7295
39.103967529460334 19.6675
39.127594865365744 19.5467
39.15140854155791 19.5842
39.17503935514948 19.5941
39.19867190290282 19.5696
39.22249083587951 19.4945
39.24612686969409 19.4506
39.269764641845306 19.4646
39.293404153722804 19.3608
39.317230110864074 19.3344
39.34087311998506 19.3092
39.36451787301696 19.2573
39.388164371352595 19.2225
39.41199737518003 19.1609
39.43564738196752 19.1692
39.45929913825317 19.215
39.48295264543308 19.1909
39.506792718520884 19.0986
39.530449745387216 19.0087
39.55410852735203 19.0608
39.57776906581474 19.079
39.60161623079 18.9641
39.625280300200025 18.9209
39.64894613032202 18.9016
39.67261372255866 18.9512
39.6964680021016 18.863
39.72013913657293 18.7909
39.74381203738292 18.8669
39.76748670593756 18.8021
39.79134812278169 18.8728
39.81502634488497 18.7934
39.83870633896685 18.6784
39.862388106436654 18.669
39.88625668336918 18.5865
39.90994201572829 18.6256
39.933629125719285 18.5726
39.957503091207826 18.5018
39.9811937746168 18.5629
40.00488623990914 18.5006
40.02858048850006 18.4633
40.05246165409549 18.4248
40.076159487492085 18.3899
40.099859108448875 18.3558
40.123560518384345 18.3308
40.1474489070226 18.2916
40.171153913178564 18.2131
40.194860712584955 18.2367
40.2185693066637 18.257
40.242464941335314 18.2075
40.26617714307655 18.1304
40.289891143772046 18.133
40.3136069448471 18.1186
40.33750984859743 18.0663
40.3612292688043 18.0659
40.3849504936829 18.0441
40.40867352466194 18.0408
40.43258372059144 17.9421
40.45631038219906 17.9807
40.48003885420956 17.9077
40.503769138055105 17.8717
40.52768664931955 17.8677
40.55142057531802 17.8125
40.57515631746428 17.7926
40.599079334038514 17.7777
40.62281872700477 17.6667
40.64655994043941 17.6376
40.67030297578061 17.7107
40.69423334835778 17.7104
40.71798004609188 17.6504
40.74172857006355 17.6015
40.76547892171441 17.6274
40.7894166736039 17.574
40.813170699248566 17.5358
40.83692655691388 17.5041
40.86068424804498 17.5217
40.884629402612525 17.4243
40.908390779366385 17.4483
40.932153993938 17.3983
40.95591904777605 17.3313
40.979871628443995 17.3267
41.003640379561936 17.2671
41.02741097430883 17.2426
41.05118341413683 17.2918
41.075143444384416 17.221
41.098919593177826 17.1933
41.1226975914255 17.1635
41.14647744058318 17.1434
41.170444943946755 17.0508
41.19422851378379 17.0829
41.218013938914645 17.0585
41.24198706625173 17.018
41.26577622087193 16.9725
41.289567235177785 16.961
41.31336011063129 16.9221
41.337340752422875 16.8414
41.361137369129835 16.8392
41.38493585138705 16.8843
41.40873620066004 16.8006
41.43272438060107 16.7683
41.45652848292052 16.7224
41.48033445666918 16.6917
41.50414230331616 16.6848
41.528138045159764 16.6918
41.551949656675205 16.5902
41.575763145513235 16.5972
41.59957851314666 16.6028
41.62358184070442 16.5818
41.64740098505737 16.5393
41.6712220126409 16.4885
41.69504492493139 16.4368
41.71905586207357 16.4149
41.74288256296395 16.4532
41.766711153007456 16.4124
41.79054163368412 16.3646
41.814560204340054 16.3188
41.838394485526365 16.291
41.86223066180303 16.2951
41.88625497706819 16.2425
41.910094962812 16.265
41.93393684811168 16.1937
41.95778063445365 16.1215
41.981812625263366 16.1171
42.00566023303407 16.1345
42.029509746323676 16.0948
42.05336116662236 16.0983
42.077400857069705 16.0688
42.10125611078846 16.0259
42.12511327600405 16.0015
42.14897235421036 15.9213
42.173019768448455 15.8824
42.19688269209613 15.8525
42.22074753323349 15.8596
42.24461429335818 15.862
42.268669455600495 15.8268
42.292540073217886 15.8388
42.31641261433284 15.7799
42.34028708044675 15.7542
42.36435001496739 15.6909
42.38822835065557 15.6782
42.41210861586426 15.6642
42.4359908120986 15.645
42.46006154323262 15.5847
42.48394762115317 15.5794
42.507835634632315 15.6074
42.531912233047436 15.5725
42.55580413732265 15.5133
42.579697981698 15.4935
42.60359376768525 15.4587
42.62767820545945 15.4386
42.65157789440821 15.3854
42.67547952952185 15.355
42.699383112316 15.3529
42.72347541395347 15.3706
42.74738291190531 15.2739
42.771292362102166 15.3431
42.795203766063516 15.2534
42.819303956130405 15.2232
42.843219287476536 15.1989
42.86713657716324 15.1776
42.89105582671383 15.135
42.91516392983864 15.1274
42.939087119032166 15.1028
42.963012272677304 15.0477
42.98693939230129 15.0479
43.01105543317513 15.0624
43.034986504731386 14.9947
43.05891954686589 15.0141
43.08285456110972 14.9951
43.10697856448665 14.8598
43.130917542983475 14.8626
43.15485849820081 14.8737
43.17880143167367 14.8697
43.20293342237094 14.7513
43.226880332449 14.7006
43.25082922540554 14.7851
43.27496722682525 14.7482
43.29892010567796 14.6997
43.32287497204102 14.6419
43.34683182745632 14.6443
43.370977859791836 14.6085
43.39493871351105 14.5943
43.41890156092628 14.5218
43.44286640358341 14.5507
43.46702049182749 14.5214
43.49098934522816 14.4939
43.51496019852649 14.5133
43.5389330532723 14.4226
43.56309522248204 14.394
43.58707210044314 14.3859
43.61105098451946 14.3312
43.63503187626491 14.3552
43.659202151562134 14.2985
43.68318707902681 14.2904
43.70717401884041 14.2511
43.731162972560874 14.2088
43.75534137913236 14.2002
43.779334381108384 14.1639
43.803329401683186 14.1576
43.82732644241872 14.1631
43.8515130055166 14.1603
43.87551410707659 14.0983
43.89951723350145 14.0601
43.923709934595614 14.0629
43.94771713129917 13.9989
43.97172635758096 14.0207
43.99573761501002 13.9745
44.0199385169922 13.8897
44.04395385732619 13.8897
44.067971233533086 13.9244
44.09199064718605 13.8872
44.11619977548961 13.8524
44.14022328470671 13.7949
44.16424883610785 13.7983
44.18827643127035 13.8294
44.21249381139513 13.7754
44.236525514814076 13.724
44.26055926674478 13.7351
44.28459506876863 13.7179
44.3088207262813 13.6663
44.33286064928722 13.6222
44.35690262714919 13.6026
44.38094666145278 13.6258
44.4051806219871 13.6309
44.42922879003185 13.558
44.45327901929361 13.5139
44.477331311362136 13.5235
44.501573600619416 13.4641
44.525630039221795 13.4905
44.54968854541895 13.4795
44.573937102200176 13.3849
44.5979997645541 13.3996
44.622064499300315 13.3524
44.64613130803592 13.3217
44.67038823869318 13.3336
44.69445921643748 13.304
44.718532272981385 13.2705
44.742607409926194 13.2192
44.76687274034801 13.225999999999999
44.79095205918753 13.1371
44.81503346325094 13.1343
44.839116954143876 13.1392
44.86339071028742 13.1458
44.88747839599524 13.1192
44.91156817336837 13.0599
44.93566004401666 13.0641
44.959942251908146 13.0296
44.984038330325966 13.0203
45.00813650686762 12.9839
45.03223678314731 12.9413
45.05652746888232 12.9328
45.08063196592069 12.9339
45.104738567558705 12.8767
45.128847275414856 12.8947
45.15314646515866 12.8068
45.17725940679741 12.8049
45.20137445952892 12.8174
45.22568004865265 12.7808
45.24979934496396 12.7561
45.27392075725247 12.731
45.29804428714431 12.7298
45.322358426247604 12.698
45.346486212804315 12.6649
45.370616121861914 12.6773
45.39474815505086 12.6269
45.41907087049246 12.5683
45.4432071734666 12.5961
45.46734560548283 12.5293
45.49148616817604 12.5132
45.51581748638564 12.5085
45.5399623320197 12.4862
45.56410931325473 12.4322
45.58825843173002 12.4795
45.61259837920865 12.4653
45.636751793816 12.4158
45.66090735060093 12.39
45.68506505120716 12.3372
45.7094136545275 12.3406
45.73357566449271 12.2868
45.75773982322992 12.3293
45.78190613238733 12.296
45.806263418194064 12.2005
45.83043404997326 12.2271
45.85460683713677 12.2021
45.87897065658495 12.1726
45.90314777634752 12.1358
45.92732705646868 12.1529
45.9515084986045 12.1165
45.97588104735473 12.095
46.00006683541565 12.0595
46.02425479047904 12.0597
46.04844491420549 12.0061
46.0728262191024 12.0269
46.09702070211635 12.001
46.12121735879483 12.0072
46.14541619080294 11.9498
46.169806278764455 11.9151
46.194009483459034 11.9394
46.21821486849841 11.8728
46.24242243555223 11.7977
46.266821333570014 11.8327
46.29103328674601 11.8069
46.31524742696538 11.8025
46.33946375590237 11.7498
46.36387149104216 11.7376
46.38809221957392 11.6939
46.41231514186606 11.7084
46.436540259597464 11.7279
46.460956858999374 11.6756
46.48518638983522 11.6547
46.509418121166966 11.6299
46.533652054678114 11.5916
46.55807754555709 11.5966
46.58231590571962 11.5653
46.60655647313217 11.5077
46.630988654873654 11.4864
46.655233659129024 11.4976
46.67948087571551 11.4959
46.70373030632484 11.4271
46.72817142736393 11.4135
46.752425308428684 11.3987
46.77668140861147 11.3952
46.80093972960865 11.3553
46.82538981736788 11.3618
46.849652602470904 11.2948
46.87391761349769 11.3033
46.8981848521493 11.2989
46.9226439341274 11.2568
46.946915650573224 11.2053
46.97118959976749 11.2033
46.99546578341598 11.2081
47.019933887188216 11.1839
47.04421456235744 11.1522
47.06849747711879 11.1641
47.09278263318286 11.1594
47.11725978640143 11.0994
47.14154944775105 11.0725
47.165841355555656 10.99
47.1901355115306 10.9621
47.214621741924994 11.0054
47.23892041698887 10.957
47.26322134538975 10.9712
47.28771440635075 10.9765
47.31201986422527 10.9509
47.33632758061436 10.9067
47.360637557241866 10.8652
47.38513974410611 10.8837
47.40945426407847 10.8335
47.43377104948137 10.8375
47.45809010204344 10.7579
47.48260144275502 10.7582
47.506925052572285 10.7792
47.53125093475548 10.7387
47.55557909103813 10.7272
47.58009961361992 10.694
47.60443234110732 10.6648
47.62876734791564 10.6439
47.65310463578333 10.6537
47.6776343683373 10.6138
47.7019762413987 10.562000000000001
47.72632040075572 10.5669
47.75066684815169 10.5841
47.77520581885936 10.5382
47.799556865477655 10.5078
47.823910205386 10.5032
47.84826584033272 10.4794
47.87281407745551 10.4554
47.89717432569297 10.4726
47.92153687423484 10.409
47.94609208429692 10.4182
47.97045925671401 10.3812
47.99482873471275 10.3534
48.01920052005013 10.3237
48.04376504619224 10.3349
48.068141469543484 10.3617
48.09252020552573 10.3455
48.11690125590099 10.3063
48.1414751266064 10.2949
48.16586082917454 10.2687
48.19024885144316 10.225
48.2146391951793 10.2079
48.239222439012764 10.2168
48.26361744916137 10.1474
48.28801478610016 10.1521
48.31241445160131 10.1088
48.337007097209366 10.105
48.36141144338331 10.1027
48.38581812345755 10.0759
48.41022713920929 10.0832
48.434829215320704 10.0772
48.45924292604658 10.0504
48.48365897780325 10.01
48.50807737237308 9.981160000000001
48.532688907799276 10.0138
48.55711201168574 9.94228
48.581537463754074 9.97281
48.60615611725119 9.95674
48.63058628942721 9.91323
48.65501881516546 9.89551
48.6794536962573 9.86706
48.70408185970339 9.82715
48.72852147531801 9.81043
48.75296345168211 9.81458
48.77740779059232 9.78375
48.80204549302823 9.80194
48.82649458091802 9.76098
48.85094603676547 9.70358
48.87539986237231 9.7049
48.90004713292306 9.69337
48.92450572200832 9.676210000000001
48.94896668628025 9.66929
48.97343002754588 9.6338
48.99808689542115 9.654160000000001
49.02255501470614 9.64396
49.04702551642794 9.62075
49.0714984023988 9.59816
49.096164896893235 9.54347
49.120642575466796 9.55988
49.145122643748394 9.516680000000001
49.16960510355558 9.48113
49.19428125404938 9.4521
49.2187685210852 9.46815
49.243258185121555 9.4845
49.26794160167084 9.45635
49.2924360839405 9.38214
49.31693296869764 9.38584
49.34143225776915 9.38389
49.36612538195438 9.33814
49.39062950396021 9.33196
49.41513603578346 9.31976
49.4396449792564 9.2725
49.46434784069503 9.28306
49.488861631846454 9.27469
49.513377840166804 9.26182
49.537896467493745 9.21461
49.56260909589029 9.17188
49.587132585683285 9.17778
49.611658500018365 9.152989999999999
49.636186840738596 9.134960000000001
49.66090926588511 9.1648
49.685442483902584 9.11567
49.70997813385706 9.082469999999999
49.734516217597076 9.07237
49.75924846937352 9.04846
49.7837914452858 9.011289999999999
49.80833686055187 9.036439999999999
49.83288471702571 8.997869999999999
49.85762682540054 9.00181
49.882179588965734 8.959710000000001
49.9067347993235 8.91906
49.93129245833333 8.94779
49.95604445336378 8.938889999999999
49.98060703442832 8.90771
50.005172069746266 8.87827
50.02993150438364 8.88268
50.05450147301533 8.87327
50.07907390151433 8.83129
50.10364879174981 8.81299
50.12841816587289 8.78288
50.1529980044635 8.79387
50.17758031042124 8.80085
50.20216508562089 8.77164
50.22694442953363 8.75713
50.25153416817468 8.73445
50.27612638170508 8.700569999999999
50.300721072005196 8.68379
50.325510416102105 8.6638
50.350110084975064 8.628969999999999
50.37471223628208 8.644
50.39931687190919 8.611260000000001
50.424116246675766 8.62761
50.44872587605249 8.60748
50.47333799543065 8.5732
50.49795260670191 8.58433
50.52276204271512 8.5036
50.54738166295838 8.52144
50.57200378079314 8.50842
50.596628398116835 8.49395
50.62144792604559 8.501330000000001
50.646077567609396 8.46411
50.670709714377715 8.4577
50.69553683636198 8.43864
50.72017401885922 8.40602
50.7448137122895 8.433810000000001
50.76945591856022 8.38691
50.79429318636823 8.3589
50.818940443716784 8.36875
50.84359021965163 8.323319999999999
50.868242516085964 8.276589999999999
50.893089960641895 8.30682
50.917747323549435 8.26503
50.94240721271973 8.25198
50.96706963007175 8.24167
50.99192728239342 8.22547
51.01659478166073 8.25997
51.04126481489051 8.23828
51.06593738400761 8.19307
51.090805275207074 8.18256
51.11548294172845 8.17028
51.14016314993547 8.133560000000001
51.164845901758845 8.09816
51.18972406304274 8.08516
51.21441192780656 8.06906
51.23910234200271 8.09752
51.2637953075678 8.03614
51.288683770237945 8.02401
51.31338186432707 7.99719
51.33808251561888 7.992489999999999
51.362978729967345 8.00205
51.387684521509755 7.968310000000001
51.41239287610203 7.9851
51.437103795691165 7.9527
51.46201036644977 7.9356800000000005
51.486726441956634 7.86004
51.51144508832545 7.86181
51.536166307509156 7.8865300000000005
51.56108326624387 7.84819
51.58580965706056 7.82022
51.61053862657523 7.82194
51.635270176746864 7.824260000000001
51.66019755512065 7.8256
51.68493429268881 7.79962
51.70967361681515 7.782360000000001
51.73441552946465 7.74308
51.759353359237934 7.71783
51.7841004750961 7.7489
51.80885018539685 7.692639999999999
51.833602492111254 7.67382
51.8585508051424 7.662610000000001
51.883308330926425 7.65083
51.90806845906181 7.628239999999999
51.932831191525715 7.63583
51.95779001977161 7.6131899999999995
51.98255798721516 7.5666899999999995
52.00732856494335 7.531339999999999
52.03229530577543 7.51209
52.057071130455945 7.52849
52.081849571391054 7.53138
52.106630630568695 7.504980000000001
52.13160794279417 7.44503
52.15639426492067 7.4687399999999995
52.18118321127822 7.47532
52.205974783860896 7.4695100000000005
52.23096269971011 7.451280000000001
52.255759551287994 7.42595
52.280559035098186 7.4368
52.30536115314103 7.41677
52.33035970494467 7.35969
52.35516711807904 7.376689999999999
52.37997717147198 7.323239999999999
52.40478986713005 7.35337
52.42979908731974 7.304139999999999
52.454617094216 7.307460000000001
52.47943774942214 7.280689999999999
52.50426105495102 7.28459
52.529280976059844 7.243110000000001
52.554109609024096 7.23683
52.57894089837482 7.215110000000001
52.60377484613117 7.215
52.62880550079408 7.168589999999999
52.65364479223379 7.15717
52.67848674816189 7.1322399999999995
52.70352547971946 7.1467
52.72837279155837 7.169569999999999
52.753222773982785 7.12125
52.778075429022984 7.0967
52.80312495150885 7.06918
52.827982978797436 7.02216
52.85284368481815 7.04396
52.87770707160767 7.0369399999999995
52.90276741793998 7.02465
52.92763619336701 6.964810000000001
52.952507655698504 6.950260000000001
52.977381806977576 6.9522
53.00245301017842 6.97193
53.02733256653592 6.96777
53.052214817996074 6.94884
53.077099766608484 6.92172
53.102181859804446 6.90998
53.127072229988265 6.89825
53.15196530349892 6.8916
53.17686108239249 6.884010000000001
53.20195409881522 6.849889999999999
53.22685531582556 6.8853
53.25175924441303 6.829610000000001
53.27666588664027 6.812589999999999
53.30176985962693 6.78555
53.3266819565689 6.79219
53.35159677336455 6.80943
53.376514312083096 6.74702
53.40162927507703 6.74965
53.42655228516116 6.77004
53.45147802340193 6.71634
53.47660125628886 6.676089999999999
53.50153247842639 6.645289999999999
53.52646643496923 6.66068
53.55140312799818 6.63161
53.576537409691696 6.60325
53.60147960336152 6.594939999999999
53.626424539786164 6.595039999999999
53.65137222105307 6.6095
53.67651758529126 6.5982
53.70147078399681 6.53723
53.72642673383343 6.57103
53.75138543689533 6.52618
53.776541917524526 6.4968
53.801506154876755 6.49549
53.826473151763246 6.42136
53.851442910284916 6.42373
53.87661054126026 6.42342
53.9015858509782 6.42039
53.92656392866066 6.41702
53.95154477641532 6.389819999999999
53.976723591801296 6.41001
54.00171000771266 6.32541
54.02669920004598 6.38031
54.051691170915745 6.33004
54.076881204886796 6.3465
54.101878760928514 6.328790000000001
54.12687910187696 6.30126
54.152077577768296 6.24817
54.1770835166946 6.27273
54.20209224691339 6.31034
54.22710377055121 6.2756099999999995
54.25231352511594 6.23592
54.27733066384342 6.20245
54.30235060239643 6.20351
54.32737334290836 6.15741
54.35259441062629 6.10629
54.377622783395324 6.14734
54.40265396455061 6.12852
54.42768795623251 6.068309999999999
54.45292037169559 6.0759300000000005
54.477960012857906 6.04231
54.50300247099511 6.03679
54.52804774825457 6.013330000000001
54.55329154616743 5.98249
54.57834249018678 5.97715
54.6033962597977 5.93754
54.6284528571545 5.8862
54.653708072335164 5.84098
54.67877035378786 5.89502
54.70383546947698 5.82584
54.72890342156389 5.82714
54.7541700889442 5.765569999999999
54.77924374251975 5.78552
54.8043202390049 5.78445
54.82959552413022 5.74791
54.8546777351945 5.70981
54.87976279569621 5.68347
54.90485070780914 5.74098
54.930137506558005 5.66299
54.95523115074295 5.6721699999999995
54.98032765308844 5.62402
55.005427015775496 5.669980000000001
55.03072536339621 5.65939
55.05583047570572 5.52396
55.080938454927676 5.55545
55.10604930325027 5.53905
55.131359235107396 5.52573
55.15647585066083 5.471419999999999
55.181595341907496 5.513319999999999
55.20671771104285 5.47206
55.232039262617704 5.4076699999999995
55.25716741665048 5.38945
55.28229845518636 5.35418
55.30743238042802 5.3417900000000005
55.33276558731939 5.3202
55.357905315183636 5.32455
55.383047936390035 5.25737
55.40819345314859 5.25579
55.433538351073295 5.25361
55.458689688238415 5.20045
55.483843927614096 5.19913
55.509197623043605 5.23691
55.53435769621134 5.18124
55.55952067826466 5.10931
55.5846865714265 5.0904300000000005
55.61005202069737 5.0879900000000005
55.63522376553902 5.07604
55.66039842818645 5.03099
55.68557601087004 5.03397
55.7109532500271 4.9349300000000005
55.73613670233794 5.03129
