TT I
1.2716486653135266 7.1292100000000005
1.2939594142134223 6.964689999999999
1.3162702121660406 6.698239999999999
1.3385810600174564 5.94897
1.3608919586137629 6.027340000000001
1.383202908801069 6.48805
1.405513911425503 5.932519999999999
1.4278249673332093 5.59405
1.4501343378461518 5.5718
1.4724455028545926 5.46387
1.4947567236847858 5.77234
1.517068001182951 5.7449
1.5393793361953272 5.42526
1.5616907295681737 6.037059999999999
1.5840021821477681 5.8841
1.60631369478041 4.915
1.6286252683124185 5.09636
1.6509369035901333 4.87244
1.6732468618895553 4.84302
1.695558623192809 4.06982
1.7178704487808514 4.90838
1.7401823395001077 4.41298
1.7625012545597203 3.9210000000000003
1.7848028405262486 4.1706900000000005
1.8071218901122095 4.34703
1.8294236121921872 3.92755
1.8517427996910911 4.34018
1.8740620574440425 4.9785900000000005
1.8963639900671978 4.23269
1.9186833908139995 4.586119999999999
1.9409854680117449 4.51344
1.9633050151394713 4.84561
1.9856246367570705 4.3961
2.0079269371922672 4.110130000000001
2.03024671027244 4.02116
2.0525491637446027 3.9056300000000004
2.074869091674931 3.88332
2.097171701569106 4.01092
2.1194917877373847 4.28089
2.141811954326636 4.29976
2.164114805233074 4.10573
2.186435135143035 4.08009
2.208738150935709 4.8650199999999995
2.231058647554722 6.41252
2.2533792288321184 5.9877400000000005
2.275682498336085 5.36259
2.298003251406138 4.83387
2.3203066942619714 5.13558
2.3426276225136022 4.77022
2.3649486396617507 5.88879
2.387252348930071 5.76269
2.4095735463442893 5.8378
2.4318774374315884 6.051069999999999
2.4541988185014043 6.645630000000001
2.476502894794693 6.89336
2.498824462909887 7.025919999999999
2.521146125856138 6.676130000000001
2.5434504863470337 7.303710000000001
2.5657723414244717 7.48568
2.588076895590662 8.27016
2.610398946189713 8.15598
2.6327210958598384 8.22467
2.6550259469304716 8.53731
2.6773482972090137 8.15006
2.6996533504259 8.194519999999999
2.7219759047039602 8.78369
2.744298562293959 8.435410000000001
2.7666039251246595 8.639
2.7889267918020164 7.412730000000001
2.8112323652516555 7.8333
2.833555444408179 8.46257
2.8558786311183852 8.12549
2.8781845268938557 8.93726
2.9005079311721484 9.21711
2.9228140460410397 9.08821
2.9451376712799635 9.05522
2.967444008632326 9.4708
2.9897678582247247 9.82615
3.0120918213106695 9.51413
3.0343984987899373 10.0791
3.0567226913198637 10.8035
3.079029599759726 11.2893
3.101354025127254 12.2783
3.123678568232338 12.6995
3.145985829517914 12.2401
3.16831061055229 13.2926
3.1906181112775593 13.2081
3.212943133635653 13.8981
3.2352682779763207 14.3086
3.2575761442691227 14.761
3.2799015350264273 15.2075
3.302209649240067 15.3065
3.3245352898092655 15.74
3.3468436553365257 16.3275
3.369169549113219 16.6995
3.3914955708171384 17.8834
3.413804319727358 18.1706
3.4361305997334863 18.2328
3.4584396084414553 18.9788
3.4807661501462652 19.5465
3.503092824025881 19.9807
3.5254022288463154 20.1475
3.5477291695206588 20.0436
3.5700388426251948 20.3168
3.5923660534916446 20.8541
3.6146934007816114 22.5871
3.637003482731501 27.4771
3.6593311053109985 29.8514
3.681641464033634 26.4066
3.7039693653009733 24.315
3.726297407241705 23.8205
3.7486081875460804 24.3377
3.7709365132734978 24.5637
3.793247578841633 25.2256
3.8155761917550093 25.5387
3.8378875459837216 25.3805
3.8602164494827234 26.01
3.882545499606844 26.9692
3.9048572932539183 27.7644
3.9271866390645718 27.6492
3.9494987298666713 28.4273
3.971828374764527 28.8653
3.9941581705403255 29.0623
4.016470713506008 29.6988
4.038800813471445 29.9876
4.061113662089144 30.7195
4.0834440696459176 31.5737
4.105774632334751 31.717
4.128087945865126 32.2266
4.150418821249301 33.2779
4.172732448931298 33.85
4.195063640413578 34.6407
4.2173775856475215 35.3705
4.239709096631102 37.7164
4.262040768704612 52.2091
4.284355196706267 63.5171
4.306687193387355 56.4515
4.329001947444346 43.7046
4.35133427213731 40.6681
4.373666762177566 40.4158
4.395982011761091 40.8192
4.418314834921175 41.6567
4.44063041906622 43.2796
4.4629635787515625 45.3222
4.4852969080429785 46.1756
4.5076130004776225 46.1734
4.529946671403969 47.0169
4.552263106909177 47.3613
4.574597122877047 48.5668
4.596931312711224 49.7127
4.619248269273446 50.8195
4.6415828092605835 51.7304
4.663900117405352 52.9016
4.686235010953232 54.1646
4.708552674085913 55.3273
4.730887924602802 57.1126
4.753223354952695 58.2052
4.775541557023902 59.6495
4.797877349456786 61.2953
4.820195915032126 62.9048
4.842532072957498 64.1569
4.864868414979744 66.134
4.88718753227192 68.5611
4.909524244902505 70.2469
4.931843734218147 71.8796
4.954180820867835 74.554
4.976518095879839 77.6989
4.998838149695359 79.9078
5.021175803844231 83.0699
5.043496238205739 86.4567
5.065834274903528 90.0795
5.088172504230693 93.7251
5.1104935158799565 98.3031
5.132832132875765 106.21700000000001
5.155153533596801 118.796
5.1774925416746225 138.151
5.199814334878411 234.338
5.2221537374521505 824.4110000000001
5.244493338631803 2573.0
5.266815727034316 7328.59
5.289155727832427 13741.0
5.311478517248165 9679.73
5.333818921080011 3303.23
5.356159527788849 657.977
5.3784829252032536 200.614
5.400823940070432 142.532
5.423147747031976 123.49600000000001
5.445489173474152 113.48
5.467830807066149 108.463
5.490155234831516 105.09899999999999
5.512497285125229 101.34899999999999
5.534822130975162 99.6846
5.557164601388673 97.7394
5.579489868738879 94.6663
5.601832762690846 93.5708
5.6241758697774475 91.9777
5.646501775867269 91.1847
5.668845311622074 90.6325
5.691171647754637 89.8328
5.713515615597765 89.1489
5.735859800852677 88.274
5.758186788542988 87.436
5.780531411018185 87.2051
5.802858837297399 87.1899
5.825203900414495 86.8493
5.8475491852224 86.8717
5.869877275883075 87.62799999999999
5.892223006467101 88.2132
5.914551544266608 89.0774
5.936897724049891 90.7991
5.959244129804903 95.4028
5.981573344815301 107.186
6.0039202049061 166.585
6.026249875609095 402.895
6.04859719346037 906.7719999999999
6.070927323278297 2078.03
6.093275102315365 4462.98
6.115623113320588 5512.29
6.137953938319995 3648.22
6.160302415650845 1079.83
6.182633708324452 238.856
6.2049826554078376 109.306
6.227331838745022 86.8697
6.249663839443684 79.8601
6.27201349767565 76.167
6.294345974611799 74.3604
6.316696111167083 73.084
6.339046488263839 72.2074
6.361379686074702 69.322
6.383730546639482 67.0168
6.406064229255215 65.0488
6.428415576718203 64.8285
6.450749747566656 63.72
6.47310158535871 62.7419
6.495453669698332 62.1332
6.517788579421056 61.6584
6.540141159237969 60.3093
6.562476565766648 59.5043
6.5848296444934045 59.0428
6.607182974060425 58.7723
6.6295191323281015 58.4022
6.651872965955752 57.797
6.6742096296068985 58.8257
6.6965639707294615 63.315
6.71891856698715 64.3524
6.741255995248479 60.1012
6.763611104154477 56.6553
6.785949046381137 55.4501
6.808304671371482 54.3699
6.8306605557940046 54.4678
6.852999275508618 53.9302
6.875355681171544 53.6092
6.897694923437771 53.4354
6.92005185377892 53.4734
6.9423916220322655 53.4978
6.964749080490181 53.0489
6.987106804399774 52.5296
7.009447368180821 52.8256
7.031805625367033 51.9101
7.054146723727803 52.3648
7.076505517631004 52.281000000000006
7.098864581288365 52.3726
7.121206488070854 51.788000000000004
7.143566093607822 51.7083
7.165908543567245 52.0585
7.188268694426048 51.5369
7.2106291193438095 51.067
7.232972390625943 51.3162
7.255333366030969 51.7208
7.277677189091925 56.0093
7.300038718428332 61.923
7.322400526130865 60.9208
7.344745183422596 55.6529
7.367107550224791 52.603
7.389452767901992 51.7059
7.411815697249891 51.6264
7.434161478756298 51.0514
7.456524974096713 51.0919
7.478888753837185 51.5217
7.501235387657368 52.9107
7.523599738562711 57.5345
7.545946944825532 67.0119
7.568311870344528 69.7158
7.5906770845765665 63.7335
7.613025156078678 56.2234
7.635390950099687 53.7295
7.657739602662809 52.9781
7.680105979923558 52.9567
7.702472650212829 53.5595
7.724822180948224 53.1467
7.747189439655568 53.0204
7.769539560075357 53.3561
7.791907410653562 53.839
7.81425812420825 53.8927
7.836626570110925 54.3609
7.858995315087906 55.1477
7.881346924933401 55.3389
7.903716270417482 55.7972
7.926068482028405 55.7805
7.948438431475253 56.1926
7.9708086843180235 56.9238
7.993161805171116 57.626999999999995
8.015532667162402 57.8822
8.037886398416653 58.7815
8.060257873014221 59.0918
8.082629655331942 59.8053
8.104984308787587 60.6571
8.127356708900503 61.0558
8.149711981398308 62.5293
8.172085002766314 63.6038
8.194458336181368 64.2457
8.216814543847752 64.7226
8.23918850371002 65.9863
8.26154533906492 66.9605
8.283919928836452 68.3756
8.306277395339652 69.2323
8.328652618483376 70.4448
8.351028159736202 72.4581
8.373386579575245 74.7892
8.395762759396959 75.786
8.418121819038275 78.1357
8.440498640894003 81.6158
8.462875785192262 86.6913
8.485235811156207 95.2254
8.507613602688501 130.60399999999998
8.529974277114228 234.71
8.552352719347912 386.55
8.574731488360351 630.561
8.59709314210385 1123.72
8.619472567021075 1874.68
8.64183487789147 2314.18
8.664214962183097 1969.5
8.686577933647762 1088.29
8.708958680784317 409.495
8.731339760774953 170.843
8.753703729764451 108.429
8.77608547780821 94.9809
8.798450116065078 91.5346
8.820832535634787 88.6106
8.843215292401656 87.0468
8.865580941199045 85.8097
8.887964374703538 84.4256
8.910330701447199 83.902
8.932714815164482 83.381
8.955099270424924 82.6564
8.977466620733543 81.7468
8.999851761421976 81.1403
9.022219798361645 80.3935
9.04460562795561 80.2015
9.066991803441677 79.7434
9.089360876979615 79.7967
9.111747746589993 79.7999
9.13411751544971 79.2471
9.156505082664324 79.218
9.178875550323522 79.8245
9.20126381862328 81.5899
9.223652438908596 90.0884
9.246023961427412 103.095
9.26841328802173 108.354
9.290785518039224 99.01700000000001
9.313175554425882 87.2126
9.335565947154315 81.0389
9.357939245086508 79.9766
9.380330352834827 79.7489
9.40270436697103 79.9166
9.425096193225055 80.3337
9.447488380180165 81.1653
9.469863475295412 80.9549
9.492256385987508 81.1889
9.514632206018318 81.8261
9.537025843935714 82.0444
9.559402392368193 82.2462
9.581796761000229 83.6779
9.604191496441521 84.1557
9.626569144158516 84.7734
9.648964615551032 85.8752
9.671343000390081 87.1854
9.693739211225699 87.7775
9.716135793237463 88.1698
9.738515290448102 88.7817
9.760912617143402 90.0445
9.783292860202891 90.9632
9.805690935076182 91.9177
9.828089385495742 92.5842
9.850470754023561 94.6912
9.872869957865444 96.6415
9.89525208097539 99.4577
9.917652041736662 103.15799999999999
9.940052382417589 106.78399999999999
9.962435644102392 115.95299999999999
9.984836746950979 148.95
10.007220771957746 230.666
10.029622640473708 354.83099999999996
10.052007432299963 527.23
10.074410069984072 788.9780000000001
10.096813093716005 1214.36
10.119199042482517 1769.02
10.141602840636468 2078.2
10.163989564971628 1687.86
10.186394141051062 994.863
10.208799107559706 430.329
10.231187001965623 195.71200000000002
10.253592751657669 124.10600000000001
10.275981430388155 107.367
10.298387966769793 103.291
10.320794897965431 102.70200000000001
10.343184759907361 101.27
10.36559248305461 99.1213
10.387983138083852 98.2597
10.410391656691655 99.2935
10.432800574501677 108.81
10.455192425893369 131.347
10.47760214443012 163.919
10.499994797678786 207.34099999999998
10.522405320453982 277.71
10.54479877906917 391.733
10.567210109595656 518.393
10.5896218454736 600.038
10.612016518879773 570.826
10.634429067781074 393.11300000000006
10.656824555333241 227.102
10.679237920773568 139.50799999999998
10.701651695961992 102.78399999999999
10.724048411481384 91.8039
10.746463008485165 85.6771
10.768860546937125 82.4377
10.791275969274796 80.25
10.81369180576079 79.2606
10.836090585366925 78.0111
10.858507252467449 76.7908
10.88090686379991 75.6098
10.903324365036394 74.8527
10.925724811614439 73.8834
10.948143150509463 73.8534
10.970561909719066 72.827
10.992963615930844 72.1703
11.015383218085756 70.8831
11.037785768347074 70.0044
11.06020621697282 69.6306
11.082627090322113 69.2396
11.105030913430326 68.7766
11.12745263854165 67.7577
11.149857314510728 67.018
11.172279894912576 68.1272
11.194702904450653 67.4554
11.217108866490921 66.5825
11.239532736615194 65.8147
11.26193956033512 65.3641
11.284364294577085 64.9135
11.306789462371718 64.3748
11.329197585398376 63.9139
11.351623622610898 64.0451
11.37403261614354 63.401
11.396459526308487 63.3174
11.418869393879497 62.8966
11.441297180532617 62.4828
11.463725406927658 62.0316
11.486136592353875 62.0037
11.508565700543707 61.5171
11.530977768845315 61.9147
11.553407762368774 61.6066
11.575838200059769 61.5955
11.598251599479612 61.2191
11.620682927815501 60.6731
11.64309721895548 60.8072
11.665529441478206 60.42
11.687962112597958 60.3764
11.710377748130886 60.526
11.732811318753434 60.3476
11.755227854859067 60.0761
11.777662328529495 60.1586
11.800079768750786 59.8291
11.822515149015453 59.7032
11.844950984084935 60.1329
11.867369787303163 60.0152
11.889806534289491 60.235
11.912226250487029 61.8871
11.934663912939751 64.579
11.9571020346363 66.9082
11.979523127133968 67.1523
12.001962169624331 65.6474
12.024384183972964 63.451
12.046824150809913 64.5928
12.069264581333726 69.9634
12.091687985297767 77.7449
12.11412934550045 87.4117
12.136553680195208 100.45299999999999
12.158995973632788 122.074
12.181438735204349 148.045
12.20386447284199 179.732
12.226308172985636 202.02599999999998
12.24873485024193 207.03400000000002
12.271179492516982 172.11900000000003
12.293607112949127 131.955
12.316052700916226 95.1148
12.338498763250042 73.278
12.360927805303868 64.6134
12.383374818673879 62.3566
12.405804812803074 61.4994
12.428252780773262 61.5041
12.45070122756722 61.2106
12.473132656675375 61.2644
12.49558206341869 61.4042
12.518014453510101 61.4447
12.540464823770117 61.6811
12.562915677315177 61.667
12.58534951575545 62.1881
12.607801338171472 62.3604
12.630236146511358 63.0698
12.652688941369085 63.8432
12.675124723177234 64.3507
12.697578494048786 64.5843
12.720032754458185 64.1316
12.742470003354093 64.5285
12.764925245138771 64.7586
12.787363476431278 64.8683
12.809819703166806 65.4197
12.83227642391173 66.4182
12.854716135692716 66.9427
12.877173846755147 67.6068
12.899614549869717 68.3213
12.9220732548287 69.1151
12.94453245827299 69.5342
12.966974655289818 70.5085
12.989434858002571 71.2277
13.011878055298721 71.8677
13.034339260862497 72.9937
13.056800969391883 74.2992
13.079245674017244 76.8268
13.101708390774869 78.5524
13.12415410463411 82.9134
13.146617833206086 93.3216
13.169064559883248 109.10700000000001
13.191529303857127 127.807
13.213994557076367 150.859
13.236442809902437 184.138
13.258909083908291 233.738
13.28135835851934 296.47
13.30382565690295 374.675
13.326293469022952 443.659
13.348744283242008 450.061
13.371213125129904 376.699
13.39366497011003 275.156
13.416134845360597 180.39
13.438605238843131 124.005
13.46105863690397 101.931
13.483530069144786 99.4298
13.505984506951902 107.964
13.528456981549432 121.45299999999999
13.550929978879088 137.91899999999998
13.573385983253365 159.305
13.595860028340867 191.68
13.618317081455832 239.28599999999997
13.64079217790333 302.193
13.663250283359057 359.144
13.685726434770173 391.78
13.708203115221277 356.417
13.730662806148091 284.423
13.75314054697177 202.37599999999998
13.775601299246777 136.894
13.798080104050406 99.2873
13.820559442405358 84.5968
13.843021793671388 79.6721
13.865502201420897 77.9988
13.887965623051947 77.23
13.910447103807167 76.0341
13.932929122629764 74.8754
13.955394156785959 74.5108
13.977877254034569 73.6922
14.000343367582113 72.98100000000001
14.022827546871707 72.3217
14.045294743423524 71.5389
14.06778000837062 71.0364
14.090265817715476 71.2702
14.112734645763819 71.4893
14.13522154619454 73.1832
14.157691466286913 74.5422
14.180179461423874 74.548
14.202668005486178 72.7602
14.22513957064374 70.3677
14.247629214846473 68.9036
14.270101881097517 68.1456
14.29259262906496 67.8815
14.315083930490205 67.7742
14.337558255389705 67.5774
14.360050666019726 67.5391
14.382526101071944 66.8981
14.405019624534942 66.5772
14.427513705993134 66.4445
14.449990813291825 66.7684
14.47248601302899 66.5699
14.49496423954951 66.4734
14.517460561197822 66.7859
14.539939910570322 66.4922
14.562437357763558 66.5202
14.58493536931253 66.7341
14.607416409993311 66.7365
14.62991555254159 67.3565
14.652397725157423 67.4328
14.674898002342799 67.8517
14.697398848433282 67.9561
14.719882725991326 68.5976
14.74238471217934 68.8095
14.764869730765593 71.0077
14.787372860692983 74.9805
14.809876564079925 81.7148
14.83236330125751 89.7042
14.854868153850365 98.8496
14.877356041159485 111.78
14.899862046604186 127.404
14.922351087688757 150.315
14.944858249632887 181.267
14.967365991421232 210.305
14.989856770231246 228.63
15.012365673994204 225.52700000000002
15.03485761569738 196.84099999999998
15.05736768508665 156.38
15.07987833888692 119.337
15.102372032001655 92.8251
15.124883856909658 76.8783
15.14737872204565 70.9235
15.169891721717274 68.7843
15.192405310371893 67.9982
15.214901940621196 67.1909
15.237416709527137 66.7189
15.259914520936249 66.6373
15.282430473753607 65.8958
15.304947020131227 65.3782
15.327446610371178 65.2384
15.349964346154254 64.633
15.372465126703139 64.5993
15.394984055556009 64.5341
15.417486030076159 64.4995
15.44000615566487 64.0446
15.462526881230803 63.8154
15.485030653812652 63.7295
15.507552581617434 63.5883
15.530057557334603 63.7724
15.55258069104857 63.8071
15.575104429329837 63.8698
15.597611216864632 63.5264
15.620136166564563 63.7263
15.6426441664095 64.2351
15.665170331202765 65.5923
15.687697105158826 69.1651
15.710206930593545 74.4063
15.732734925158933 80.3236
15.755245972089478 87.5666
15.77777519094324 96.1284
15.800287463046663 107.446
15.822817909869592 124.62899999999999
15.84534897229804 144.767
15.867863089299354 170.417
15.890395385222186 191.517
15.912910736597423 202.483
15.935444269699861 192.893
15.957978423016485 166.50799999999998
15.980495633101265 132.995
16.003031029129367 102.738
16.02554948280019 80.3478
16.048086125229432 68.8981
16.070623392487107 64.4295
16.09314371869582 62.7061
16.11568223789321 61.1514
16.13820381691126 60.0688
16.160743591742527 59.1859
16.183283996022084 58.5692
16.205807461423195 57.527
16.228349126881973 57.0782
16.25087385432698 56.9758
16.27341678466365 56.4244
16.29594277784926 56.1819
16.31848697676433 55.7748
16.341031811604868 55.536
16.36355971058487 55.2261
16.3861058195587 55.1255
16.40863499352978 54.648
16.431182380342005 54.4159
16.453730407713202 54.0634
16.476261501364792 53.864
16.498810812136167 53.5099
16.52134319004079 53.8019
16.54389378792203 53.615
16.566445031001553 53.5659
16.588979342490088 53.3952
16.61153187824822 53.1824
16.634067483263312 53.1265
16.656621315414416 53.144
16.679175797408888 52.7593
16.701713349928728 52.8483
16.72426913389191 52.9402
16.74680798922351 53.1045
16.76936507887444 53.0783
16.791905240734874 52.8258
16.814463639794468 52.9329
16.837022695210294 52.9835
16.859564824093756 53.1477
16.882125194503903 53.1584
16.904668639217885 53.7984
16.927230328348003 54.0256
16.949792678493612 54.287
16.972338104193863 54.1624
16.994901778652235 54.0923
17.017448529496576 53.8201
17.040013531998152 54.1923
17.06257920018044 54.1446
17.0851279459922 55.0526
17.107694947817667 56.2843
17.130245028099072 57.3944
17.15281336730298 58.9184
17.17536478578733 60.5581
17.19793446610687 62.5598
17.220504818648422 65.2674
17.243058251703697 68.0762
17.265629950971032 72.73899999999999
17.288184731571736 77.8088
17.310757781306908 82.0729
17.33333150794385 83.5356
17.355888317140174 82.8369
17.37846339986244 78.3672
17.401021565958885 71.4965
17.42359800851343 65.63600000000001
17.44617513265564 61.5007
17.468735341390783 59.1309
17.491261035594565 57.7029
17.51396340099364 57.2418
17.536490463869136 57.2731
17.559018209820174 57.431000000000004
17.58154663977963 57.582
17.604251766089718 57.7055
17.626781572227713 57.8601
17.64931206518155 57.9885
17.671843245885103 58.3699
17.69455114821572 58.4945
17.717083712612634 59.0497
17.739616967569667 59.48
17.762150914021706 60.0058
17.78486160749854 60.1497
17.807396945166804 60.8229
17.829932977143503 61.3043
17.85246970436452 62.148
17.875183204129467 63.8886
17.897721330097664 67.0522
17.920260154126645 70.3636
17.942799677153296 74.2266
17.9655159983646 77.93
17.988056927677544 82.8521
18.010598558807683 89.473
18.033140892692916 98.5823
18.05586005052525 109.458
18.07840379824407 121.64399999999999
18.10094825154059 132.987
18.12366954819864 142.26
18.146215420998306 143.735
18.16876200220057 136.982
18.191309292745153 122.809
18.214033452627167 108.316
18.236582170236648 95.5116
18.259131600016456 88.2067
18.281681742907335 86.1825
18.304408781233683 89.25
18.32696035875955 94.4081
18.349512652227624 99.5464
18.372065662579683 105.554
18.394795594587553 107.11399999999999
18.41735004715306 104.15799999999999
18.43990521943684 97.7291
18.46246111238171 88.2869
18.485193953325208 78.3627
18.507751296070428 70.2642
18.530309362314178 65.6232
18.552868153000343 62.8372
18.57560391815056 61.4258
18.59816416623245 60.6911
18.620725141597372 60.1111
18.643286845190268 59.5624
18.666025549835414 59.1293
18.688588718427933 58.3279
18.711152618092243 58.106
18.73389353884365 57.871
18.75645890921984 57.5567
18.77902501351406 57.2081
18.801591852673102 57.3093
18.824335739722738 56.7687
18.846904057212626 56.7042
18.8694731124168 56.4206
18.89204290628315 56.065
18.914789774966803 56.1693
18.937361054791623 55.8436
18.959933076131318 55.6859
18.982505839934877 55.5743
19.00525570560582 55.5062
19.027829963004184 55.0553
19.05040496572238 55.1024
19.072980714710468 55.0864
19.095733592739563 55.1796
19.11831084296757 55.465
19.140888842324735 56.2126
19.16346759176222 56.349
19.18622349753803 57.1896
19.208803755869358 58.4104
19.231384767143577 59.5938
19.253966532312948 61.0839
19.276725481241822 63.1311
19.29930876296784 65.8292
19.3218928014549 68.9264
19.34465404436217 71.8709
19.36723960516257 74.6645
19.389825925592426 75.7565
19.412413006605938 74.7155
19.43517731967805 71.9637
19.457765930683355 67.5536
19.48035530514408 63.0903
19.50294544401556 59.1228
19.525712842708348 56.1293
19.54830451925909 54.2749
19.570896963095727 53.13399999999999
19.593490175174704 52.7722
19.616260674962184 52.7396
19.638855432416964 52.17
19.661450960992624 52.5748
19.68404726164677 52.1247
19.706820878021247 51.8863
19.729418731756834 52.0468
19.752017360452857 51.7886
19.77461676506804 51.9857
19.797393513540218 52.0342
19.819994478951667 52.2246
19.84259622316767 52.8104
19.8651987471481 53.4708
19.887978643247177 53.8816
19.91058273574792 54.5354
19.933187610901943 55.3221
19.955969879466828 56.357
19.97857632894404 57.785
20.00118356396599 59.2765
20.023791585494575 61.3064
20.046577028914875 64.0305
20.069186632506966 66.819
20.091797025500632 69.3514
20.114408208858933 70.6954
20.137196842715273 70.5482
20.159809615886765 69.1918
20.18242318232135 66.5918
20.20503754298326 63.9733
20.227829382875154 62.4541
20.250445341109344 61.7041
20.27306209647285 62.2324
20.29567964993108 63.681999999999995
20.31847471147704 64.6071
20.34109387027612 65.4208
20.363713830075454 65.146
20.386334591841646 63.8448
20.409132890679302 61.2856
20.431755265564437 58.0184
20.454378445325528 55.1679
20.477002430930366 52.8199
20.499803982716553 51.0986
20.522429589228004 50.0951
20.54505600449589 49.6328
20.567683229489194 49.3401
20.590488049900088 49.1949
20.61311690359731 48.9556
20.63574656993626 48.8175
20.658553853717297 48.4075
20.681185154618298 48.563
20.703817271080066 48.411
20.72645020407368 48.2805
20.749260783967177 48.1979
20.771895359337133 48.1826
20.794530754161617 48.146
20.817166969412938 48.0431
20.83998086114876 47.8909
20.86261872660049 47.6375
20.885257415405402 47.5602
20.90789692853701 47.4159
20.930714147864748 47.5593
20.953355319030678 47.3432
20.97599731745334 47.4673
20.99864014410749 47.3453
21.021460706796564 47.3504
21.044105199328826 47.7648
21.06675052302631 47.8619
21.089396678865015 48.1618
21.112220600704806 48.4582
21.134868430275347 48.5596
21.15751709492456 48.9401
21.180166595629693 49.3707
21.202993892429635 49.8998
21.22564507473034 50.2719
21.24829709602816 50.5853
21.27112693608965 50.6836
21.293780644891275 50.7433
21.316435195634053 49.894
21.339090589297417 48.9658
21.361923832041875 48.6566
21.384580921090404 47.9193
21.407238856007325 47.3737
21.429897637773326 47.3756
21.45273429906592 47.4936
21.475394784108598 47.3573
21.498056118951983 47.3353
21.520718304578022 47.5635
21.543558400304388 47.6848
21.566222297108816 47.5207
21.58888704765135 47.7549
21.61155265291521 47.9653
21.63439619898156 48.6305
21.657063523335786 49.0519
21.67973170537063 49.5609
21.7024007460706 50.2522
21.72524775840385 51.0985
21.747918526116475 52.163000000000004
21.770590155457388 53.0631
21.79326264741238 54.595
21.816113141960237 56.1692
21.838787368860547 58.2179
21.861462461341976 60.4925
21.884315579735777 63.1055
21.90699241312273 64.5673
21.92967011506078 65.2272
21.95234868653799 65.2729
21.9752053151131 63.8596
21.997885635446785 61.8407
22.020566828293532 59.8505
22.04324889464272 57.7138
22.066109049404666 56.2793
22.088792872571794 55.8691
22.111477572219204 56.0217
22.1341631493376 56.0865
22.157026846313123 56.0246
22.179714188221507 55.4422
22.202402410582668 54.1517
22.22509151438863 52.5333
22.24795876962584 51.3591
22.270649646204486 49.9878
22.293341407213727 49.1235
22.316034053646906 48.3361
22.338904883215342 48.0519
22.36159931041458 48.0704
22.38429462602756 47.8718
22.40699083104897 47.4993
22.429865251039757 47.6878
22.452563244831367 47.5241
22.47526213102522 47.6626
22.49813925616515 47.5639
22.520839937143307 47.6125
22.543541513520587 47.7146
22.56624398629403 47.452
22.589124730075895 47.4431
22.611829005656723 47.6255
22.63453418063466 47.6968
22.657240256008077 47.7983
22.680124634582935 48.0019
22.70283252079775 48.4722
22.725541310413075 48.8741
22.74825100442868 49.0416
22.771139033969575 49.7054
22.79385054687155 49.9804
22.81656296718292 50.6959
22.83927629590484 51.24100000000001
22.862167992606945 52.2664
22.88488314827121 53.5466
22.907599215359284 54.5214
22.93031619487366 55.9775
22.953211574954405 56.9207
22.975930389478226 57.5995
22.998650119445763 57.9275
23.02137076586092 57.2216
23.044269845560063 56.2292
23.06699233506288 54.6091
23.089715744034912 52.4487
23.112617610931565 50.9374
23.135342869061212 49.5116
23.158069049684816 48.6114
23.1807961538087 48.0811
23.20370174880544 48.0086
23.226430710184808 47.7858
23.249160598093425 47.8889
23.271891413539002 47.812
23.294800752937697 47.9213
23.31753343374794 48.4394
23.340267045128353 48.6764
23.36300158808808 49.0393
23.38591468821339 49.6261
23.408651104658304 49.9618
23.431388455719986 50.4641
23.454126742409 51.3156
23.4770436196085 52.2531
23.499783787914662 53.4796
23.522524894889884 54.5948
23.54526694154616 56.0236
23.56818761219047 57.2165
23.59093154860734 57.9819
23.613676427751283 58.5786
23.636422250635754 57.8002
23.659346731118656 56.1769
23.68209445191868 54.1971
23.704843119509587 51.9188
23.72759273490623 49.8147
23.750521041644767 48.1307
23.77327256312355 46.8271
23.796025035462787 46.1147
23.818956224555475 45.3915
23.841710609113413 45.2465
23.86446594758979 44.985
23.887222241002014 44.8495
23.910157285144578 44.4442
23.932915498962537 44.3362
23.955674670778713 44.2781
23.978434801611975 44.2167
24.001373717286125 43.8915
24.024135776723917 43.7778
24.046898798245582 43.6172
24.06966278287146 43.6336
24.092605586582614 43.2995
24.115371508023642 43.2143
24.1381383956401 43.0938
24.16090625045381 43.1996
24.183852958731244 43.0266
24.206622758582608 42.9118
24.229393528706886 42.7026
24.252165270127392 42.7451
24.27511589952438 42.7627
24.297889594216997 42.5439
24.32066426328598 42.382
24.34343990775613 42.3537
24.36639447485003 42.3904
24.38917208083877 42.2936
24.41195066531332 42.1607
24.43490819850244 42.2815
24.457688750692377 42.0932
24.48047028445616 42.0041
24.503252800821233 42.0427
24.526214300784112 42.2448
24.548998793132213 42.3931
24.57178427117417 42.1046
24.59457073593893 42.2083
24.617536219319863 42.1447
24.64032466834748 42.1986
24.663114107195035 42.0915
24.685904536893013 41.8758
24.708874020360852 41.7205
24.731666442613744 41.707
24.754459858818787 41.6851
24.777254270007962 41.5031
24.80022777025625 41.4613
24.82302418230472 41.3787
24.845821592443674 41.3836
24.86862000170663 41.4131
24.891597535453727 41.2626
24.914397953892728 41.5759
24.93719937456671 41.4484
24.96000179851076 41.5453
24.98298338249997 41.6416
25.00578782394922 42.0428
25.028593271784167 42.207
25.05157790644186 42.4873
25.07438537804115 42.6232
25.097193859145293 43.047
25.120003350792075 43.3173
25.142992065061257 43.7432
25.165803588823465 44.0106
25.18861612625217 44.2861
25.211429678386736 44.3487
25.234422489079968 44.4704
25.257238081693636 44.4862
25.280054692141732 44.6495
25.3028723214652 44.513000000000005
25.325869245420463 44.6953
25.348688923599397 44.7085
25.371509623787006 44.6301
25.394331347025812 44.2749
25.41733240110666 43.8203
25.440156181590016 43.1906
25.46298098826268 42.6933
25.48580682216873 42.0484
25.50881202326435 41.3902
25.53163992281684 40.8351
25.55446885274561 40.5431
25.577298814096377 40.3525
25.600308179121807 40.0515
25.623140214533745 40.2329
25.64597328451537 40.1033
25.66898578564376 39.8789
25.691820936010206 39.8264
25.714657124097695 39.7475
25.737494350954734 39.7753
25.760511045684957 39.6115
25.783350361364224 39.6401
25.806190718969255 39.7167
25.82903211955018 40.1085
25.852053024868923 39.9832
25.874896522722523 39.9964
25.897741066713106 39.9723
25.920586657892454 39.9821
25.943611790812668 40.1251
25.966459487728237 40.226
25.989308234998564 40.2863
26.01215803367705 40.6154
26.03518741123814 40.8272
26.05803932412957 40.9999
26.080892291600094 41.1165
26.10374631470478 41.382
26.12677995397268 41.2851
26.14963609978026 41.2774
26.172493304397875 41.1131
26.19535156888223 40.7518
26.218389486949604 40.3702
26.241249882640123 40.0634
26.26411134137826 39.7269
26.28715248187403 39.7793
26.31001607820869 39.605
26.3328807407756 39.408
26.35574647063438 39.5988
26.37879191991473 39.3736
26.401659795896734 39.4591
26.424528742360263 39.6493
26.447398760366614 39.8322
26.470448535598294 39.898
26.49332070826805 40.1763
26.516193955675355 40.4803
26.53906827888316 40.6941
26.562122397260108 40.9777
26.584998883685063 41.2268
26.607876449110325 41.6322
26.63075509460056 41.7962
26.65381357334404 42.0295
26.67669439061878 42.0122
26.699576291163382 41.9544
26.722459276044212 41.903
26.745522132402975 41.5561
26.768407297649354 41.1196
26.791293550442003 40.793
26.814180891848974 40.63
26.837248143099337 40.3128
26.860137673466657 40.1228
26.88302829566349 39.8281
26.90592001075963 39.7587
26.92899167420566 39.4856
26.951885586870763 39.1681
26.974780595655517 39.0892
26.99785558178161 38.7679
27.020752794605112 38.5025
27.043651106772522 38.3424
27.06655051935668 38.4378
27.089629948036183 38.2202
27.112531573292053 38.173
27.135434302194138 38.2039
27.158338135817015 37.9614
27.181422024430987 37.872
27.204328079372566 37.8003
27.22723524226965 37.8728
27.250143514198573 37.9877
27.273231880156334 38.0557
27.296142382065014 37.9255
27.319053996245536 37.9535
27.341966723775965 37.9085
27.365059584515222 37.9602
27.38797455070062 37.9333
27.410890633481237 37.8131
27.433807833936918 37.9361
27.456905206923906 38.0165
27.47982465472398 37.9022
27.502745223449743 37.9405
27.525666914182825 38.1944
27.548768816912457 38.2044
27.571692763693633 38.0451
27.59461783573812 38.0384
27.617723149491244 37.819
27.640650484125285 37.699
27.66357894728264 37.6056
27.686508540048052 37.6188
27.709618414237887 37.4822
27.732550278321757 37.3093
27.755483275279115 37.3357
27.778417406196485 37.5592
27.801531858397514 37.5394
27.824468269376716 37.4115
27.847405817586786 37.2906
27.870344504116094 37.3809
27.893463551932008 37.6337
27.916404527281053 37.8581
27.93934664422563 38.08
27.962289903855886 37.9655
27.98541356491974 38.4367
28.00835912214229 38.4297
28.03130582533231 38.7938
28.054253675581805 38.8241
28.077381967556104 38.9641
28.100332124185126 38.8464
28.123283431160893 38.8567
28.146235889577238 38.7045
28.169368830154156 38.5984
28.192323603752033 38.2653
28.215279532083304 37.9821
28.238415973016764 37.7831
28.261374223145094 37.6388
28.284333631303806 37.3892
28.307294198589954 37.1715
28.330435319167677 36.8126
28.353398217078915 36.6253
28.376362277420153 36.4019
28.39932750129032 36.2663
28.422473319286713 36.0249
28.44544088262495 35.9024
28.468409612800283 35.669000000000004
28.491379510913497 35.6189
28.51453004413313 35.4341
28.53750229057244 35.4505
28.56047570826344 35.351
28.583450298308804 35.478
28.606605564586562 35.2294
28.629582511831156 35.233000000000004
28.65256063474956 35.1552
28.675539934446338 35.229
28.698699951647605 35.1491
28.72168161743193 34.9943
28.74466446331978 35.0586
28.767648490417624 35.015
28.790813276438353 34.9766
28.813799678527303 34.8632
28.836787265157085 34.8716
28.859955641890075 34.8843
28.882945610203045 34.9322
28.905936766392035 34.8439
28.928929111566863 34.7776
28.952102288520145 34.7168
28.975097024308607 34.5858
28.998092952423807 34.6226
29.021090073977508 34.4851
29.04426806913204 34.3951
29.067267590245258 34.1339
29.090268308143695 34.2449
29.11327022394099 34.1601
29.13645305530891 33.9268
29.159457379627167 33.9087
29.18246290519685 33.7291
29.20546963313352 33.7528
29.22865731875826 33.7932
29.25166646419296 33.8168
29.27467681535305 33.7861
29.29768837335608 33.8031
29.320880931312562 33.7654
29.34389491580634 33.6535
29.366910110507334 33.7964
29.38992651653503 33.7548
29.41312396492981 33.8404
29.436142806456754 33.7911
29.45916286268059 33.6526
29.48236399319994 33.5412
29.50538649169417 33.4008
29.528410208259935 33.3188
29.55143514402014 33.0703
29.574641196749695 32.8922
29.597668583816574 32.8734
29.6206971934585 32.7205
29.64372702680042 32.6956
29.666938019934474 32.4894
29.689970313635285 32.5929
29.713003834422636 32.4756
29.73603858342347 32.4827
29.759254535188578 32.308
29.78229175361658 32.2711
29.80533020365064 32.2669
29.82836988641968 32.374
29.85159081507472 32.2719
29.874632976355343 32.2088
29.89767637376955 32.2583
29.920721008448314 32.0391
29.9439469322847 31.9964
29.96699405457564 32.1148
29.9900424175358 32.0657
30.013092022298157 32.0111
30.03632295963995 31.9966
30.059375061131373 31.9243
30.08242840783577 32.1285
30.105483000888153 32.1573
30.128718970092244 31.9586
30.151776069006917 31.8121
30.17483441768648 31.9978
30.198074175317235 31.9598
30.221135036724256 31.9477
30.24419715131772 31.8963
30.267260520236203 31.8499
30.290505341942243 31.9201
30.313571232750228 31.9196
30.336638381310948 31.8799
30.35970678876503 31.8854
30.38295669299435 31.8254
30.40602763151657 31.7961
30.429099832366074 31.7587
30.452173296685572 31.7131
30.47542830191959 31.7067
30.498504306502497 31.6899
30.521581577995562 31.8433
30.544660117543582 31.7432
30.56792024229725 31.7166
30.59100133132069 31.7856
30.614083691845494 31.7042
30.637167325018545 31.8427
30.660432587840603 31.9062
30.683518779717886 31.8904
30.70660624769615 32.0051
30.729694992924372 31.8583
30.75296541239743 31.9275
30.77605672557558 31.8093
30.799149319462742 31.7856
30.8224236211637 31.671999999999997
30.845518789950724 31.6565
30.868615242910597 31.576999999999998
30.891712981195973 31.3865
30.91499247215866 31.3434
30.938092794619365 31.2859
30.96119440587579 31.0825
30.984297307082752 31.0443
31.00758200598383 30.9287
31.030687500658694 30.8201
31.053794288760695 30.7629
31.076902371446767 30.7596
31.100192296997445 30.7176
31.12330298246119 30.7574
31.14641496599209 30.5341
31.169528248749216 30.5009
31.19282341969534 30.5644
31.215939314557186 30.5942
31.239056512134788 30.6431
31.262175013589378 30.5882
31.28547544871168 30.4875
31.30859657161541 30.4414
31.331719001892175 30.5449
31.35484274070538 30.5547
31.378148458819545 30.5231
31.401274828443725 30.5007
31.424402510106933 30.6146
31.447712205419993 30.5668
31.470842524931633 30.4556
31.493974159989783 30.4863
31.51710711176168 30.4063
31.54042212308802 30.5654
31.563557722100917 30.495
31.586694641341655 30.3412
31.609832881979628 30.1597
31.63315322823208 30.1463
31.656294125521327 30.1181
31.679436347728515 30.0275
31.70257989602529 29.8965
31.725905596152327 29.796
31.74905181052835 29.7531
31.772199354521323 29.8876
31.79534822930507 29.858
31.818679302290967 29.8102
31.84183085259981 29.8165
31.864983737233473 29.8595
31.88813795736804 29.9407
31.911474422233013 29.7741
31.934631327356435 29.7959
31.9577895715215 29.7924
31.980949155906522 29.6294
32.004291031706956 29.6679
32.027453310562606 29.6046
32.05061693318573 29.5141
32.07396288236386 29.4785
32.09712920658542 29.4828
32.12029687812702 29.2925
32.14346589817093 29.2565
32.166817291729984 29.2806
32.18998902288583 29.2269
32.21316210610336 29.0602
32.23633654256711 28.9364
32.259693399663725 28.8679
32.282870556771144 28.7903
32.30604907069099 28.8383
32.329228942610065 28.7051
32.35259128243769 28.6504
32.375773884550505 28.5719
32.398957848235646 28.4839
32.422143174682176 28.4412
32.445511016471215 28.2962
32.468699082679954 28.3322
32.49188851523011 28.2876
32.51507931531304 28.2346
32.538452678331 28.2951
32.56164622776311 28.2284
32.58484114831493 28.1173
32.60803744118015 28.134
32.631416344731896 28.1399
32.654615396551876 27.9747
32.67781582427913 28.0311
32.701198898634416 27.9832
32.72440209253756 27.9267
32.747606665947124 27.9422
32.77081262006088 27.7887
32.79420126883317 27.7318
32.81740999876112 27.8312
32.840620112999424 27.6979
32.86383161274818 27.6632
32.88722585534586 27.6032
32.91044014056596 27.6645
32.933655814909734 27.6341
32.95687287957963 27.5764
32.98027273544904 27.5824
33.00349259526636 27.5046
33.026713849030116 27.5678
33.04993649794511 27.5277
33.073341986570746 27.5223
33.09656744032826 27.4809
33.11979429286444 27.4029
33.14302254538647 27.5046
33.166433686291185 27.4695
33.18966475336992 27.4137
33.212897224069096 27.3005
33.23613109959831 27.2586
33.259547912343415 27.3119
33.2827846121627 27.3588
33.306022720453775 27.2587
33.32926223842861 27.1328
33.352684742614166 27.1312
33.37592709463173 27.0438
33.399170859982064 26.9148
33.422597648419426 26.9284
33.44584425514446 26.835
33.46909227885668 26.8255
33.4923417207723 26.5909
33.51577423505344 26.5935
33.539026528130385 26.561
33.56228024307245 26.5819
33.585535381098246 26.3984
33.60897364093058 26.3232
33.63223163992385 26.4099
33.6554910656699 26.2645
33.678751919389796 26.3825
33.702195944520106 26.3075
33.72545966903325 26.1938
33.74872482519663 26.2075
33.771991414233746 26.1852
33.79544122444841 26.1322
33.81871069412428 26.0507
33.84198160035767 26.0951
33.86525394437455 26.1065
33.88870955949969 25.983
33.911984794020626 25.9695
33.93526147001624 25.9632
33.958539588715006 25.8557
33.98200102861669 25.8342
34.0052820477047 25.6783
34.02856451319451 25.7639
34.05203033759056 25.6368
34.07531571090147 25.7152
34.09860253431845 25.6299
34.121890809074316 25.6329
34.145362493118924 25.5888
34.16865368561615 25.5253
34.191946333164054 25.5728
34.21524043699793 25.4217
34.23871800066799 25.4271
34.26201503218366 25.3105
34.28531352370466 25.3251
34.30861347646881 25.2454
34.33209693978188 25.2272
34.3553998301885 25.1772
34.378704185565205 25.0642
34.402010007152356 25.0504
34.42549939016683 25.0296
34.44880815937748 24.9475
34.472118398533134 24.8921
34.49543010887669 24.813000000000002
34.51892543169198 24.7853
34.54224009966052 24.8081
34.56555624255917 24.862
34.58887386163339 24.7522
34.61237514439016 24.7181
34.6356957311114 24.6457
34.65901779775809 24.5487
34.68252356662995 24.6324
34.705848608458616 24.5542
34.72917513396849 24.5497
34.75250314440949 24.5192
34.77601490857862 24.4492
34.799345904259795 24.3564
34.82267838863559 24.3806
34.846012362958525 24.3539
34.869530142679984 24.3343
34.89286711232212 24.2407
34.91620557568269 24.1806
34.93954553401677 24.2132
34.9630693495876 24.1784
34.986412313340814 24.0841
35.00975677584668 24.1517
35.033102738362956 24.17
35.05663261012228 24.0258
35.0799815881786 24.0519
35.10333207003229 23.9409
35.12668405694369 24.0368
35.150220005273056 24.0103
35.17357501786656 23.8777
35.19693153931268 23.8341
35.220289570874385 23.8956
35.24383161619786 23.7903
35.267192683604904 23.9202
35.290555264930376 23.8006
35.314101899412165 23.7659
35.33746752422433 23.675
35.36083466676374 23.6815
35.38420332829803 23.6976
35.407756095629054 23.7388
35.43112781085063 23.6824
35.45450104888391 23.5903
35.477875810999194 23.6102
35.50143473172161 23.5605
35.52481255774625 23.5825
35.54819191167777 23.5487
35.57157279478914 23.4921
35.595137889488406 23.4831
35.61852184675279 23.4023
35.641907337029984 23.3805
35.665294361595684 23.3162
35.68886565090076 23.3188
35.7122557598848 23.256
35.73564740699838 23.1778
35.759040593519934 23.1733
35.78261809810353 23.1657
35.80601437933051 22.9842
35.829412203814705 22.9705
35.85281157283719 22.8901
35.876395313415884 23.0345
35.8997977874528 22.9482
35.92320180988546 22.936
35.946790244133936 22.788
35.97019737933222 22.7799
35.993606066789866 22.7784
36.01701630779276 22.7808
36.04061101440684 22.6928
36.06402437852291 22.6977
36.08743930005611 22.6874
36.1108557802951 22.6615
36.13445678011326 22.5926
36.15787639383515 22.5365
36.18129757014299 22.5764
36.20472031032821 22.5165
36.22832762423364 22.514
36.25175350829375 22.4371
36.275180960119776 22.3217
36.298609981005924 22.4116
36.32222362992669 22.3891
36.34565580510207 22.259
36.36908955323448 22.2719
36.39252487562093 22.2816
36.416144880530226 22.1655
36.43958336764275 22.2162
36.463023432914625 22.2282
36.486465077645676 22.0648
36.51009145956204 22.136999999999997
36.53353627947859 22.1404
36.55698268276811 22.1433
36.58043067073321 21.9946
36.60406345072071 21.9582
36.62751462435344 21.9037
36.65096738658405 21.9285
36.67460498210655 21.8334
36.69806093788647 21.8256
36.72151848619297 21.7092
36.744977628333636 21.7389
36.76862165890998 21.7049
36.79208400512205 21.6701
36.81554794910557 21.631
36.83901349217101 21.6209
36.862663978991606 21.5621
36.88613273667352 21.5476
36.90960309738324 21.5259
36.933075062434064 21.4787
36.95673202673572 21.4501
36.98020721697122 21.3726
37.003684015502365 21.3369
37.027162423645365 21.3541
37.050825886711465 21.2683
37.07430753063053 21.1956
37.09779078812467 21.2442
37.121275660513014 21.1727
37.144945643673694 21.0929
37.16843376245278 21.1536
37.19192350009803 21.1352
37.215414857931435 21.0886
37.239091382563885 21.0244
37.262585997426164 21.0444
37.28608223645736 20.9617
37.309763684451696 20.9275
37.33326318851098 20.8851
37.356764320726555 20.8448
37.380267082425526 20.8858
37.40395510942588 20.8114
37.42746114683234 20.7963
37.45096881771841 20.7156
37.474478123414166 20.7278
37.49817275092816 20.63
37.52168534303452 20.6024
37.54519957395567 20.5246
37.568715445024665 20.5822
37.592416694607714 20.4978
37.61593586281424 20.5736
37.63945667518264 20.5037
37.66297913304891 20.486
37.68668702630454 20.4953
37.710212792059274 20.2859
37.733740207334854 20.3349
37.757269273470364 20.366
37.780983832050374 20.3184
37.80451621684926 20.2822
37.82805025654007 20.239
37.851585952464795 20.2197
37.8753071980695 20.0977
37.89884622345676 20.0795
37.92238690911902 20.0189
37.94611318753442 19.9935
37.969657210779765 20.0265
37.99320289834801 20.0164
38.016750251586465 19.9472
38.04048325513017 19.8698
38.06403395679343 19.8776
38.087586328183946 19.833
38.11114037065203 19.7733
38.13488012115898 19.8418
38.1584375229181 19.7899
38.181996599821 19.7113
38.205557353221124 19.7272
38.229303872575656 19.7058
38.2528679961576 19.6877
38.27643380031219 19.6097
38.30000128639589 19.5856
38.32375459653193 19.5083
38.34732546371299 19.507
38.37089801690786 19.405
38.39447225747609 19.4368
38.418232380377425 19.36
38.441810012983396 19.4177
38.46538933705673 19.3533
38.488970353960084 19.3172
38.51273731166058 19.2743
38.536321731567014 19.2546
38.55990784840681 19.2323
38.58367995004091 19.208
38.60726947812959 19.1284
38.63086070726198 19.1496
38.654453638806274 19.1571
38.678232613930824 19.1459
38.70182896773327 19.0085
38.72542702806741 18.9699
38.7490267963045 19.0252
38.77281266709232 18.8975
38.79641586862214 18.9025
38.8200207821842 18.9272
38.843627409152944 18.9358
38.86742019782782 18.827
38.891030269149255 18.7581
38.914642058016156 18.7217
38.938255565806124 18.7591
38.96205529464307 18.6694
38.98567225787121 18.6909
39.00929094417078 18.6908
39.03291135492255 18.7111
39.05671804624804 18.6246
39.080341923549106 18.5851
39.103967529460334 18.5738
39.127594865365744 18.4624
39.15140854155791 18.4038
39.17503935514948 18.4343
39.19867190290282 18.4323
39.22249083587951 18.3942
39.24612686969409 18.3703
39.269764641845306 18.2981
39.293404153722804 18.3277
39.317230110864074 18.2182
39.34087311998506 18.2212
39.36451787301696 18.2653
39.388164371352595 18.1402
39.41199737518003 18.1289
39.43564738196752 18.1326
39.45929913825317 18.1029
39.48295264543308 18.1083
39.506792718520884 18.0387
39.530449745387216 18.0174
39.55410852735203 17.9465
39.57776906581474 17.9997
39.60161623079 17.8769
39.625280300200025 17.8982
39.64894613032202 17.8474
39.67261372255866 17.8364
39.6964680021016 17.787
39.72013913657293 17.799
39.74381203738292 17.7352
39.76748670593756 17.7375
39.79134812278169 17.7219
39.81502634488497 17.677
39.83870633896685 17.6547
39.862388106436654 17.607
39.88625668336918 17.6042
39.90994201572829 17.5888
39.933629125719285 17.5651
39.957503091207826 17.4886
39.9811937746168 17.4867
40.00488623990914 17.4218
40.02858048850006 17.458
40.05246165409549 17.368
40.076159487492085 17.3331
40.099859108448875 17.3018
40.123560518384345 17.3522
40.1474489070226 17.2747
40.171153913178564 17.249000000000002
40.194860712584955 17.2194
40.2185693066637 17.2352
40.242464941335314 17.1042
40.26617714307655 17.1575
40.289891143772046 17.117
40.3136069448471 17.0386
40.33750984859743 17.1077
40.3612292688043 17.062
40.3849504936829 17.0587
40.40867352466194 17.0253
40.43258372059144 16.9929
40.45631038219906 17.0251
40.48003885420956 16.8852
40.503769138055105 16.8401
40.52768664931955 16.829
40.55142057531802 16.8157
40.57515631746428 16.8151
40.599079334038514 16.7853
40.62281872700477 16.6804
40.64655994043941 16.6966
40.67030297578061 16.6764
40.69423334835778 16.6717
40.71798004609188 16.6259
40.74172857006355 16.5883
40.76547892171441 16.5643
40.7894166736039 16.53
40.813170699248566 16.4946
40.83692655691388 16.4914
40.86068424804498 16.5198
40.884629402612525 16.5239
40.908390779366385 16.4858
40.932153993938 16.4309
40.95591904777605 16.3946
40.979871628443995 16.4116
41.003640379561936 16.4239
41.02741097430883 16.2876
41.05118341413683 16.2852
41.075143444384416 16.2931
41.098919593177826 16.262
41.1226975914255 16.2073
41.14647744058318 16.1923
41.170444943946755 16.1153
41.19422851378379 16.1003
41.218013938914645 16.0557
41.24198706625173 15.9599
41.26577622087193 16.0576
41.289567235177785 16.0066
41.31336011063129 15.9505
41.337340752422875 15.9823
41.361137369129835 15.9872
41.38493585138705 15.9204
41.40873620066004 15.8938
41.43272438060107 15.8986
41.45652848292052 15.8314
41.48033445666918 15.7752
41.50414230331616 15.7268
41.528138045159764 15.7501
41.551949656675205 15.7247
41.575763145513235 15.7655
41.59957851314666 15.5899
41.62358184070442 15.6362
41.64740098505737 15.6456
41.6712220126409 15.5397
41.69504492493139 15.545
41.71905586207357 15.5429
41.74288256296395 15.514000000000001
41.766711153007456 15.4549
41.79054163368412 15.4526
41.814560204340054 15.4361
41.838394485526365 15.434000000000001
41.86223066180303 15.3552
41.88625497706819 15.3092
41.910094962812 15.3526
41.93393684811168 15.3272
41.95778063445365 15.2673
41.981812625263366 15.2327
42.00566023303407 15.2681
42.029509746323676 15.2022
42.05336116662236 15.2133
42.077400857069705 15.1653
42.10125611078846 15.1237
42.12511327600405 15.1129
42.14897235421036 15.0577
42.173019768448455 15.0652
42.19688269209613 14.9977
42.22074753323349 15.0293
42.24461429335818 15.0058
42.268669455600495 14.9023
42.292540073217886 14.9187
42.31641261433284 14.91
42.34028708044675 14.879000000000001
42.36435001496739 14.8815
42.38822835065557 14.8766
42.41210861586426 14.7666
42.4359908120986 14.7953
42.46006154323262 14.8037
42.48394762115317 14.7295
42.507835634632315 14.7419
42.531912233047436 14.7266
42.55580413732265 14.6685
42.579697981698 14.6075
42.60359376768525 14.5808
42.62767820545945 14.5799
42.65157789440821 14.562999999999999
42.67547952952185 14.5414
42.699383112316 14.505
42.72347541395347 14.4343
42.74738291190531 14.4013
42.771292362102166 14.4292
42.795203766063516 14.4015
42.819303956130405 14.3643
42.843219287476536 14.3504
42.86713657716324 14.3489
42.89105582671383 14.306
42.91516392983864 14.2626
42.939087119032166 14.2476
42.963012272677304 14.2179
42.98693939230129 14.2157
43.01105543317513 14.1649
43.034986504731386 14.1541
43.05891954686589 14.167
43.08285456110972 14.1509
43.10697856448665 14.1151
43.130917542983475 14.0039
43.15485849820081 13.9894
43.17880143167367 13.957
43.20293342237094 14.0148
43.226880332449 14.0065
43.25082922540554 13.9409
43.27496722682525 13.9121
43.29892010567796 13.9034
43.32287497204102 13.8329
43.34683182745632 13.7893
43.370977859791836 13.7874
43.39493871351105 13.8093
43.41890156092628 13.7742
43.44286640358341 13.74
43.46702049182749 13.7382
43.49098934522816 13.7356
43.51496019852649 13.6862
43.5389330532723 13.634
43.56309522248204 13.616
43.58707210044314 13.6046
43.61105098451946 13.5357
43.63503187626491 13.5497
43.659202151562134 13.5222
43.68318707902681 13.5401
43.70717401884041 13.4123
43.731162972560874 13.4096
43.75534137913236 13.408
43.779334381108384 13.3897
43.803329401683186 13.3979
43.82732644241872 13.3898
43.8515130055166 13.3593
43.87551410707659 13.3006
43.89951723350145 13.3335
43.923709934595614 13.270999999999999
43.94771713129917 13.2358
43.97172635758096 13.2052
43.99573761501002 13.2079
44.0199385169922 13.1906
44.04395385732619 13.1448
44.067971233533086 13.1337
44.09199064718605 13.1389
44.11619977548961 13.042
44.14022328470671 13.0502
44.16424883610785 13.0954
44.18827643127035 13.0239
44.21249381139513 12.9885
44.236525514814076 12.9722
44.26055926674478 12.9877
44.28459506876863 12.9775
44.3088207262813 12.9296
44.33286064928722 12.9025
44.35690262714919 12.8567
44.38094666145278 12.8273
44.4051806219871 12.8697
44.42922879003185 12.7824
44.45327901929361 12.7342
44.477331311362136 12.7804
44.501573600619416 12.7184
44.525630039221795 12.7029
44.54968854541895 12.6851
44.573937102200176 12.679
44.5979997645541 12.6178
44.622064499300315 12.6087
44.64613130803592 12.593
44.67038823869318 12.6239
44.69445921643748 12.5311
44.718532272981385 12.5162
44.742607409926194 12.5296
44.76687274034801 12.4738
44.79095205918753 12.4578
44.81503346325094 12.4782
44.839116954143876 12.47
44.86339071028742 12.4129
44.88747839599524 12.3954
44.91156817336837 12.3677
44.93566004401666 12.3166
44.959942251908146 12.3283
44.984038330325966 12.2993
45.00813650686762 12.2407
45.03223678314731 12.2948
45.05652746888232 12.2382
45.08063196592069 12.1762
45.104738567558705 12.1554
45.128847275414856 12.1733
45.15314646515866 12.0744
45.17725940679741 12.1175
45.20137445952892 12.0954
45.22568004865265 12.0916
45.24979934496396 12.0602
45.27392075725247 12.005
45.29804428714431 12.0227
45.322358426247604 11.9835
45.346486212804315 11.9653
45.370616121861914 11.9452
45.39474815505086 11.953
45.41907087049246 11.9036
45.4432071734666 11.8592
45.46734560548283 11.8644
45.49148616817604 11.8825
45.51581748638564 11.8649
45.5399623320197 11.8499
45.56410931325473 11.8038
45.58825843173002 11.7743
45.61259837920865 11.7491
45.636751793816 11.7482
45.66090735060093 11.673
45.68506505120716 11.6637
45.7094136545275 11.6323
45.73357566449271 11.6309
45.75773982322992 11.614
45.78190613238733 11.6088
45.806263418194064 11.5179
45.83043404997326 11.5403
45.85460683713677 11.5388
45.87897065658495 11.5566
45.90314777634752 11.52
45.92732705646868 11.4501
45.9515084986045 11.4716
45.97588104735473 11.4449
46.00006683541565 11.3892
46.02425479047904 11.3822
46.04844491420549 11.3406
46.0728262191024 11.3323
46.09702070211635 11.3054
46.12121735879483 11.3127
46.14541619080294 11.2995
46.169806278764455 11.3078
46.194009483459034 11.2258
46.21821486849841 11.2113
46.24242243555223 11.2044
46.266821333570014 11.1447
46.29103328674601 11.1397
46.31524742696538 11.1856
46.33946375590237 11.1308
46.36387149104216 11.0821
46.38809221957392 11.0286
46.41231514186606 11.0658
46.436540259597464 11.0452
46.460956858999374 11.0087
46.48518638983522 10.9993
46.509418121166966 10.9692
46.533652054678114 10.948
46.55807754555709 10.8997
46.58231590571962 10.9259
46.60655647313217 10.9301
46.630988654873654 10.8995
46.655233659129024 10.8395
46.67948087571551 10.8755
46.70373030632484 10.8521
46.72817142736393 10.7981
46.752425308428684 10.8
46.77668140861147 10.751
46.80093972960865 10.6936
46.82538981736788 10.7168
46.849652602470904 10.7003
46.87391761349769 10.6622
46.8981848521493 10.6489
46.9226439341274 10.6295
46.946915650573224 10.5948
46.97118959976749 10.6025
46.99546578341598 10.5819
47.019933887188216 10.5531
47.04421456235744 10.5628
47.06849747711879 10.4946
47.09278263318286 10.4768
47.11725978640143 10.4815
47.14154944775105 10.4143
47.165841355555656 10.4387
47.1901355115306 10.4319
47.214621741924994 10.3907
47.23892041698887 10.3823
47.26322134538975 10.3633
47.28771440635075 10.3874
47.31201986422527 10.3564
47.33632758061436 10.3062
47.360637557241866 10.2915
47.38513974410611 10.2751
47.40945426407847 10.2548
47.43377104948137 10.2264
47.45809010204344 10.2088
47.48260144275502 10.2031
47.506925052572285 10.1692
47.53125093475548 10.1845
47.55557909103813 10.1426
47.58009961361992 10.1171
47.60443234110732 10.06
47.62876734791564 10.0757
47.65310463578333 10.041
47.6776343683373 10.058
47.7019762413987 10.0048
47.72632040075572 10.0036
47.75066684815169 9.99414
47.77520581885936 10.0155
47.799556865477655 9.94771
47.823910205386 9.94287
47.84826584033272 9.92647
47.87281407745551 9.91039
47.89717432569297 9.89519
47.92153687423484 9.85789
47.94609208429692 9.86501
47.97045925671401 9.825280000000001
47.99482873471275 9.774239999999999
48.01920052005013 9.78151
48.04376504619224 9.80447
48.068141469543484 9.8148
48.09252020552573 9.74709
48.11690125590099 9.75185
48.1414751266064 9.72887
48.16586082917454 9.67768
48.19024885144316 9.66284
48.2146391951793 9.63838
48.239222439012764 9.6674
48.26361744916137 9.61169
48.28801478610016 9.605410000000001
48.31241445160131 9.59029
48.337007097209366 9.54119
48.36141144338331 9.55298
48.38581812345755 9.53213
48.41022713920929 9.51375
48.434829215320704 9.47678
48.45924292604658 9.481010000000001
48.48365897780325 9.480319999999999
48.50807737237308 9.45593
48.532688907799276 9.460230000000001
48.55711201168574 9.40565
48.581537463754074 9.3925
48.60615611725119 9.39058
48.63058628942721 9.358839999999999
48.65501881516546 9.34005
48.6794536962573 9.33939
48.70408185970339 9.31809
48.72852147531801 9.30552
48.75296345168211 9.290389999999999
48.77740779059232 9.26091
48.80204549302823 9.311010000000001
48.82649458091802 9.24923
48.85094603676547 9.18707
48.87539986237231 9.18805
48.90004713292306 9.156080000000001
48.92450572200832 9.17128
48.94896668628025 9.13922
48.97343002754588 9.14587
48.99808689542115 9.11125
49.02255501470614 9.1037
49.04702551642794 9.07103
49.0714984023988 9.0661
49.096164896893235 9.02505
49.120642575466796 9.03864
49.145122643748394 9.02511
49.16960510355558 8.96561
49.19428125404938 9.0017
49.2187685210852 8.95314
49.243258185121555 8.91721
49.26794160167084 8.93333
49.2924360839405 8.89974
49.31693296869764 8.88509
49.34143225776915 8.84884
49.36612538195438 8.81555
49.39062950396021 8.8941
49.41513603578346 8.80204
49.4396449792564 8.778839999999999
49.46434784069503 8.84574
49.488861631846454 8.74933
49.513377840166804 8.712639999999999
49.537896467493745 8.71771
49.56260909589029 8.66514
49.587132585683285 8.692039999999999
49.611658500018365 8.64865
49.636186840738596 8.642489999999999
49.66090926588511 8.66485
49.685442483902584 8.62706
49.70997813385706 8.59564
49.734516217597076 8.59678
49.75924846937352 8.57099
49.7837914452858 8.51559
49.80833686055187 8.5316
49.83288471702571 8.52705
49.85762682540054 8.5072
49.882179588965734 8.45289
49.9067347993235 8.48678
49.93129245833333 8.46623
49.95604445336378 8.45558
49.98060703442832 8.41393
50.005172069746266 8.38672
50.02993150438364 8.367989999999999
50.05450147301533 8.36135
50.07907390151433 8.34414
50.10364879174981 8.32943
50.12841816587289 8.32782
50.1529980044635 8.31846
50.17758031042124 8.2696
50.20216508562089 8.29365
50.22694442953363 8.257539999999999
50.25153416817468 8.254589999999999
50.27612638170508 8.221110000000001
50.300721072005196 8.18892
50.325510416102105 8.16818
50.350110084975064 8.172360000000001
50.37471223628208 8.186
50.39931687190919 8.176169999999999
50.424116246675766 8.13498
50.44872587605249 8.1068
50.47333799543065 8.10908
50.49795260670191 8.1221
50.52276204271512 8.06405
50.54738166295838 8.0755
50.57200378079314 8.06343
50.596628398116835 8.04172
50.62144792604559 8.03456
50.646077567609396 8.00995
50.670709714377715 7.98959
50.69553683636198 7.9496899999999995
50.72017401885922 7.96557
50.7448137122895 7.936319999999999
50.76945591856022 7.924189999999999
50.79429318636823 7.89848
50.818940443716784 7.911910000000001
50.84359021965163 7.875
50.868242516085964 7.87445
50.893089960641895 7.84555
50.917747323549435 7.82839
50.94240721271973 7.82022
50.96706963007175 7.781689999999999
50.99192728239342 7.772869999999999
51.01659478166073 7.79345
51.04126481489051 7.7392
51.06593738400761 7.7183
51.090805275207074 7.71564
51.11548294172845 7.70361
51.14016314993547 7.69623
51.164845901758845 7.71295
51.18972406304274 7.66303
51.21441192780656 7.672039999999999
51.23910234200271 7.6447899999999995
51.2637953075678 7.5721300000000005
51.288683770237945 7.60412
51.31338186432707 7.60302
51.33808251561888 7.56995
51.362978729967345 7.58955
51.387684521509755 7.535660000000001
51.41239287610203 7.550910000000001
51.437103795691165 7.49919
51.46201036644977 7.46806
51.486726441956634 7.470510000000001
51.51144508832545 7.45223
51.536166307509156 7.4535
51.56108326624387 7.44193
51.58580965706056 7.43783
51.61053862657523 7.39625
51.635270176746864 7.355339999999999
51.66019755512065 7.39588
51.68493429268881 7.37525
51.70967361681515 7.3369
51.73441552946465 7.29427
51.759353359237934 7.30452
51.7841004750961 7.29577
51.80885018539685 7.30254
51.833602492111254 7.30899
51.8585508051424 7.2451
51.883308330926425 7.24512
51.90806845906181 7.18435
51.932831191525715 7.13207
51.95779001977161 7.2065399999999995
51.98255798721516 7.1550899999999995
52.00732856494335 7.13324
52.03229530577543 7.110580000000001
52.057071130455945 7.1173399999999996
52.081849571391054 7.1376800000000005
52.106630630568695 7.0826199999999995
52.13160794279417 7.06758
52.15639426492067 7.0727
52.18118321127822 7.03993
52.205974783860896 7.04935
52.23096269971011 7.01381
52.255759551287994 7.0075199999999995
52.280559035098186 6.99443
52.30536115314103 6.99625
52.33035970494467 6.97146
52.35516711807904 6.97118
52.37997717147198 6.95781
52.40478986713005 6.97968
52.42979908731974 6.90486
52.454617094216 6.87875
52.47943774942214 6.8540600000000005
52.50426105495102 6.87692
52.529280976059844 6.82975
52.554109609024096 6.825239999999999
52.57894089837482 6.815760000000001
52.60377484613117 6.83869
52.62880550079408 6.7824800000000005
52.65364479223379 6.78315
52.67848674816189 6.771260000000001
52.70352547971946 6.74905
52.72837279155837 6.764060000000001
52.753222773982785 6.732139999999999
52.778075429022984 6.716019999999999
52.80312495150885 6.730810000000001
52.827982978797436 6.67435
52.85284368481815 6.68233
52.87770707160767 6.6479800000000004
52.90276741793998 6.65717
52.92763619336701 6.64445
52.952507655698504 6.601889999999999
52.977381806977576 6.59243
53.00245301017842 6.609089999999999
53.02733256653592 6.58542
53.052214817996074 6.5591
53.077099766608484 6.555039999999999
53.102181859804446 6.53839
53.127072229988265 6.545780000000001
53.15196530349892 6.497000000000001
53.17686108239249 6.4642599999999995
53.20195409881522 6.4827699999999995
53.22685531582556 6.47812
53.25175924441303 6.421209999999999
53.27666588664027 6.45547
53.30176985962693 6.42357
53.3266819565689 6.42994
53.35159677336455 6.3933599999999995
53.376514312083096 6.39435
53.40162927507703 6.360869999999999
53.42655228516116 6.36753
53.45147802340193 6.351780000000001
53.47660125628886 6.329359999999999
53.50153247842639 6.3203
53.52646643496923 6.28215
53.55140312799818 6.28113
53.576537409691696 6.245369999999999
53.60147960336152 6.218459999999999
53.626424539786164 6.2640400000000005
53.65137222105307 6.22361
53.67651758529126 6.23836
53.70147078399681 6.1994
53.72642673383343 6.17928
53.75138543689533 6.200830000000001
53.776541917524526 6.16953
53.801506154876755 6.13316
53.826473151763246 6.12965
53.851442910284916 6.11965
53.87661054126026 6.12143
53.9015858509782 6.11564
53.92656392866066 6.08346
53.95154477641532 6.08533
53.976723591801296 6.06442
54.00171000771266 6.03388
54.02669920004598 6.061719999999999
54.051691170915745 6.051769999999999
54.076881204886796 6.0294
54.101878760928514 6.03702
54.12687910187696 6.01621
54.152077577768296 5.99095
54.1770835166946 5.91021
54.20209224691339 5.94151
54.22710377055121 5.90935
54.25231352511594 5.93027
54.27733066384342 5.88972
54.30235060239643 5.87766
54.32737334290836 5.88467
54.35259441062629 5.806019999999999
54.377622783395324 5.855119999999999
54.40265396455061 5.83649
54.42768795623251 5.7962
54.45292037169559 5.76932
54.477960012857906 5.7919599999999996
54.50300247099511 5.702459999999999
54.52804774825457 5.78808
54.55329154616743 5.68161
54.57834249018678 5.69735
54.6033962597977 5.722180000000001
54.6284528571545 5.646319999999999
54.653708072335164 5.65287
54.67877035378786 5.65855
54.70383546947698 5.55494
54.72890342156389 5.5883199999999995
54.7541700889442 5.52334
54.77924374251975 5.521319999999999
54.8043202390049 5.52112
54.82959552413022 5.48931
54.8546777351945 5.47734
54.87976279569621 5.456840000000001
54.90485070780914 5.49488
54.930137506558005 5.41792
54.95523115074295 5.42109
54.98032765308844 5.411919999999999
55.005427015775496 5.40658
55.03072536339621 5.35619
55.05583047570572 5.30202
55.080938454927676 5.3137099999999995
55.10604930325027 5.25703
55.131359235107396 5.301769999999999
55.15647585066083 5.2443
55.181595341907496 5.26779
55.20671771104285 5.20529
55.232039262617704 5.16828
55.25716741665048 5.1544300000000005
55.28229845518636 5.17694
55.30743238042802 5.1596400000000004
55.33276558731939 5.11897
55.357905315183636 5.04683
55.383047936390035 5.02318
55.40819345314859 5.02779
55.433538351073295 5.0292699999999995
55.458689688238415 5.02281
55.483843927614096 4.93466
55.509197623043605 4.91359
55.53435769621134 4.93121
55.55952067826466 4.87437
55.5846865714265 4.89241
55.61005202069737 4.9319
55.63522376553902 4.94014
55.66039842818645 4.81536
55.68557601087004 4.80757
55.7109532500271 4.70405
55.73613670233794 4.75435
