TT I
1.2716486653135266 7.5918399999999995
1.2939594142134223 6.88945
1.3162702121660406 7.54627
1.3385810600174564 7.445460000000001
1.3608919586137629 7.20028
1.383202908801069 6.69865
1.405513911425503 6.21932
1.4278249673332093 6.6127
1.4501343378461518 6.149290000000001
1.4724455028545926 5.635190000000001
1.4947567236847858 5.87253
1.517068001182951 5.84311
1.5393793361953272 6.18089
1.5616907295681737 5.90011
1.5840021821477681 5.45352
1.60631369478041 4.659
1.6286252683124185 5.49549
1.6509369035901333 5.06467
1.6732468618895553 5.56185
1.695558623192809 4.87476
1.7178704487808514 4.5762
1.7401823395001077 5.0399
1.7625012545597203 5.16885
1.7848028405262486 5.05701
1.8071218901122095 4.58767
1.8294236121921872 4.66066
1.8517427996910911 4.59868
1.8740620574440425 4.36341
1.8963639900671978 4.6731
1.9186833908139995 5.3851
1.9409854680117449 5.72539
1.9633050151394713 4.91641
1.9856246367570705 4.7153599999999996
2.0079269371922672 5.0484599999999995
2.03024671027244 4.53043
2.0525491637446027 4.783440000000001
2.074869091674931 4.5834
2.097171701569106 4.4751
2.1194917877373847 4.97414
2.141811954326636 4.87365
2.164114805233074 4.96579
2.186435135143035 6.21903
2.208738150935709 15.4514
2.231058647554722 32.6775
2.2533792288321184 25.5817
2.275682498336085 11.3698
2.298003251406138 6.11458
2.3203066942619714 5.53311
2.3426276225136022 5.42162
2.3649486396617507 5.39921
2.387252348930071 5.74071
2.4095735463442893 6.05166
2.4318774374315884 6.4021300000000005
2.4541988185014043 6.037730000000001
2.476502894794693 6.81888
2.498824462909887 7.301760000000001
2.521146125856138 6.771730000000001
2.5434504863470337 7.51645
2.5657723414244717 7.69652
2.588076895590662 7.9280100000000004
2.610398946189713 7.733110000000001
2.6327210958598384 7.91568
2.6550259469304716 7.6072
2.6773482972090137 7.95298
2.6996533504259 8.515789999999999
2.7219759047039602 7.83915
2.744298562293959 8.425980000000001
2.7666039251246595 8.22669
2.7889267918020164 8.39129
2.8112323652516555 8.592080000000001
2.833555444408179 8.58694
2.8558786311183852 8.3392
2.8781845268938557 8.90599
2.9005079311721484 8.96477
2.9228140460410397 9.14594
2.9451376712799635 9.04367
2.967444008632326 9.49964
2.9897678582247247 9.50666
3.0120918213106695 10.3165
3.0343984987899373 11.390999999999998
3.0567226913198637 11.2129
3.079029599759726 11.7307
3.101354025127254 12.4265
3.123678568232338 13.2211
3.145985829517914 13.2856
3.16831061055229 13.6028
3.1906181112775593 14.3287
3.212943133635653 14.8734
3.2352682779763207 15.0261
3.2575761442691227 15.4437
3.2799015350264273 15.749
3.302209649240067 16.4918
3.3245352898092655 17.0048
3.3468436553365257 17.6136
3.369169549113219 18.097
3.3914955708171384 18.6936
3.413804319727358 18.834
3.4361305997334863 19.0561
3.4584396084414553 20.1376
3.4807661501462652 20.6874
3.503092824025881 20.9596
3.5254022288463154 21.2611
3.5477291695206588 22.298000000000002
3.5700388426251948 22.9424
3.5923660534916446 24.6967
3.6146934007816114 41.3533
3.637003482731501 100.381
3.6593311053109985 114.086
3.681641464033634 63.2004
3.7039693653009733 32.033
3.726297407241705 26.2466
3.7486081875460804 26.3619
3.7709365132734978 26.4087
3.793247578841633 26.3454
3.8155761917550093 26.7923
3.8378875459837216 27.2255
3.8602164494827234 27.3055
3.882545499606844 28.4711
3.9048572932539183 29.1911
3.9271866390645718 29.559
3.9494987298666713 30.1048
3.971828374764527 31.0334
3.9941581705403255 31.2639
4.016470713506008 31.7613
4.038800813471445 32.6251
4.061113662089144 33.1316
4.0834440696459176 33.874
4.105774632334751 34.1819
4.128087945865126 35.236999999999995
4.150418821249301 36.2045
4.172732448931298 37.4312
4.195063640413578 39.4263
4.2173775856475215 43.8694
4.239709096631102 80.1687
4.262040768704612 268.775
4.284355196706267 369.95099999999996
4.306687193387355 237.68599999999998
4.329001947444346 89.4834
4.35133427213731 49.8915
4.373666762177566 45.4349
4.395982011761091 45.2142
4.418314834921175 46.248999999999995
4.44063041906622 55.155
4.4629635787515625 67.8631
4.4852969080429785 67.6113
4.5076130004776225 55.53
4.529946671403969 50.2496
4.552263106909177 50.0503
4.574597122877047 51.297
4.596931312711224 53.0037
4.619248269273446 53.6079
4.6415828092605835 54.4568
4.663900117405352 55.3398
4.686235010953232 56.0733
4.708552674085913 58.238
4.730887924602802 59.9471
4.753223354952695 60.9079
4.775541557023902 62.1326
4.797877349456786 64.0238
4.820195915032126 65.8498
4.842532072957498 67.4098
4.864868414979744 69.3849
4.88718753227192 71.5728
4.909524244902505 73.4645
4.931843734218147 75.2499
4.954180820867835 77.6754
4.976518095879839 80.6974
4.998838149695359 82.9982
5.021175803844231 86.7355
5.043496238205739 89.8066
5.065834274903528 94.1198
5.088172504230693 99.2711
5.1104935158799565 105.939
5.132832132875765 128.13
5.155153533596801 178.243
5.1774925416746225 213.229
5.199814334878411 343.912
5.2221537374521505 952.943
5.244493338631803 2740.14
5.266815727034316 7366.12
5.289155727832427 12467.7
5.311478517248165 8931.64
5.333818921080011 2992.23
5.356159527788849 603.472
5.3784829252032536 194.68
5.400823940070432 147.656
5.423147747031976 129.93
5.445489173474152 120.25200000000001
5.467830807066149 114.137
5.490155234831516 109.555
5.512497285125229 106.726
5.534822130975162 104.618
5.557164601388673 102.603
5.579489868738879 99.7638
5.601832762690846 98.9406
5.6241758697774475 98.42299999999999
5.646501775867269 96.8937
5.668845311622074 95.1326
5.691171647754637 94.7605
5.713515615597765 93.12700000000001
5.735859800852677 92.5038
5.758186788542988 91.5563
5.780531411018185 91.5494
5.802858837297399 91.3012
5.825203900414495 91.2707
5.8475491852224 91.1032
5.869877275883075 91.7046
5.892223006467101 92.7679
5.914551544266608 94.1725
5.936897724049891 96.8065
5.959244129804903 101.565
5.981573344815301 116.805
6.0039202049061 198.458
6.026249875609095 430.832
6.04859719346037 950.428
6.070927323278297 2131.12
6.093275102315365 4392.83
6.115623113320588 5325.5
6.137953938319995 3559.02
6.160302415650845 1123.64
6.182633708324452 260.95799999999997
6.2049826554078376 119.08
6.227331838745022 94.8864
6.249663839443684 86.8185
6.27201349767565 84.3719
6.294345974611799 91.5558
6.316696111167083 105.97399999999999
6.339046488263839 99.6998
6.361379686074702 82.2503
6.383730546639482 73.0885
6.406064229255215 69.6723
6.428415576718203 68.7926
6.450749747566656 67.4789
6.47310158535871 66.5775
6.495453669698332 65.8553
6.517788579421056 65.1705
6.540141159237969 63.952
6.562476565766648 63.6199
6.5848296444934045 63.2476
6.607182974060425 63.0223
6.6295191323281015 63.3665
6.651872965955752 67.1345
6.6742096296068985 98.0453
6.6965639707294615 153.49
6.71891856698715 154.847
6.741255995248479 102.052
6.763611104154477 69.8199
6.785949046381137 60.9377
6.808304671371482 59.1416
6.8306605557940046 58.6076
6.852999275508618 57.8311
6.875355681171544 57.302
6.897694923437771 57.0773
6.92005185377892 56.9496
6.9423916220322655 56.9829
6.964749080490181 56.5138
6.987106804399774 56.2921
7.009447368180821 56.0477
7.031805625367033 55.6808
7.054146723727803 55.7794
7.076505517631004 55.3527
7.098864581288365 55.5132
7.121206488070854 55.3457
7.143566093607822 55.3108
7.165908543567245 55.8012
7.188268694426048 56.1397
7.2106291193438095 55.9489
7.232972390625943 57.5911
7.255333366030969 72.2042
7.277677189091925 136.295
7.300038718428332 196.15599999999998
7.322400526130865 164.12900000000002
7.344745183422596 97.1174
7.367107550224791 63.8668
7.389452767901992 57.106
7.411815697249891 56.0986
7.434161478756298 54.8681
7.456524974096713 54.7509
7.478888753837185 54.7117
7.501235387657368 55.1784
7.523599738562711 55.2579
7.545946944825532 55.3664
7.568311870344528 55.7176
7.5906770845765665 56.2505
7.613025156078678 57.905
7.635390950099687 58.8816
7.657739602662809 58.1222
7.680105979923558 56.4965
7.702472650212829 56.1846
7.724822180948224 56.028999999999996
7.747189439655568 56.2745
7.769539560075357 56.4705
7.791907410653562 57.1414
7.81425812420825 57.0564
7.836626570110925 57.2285
7.858995315087906 57.9702
7.881346924933401 57.9449
7.903716270417482 58.5725
7.926068482028405 58.8566
7.948438431475253 59.1627
7.9708086843180235 59.816
7.993161805171116 60.3676
8.015532667162402 61.0242
8.037886398416653 61.9577
8.060257873014221 62.6132
8.082629655331942 62.8764
8.104984308787587 64.0656
8.127356708900503 67.5223
8.149711981398308 74.05199999999999
8.172085002766314 76.9348
8.194458336181368 73.3699
8.216814543847752 70.1825
8.23918850371002 69.9546
8.26154533906492 70.3573
8.283919928836452 71.8841
8.306277395339652 72.9048
8.328652618483376 73.9992
8.351028159736202 75.9553
8.373386579575245 78.293
8.395762759396959 79.8076
8.418121819038275 85.1625
8.440498640894003 99.9812
8.462875785192262 115.86
8.485235811156207 125.605
8.507613602688501 158.863
8.529974277114228 239.007
8.552352719347912 374.295
8.574731488360351 628.632
8.59709314210385 1141.13
8.619472567021075 1791.64
8.64183487789147 2179.79
8.664214962183097 1852.48
8.686577933647762 1025.1
8.708958680784317 397.095
8.731339760774953 172.354
8.753703729764451 113.69
8.77608547780821 100.348
8.798450116065078 96.1349
8.820832535634787 93.2281
8.843215292401656 91.5904
8.865580941199045 90.3484
8.887964374703538 89.184
8.910330701447199 90.229
8.932714815164482 93.2864
8.955099270424924 92.3949
8.977466620733543 88.9124
8.999851761421976 85.6868
9.022219798361645 83.9571
9.04460562795561 84.0286
9.066991803441677 83.4571
9.089360876979615 83.0328
9.111747746589993 82.8759
9.13411751544971 82.1522
9.156505082664324 81.9007
9.178875550323522 82.4215
9.20126381862328 83.0105
9.223652438908596 83.2431
9.246023961427412 82.6776
9.26841328802173 82.6204
9.290785518039224 82.3622
9.313175554425882 82.5259
9.335565947154315 82.713
9.357939245086508 82.9361
9.380330352834827 82.8863
9.40270436697103 83.0621
9.425096193225055 82.9918
9.447488380180165 83.8096
9.469863475295412 84.1121
9.492256385987508 84.5586
9.514632206018318 85.1525
9.537025843935714 85.6704
9.559402392368193 86.3932
9.581796761000229 87.4392
9.604191496441521 88.1636
9.626569144158516 92.2788
9.648964615551032 97.9034
9.671343000390081 99.9429
9.693739211225699 97.4929
9.716135793237463 94.3785
9.738515290448102 93.1518
9.760912617143402 93.63799999999999
9.783292860202891 94.8876
9.805690935076182 96.6259
9.828089385495742 97.4072
9.850470754023561 99.8324
9.872869957865444 108.338
9.89525208097539 125.681
9.917652041736662 140.274
9.940052382417589 138.898
9.962435644102392 140.266
9.984836746950979 170.232
10.007220771957746 231.21400000000003
10.029622640473708 329.973
10.052007432299963 502.26199999999994
10.074410069984072 790.315
10.096813093716005 1229.59
10.119199042482517 1707.12
10.141602840636468 1927.89
10.163989564971628 1628.46
10.186394141051062 964.1
10.208799107559706 430.619
10.231187001965623 201.41400000000002
10.253592751657669 130.409
10.275981430388155 115.09200000000001
10.298387966769793 114.598
10.320794897965431 117.76899999999999
10.343184759907361 116.837
10.36559248305461 110.255
10.387983138083852 104.444
10.410391656691655 106.306
10.432800574501677 116.45200000000001
10.455192425893369 131.766
10.47760214443012 156.433
10.499994797678786 198.40599999999998
10.522405320453982 271.872
10.54479877906917 388.404
10.567210109595656 505.67800000000005
10.5896218454736 575.244
10.612016518879773 512.63
10.634429067781074 362.08
10.656824555333241 213.808
10.679237920773568 131.809
10.701651695961992 98.3908
10.724048411481384 90.3799
10.746463008485165 86.973
10.768860546937125 85.4637
10.791275969274796 83.5989
10.81369180576079 82.3338
10.836090585366925 81.4438
10.858507252467449 80.1792
10.88090686379991 79.0965
10.903324365036394 78.7185
10.925724811614439 79.0493
10.948143150509463 80.5412
10.970561909719066 79.6378
10.992963615930844 77.1915
11.015383218085756 74.9915
11.037785768347074 73.6796
11.06020621697282 73.0512
11.082627090322113 72.639
11.105030913430326 72.0004
11.12745263854165 72.7683
11.149857314510728 77.2839
11.172279894912576 84.425
11.194702904450653 85.4299
11.217108866490921 80.5534
11.239532736615194 75.2736
11.26193956033512 72.8925
11.284364294577085 71.0452
11.306789462371718 68.5384
11.329197585398376 67.3922
11.351623622610898 67.2583
11.37403261614354 66.3872
11.396459526308487 66.2923
11.418869393879497 65.8795
11.441297180532617 65.5744
11.463725406927658 64.9568
11.486136592353875 65.0866
11.508565700543707 65.805
11.530977768845315 67.7583
11.553407762368774 69.0732
11.575838200059769 68.22399999999999
11.598251599479612 66.2098
11.620682927815501 64.7063
11.64309721895548 63.9123
11.665529441478206 63.67100000000001
11.687962112597958 63.3634
11.710377748130886 63.356
11.732811318753434 63.1789
11.755227854859067 63.117
11.777662328529495 63.1023
11.800079768750786 62.7416
11.822515149015453 62.7401
11.844950984084935 62.9076
11.867369787303163 62.7195
11.889806534289491 62.5082
11.912226250487029 62.7793
11.934663912939751 63.1109
11.9571020346363 62.7707
11.979523127133968 62.9754
12.001962169624331 63.803000000000004
12.024384183972964 64.8621
12.046824150809913 67.3912
12.069264581333726 72.4801
12.091687985297767 78.0569
12.11412934550045 87.6279
12.136553680195208 101.792
12.158995973632788 122.92299999999999
12.181438735204349 149.543
12.20386447284199 178.328
12.226308172985636 206.937
12.24873485024193 203.032
12.271179492516982 172.942
12.293607112949127 134.284
12.316052700916226 100.89299999999999
12.338498763250042 82.1274
12.360927805303868 71.9705
12.383374818673879 67.0088
12.405804812803074 64.876
12.428252780773262 64.6827
12.45070122756722 64.6712
12.473132656675375 64.4126
12.49558206341869 64.7828
12.518014453510101 64.6847
12.540464823770117 64.7556
12.562915677315177 64.8501
12.58534951575545 65.9207
12.607801338171472 68.2696
12.630236146511358 74.3823
12.652688941369085 80.2516
12.675124723177234 80.6953
12.697578494048786 75.8212
12.720032754458185 70.6591
12.742470003354093 68.5949
12.764925245138771 68.1397
12.787363476431278 68.3569
12.809819703166806 68.6123
12.83227642391173 69.1372
12.854716135692716 69.8127
12.877173846755147 70.933
12.899614549869717 71.0202
12.9220732548287 71.8574
12.94453245827299 72.07300000000001
12.966974655289818 73.1607
12.989434858002571 74.0034
13.011878055298721 74.7738
13.034339260862497 75.8662
13.056800969391883 76.8592
13.079245674017244 78.7721
13.101708390774869 80.5699
13.12415410463411 86.8367
13.146617833206086 98.2343
13.169064559883248 110.14200000000001
13.191529303857127 124.24700000000001
13.213994557076367 146.204
13.236442809902437 180.687
13.258909083908291 232.94400000000002
13.28135835851934 294.93
13.30382565690295 363.22
13.326293469022952 413.721
13.348744283242008 426.50699999999995
13.371213125129904 370.23800000000006
13.39366497011003 275.29400000000004
13.416134845360597 184.419
13.438605238843131 128.293
13.46105863690397 106.835
13.483530069144786 104.766
13.505984506951902 109.693
13.528456981549432 119.05
13.550929978879088 133.285
13.573385983253365 156.21
13.595860028340867 192.317
13.618317081455832 242.53099999999998
13.64079217790333 295.33
13.663250283359057 344.085
13.685726434770173 373.466
13.708203115221277 345.175
13.730662806148091 272.803
13.75314054697177 196.825
13.775601299246777 134.781
13.798080104050406 100.671
13.820559442405358 86.5813
13.843021793671388 82.4621
13.865502201420897 80.2733
13.887965623051947 79.8911
13.910447103807167 78.6375
13.932929122629764 77.2783
13.955394156785959 76.8568
13.977877254034569 76.1469
14.000343367582113 75.1632
14.022827546871707 74.587
14.045294743423524 74.014
14.06778000837062 73.2483
14.090265817715476 73.014
14.112734645763819 72.8041
14.13522154619454 72.6785
14.157691466286913 72.8923
14.180179461423874 72.9599
14.202668005486178 71.8799
14.22513957064374 71.0524
14.247629214846473 70.6333
14.270101881097517 70.1636
14.29259262906496 70.7259
14.315083930490205 71.8419
14.337558255389705 72.2072
14.360050666019726 71.9111
14.382526101071944 70.7588
14.405019624534942 69.5067
14.427513705993134 69.1275
14.449990813291825 68.9969
14.47248601302899 68.793
14.49496423954951 68.8311
14.517460561197822 69.024
14.539939910570322 68.7708
14.562437357763558 69.317
14.58493536931253 70.6445
14.607416409993311 71.5362
14.62991555254159 72.3809
14.652397725157423 71.9711
14.674898002342799 71.1089
14.697398848433282 70.7071
14.719882725991326 71.0074
14.74238471217934 71.6609
14.764869730765593 74.6612
14.787372860692983 78.0213
14.809876564079925 82.5747
14.83236330125751 87.8167
14.854868153850365 96.0663
14.877356041159485 108.898
14.899862046604186 126.787
14.922351087688757 150.68200000000002
14.944858249632887 177.81599999999997
14.967365991421232 202.075
14.989856770231246 218.82
15.012365673994204 216.359
15.03485761569738 190.046
15.05736768508665 151.628
15.07987833888692 118.133
15.102372032001655 92.9373
15.124883856909658 78.0581
15.14737872204565 72.8803
15.169891721717274 70.9801
15.192405310371893 70.7835
15.214901940621196 71.3773
15.237416709527137 71.7245
15.259914520936249 71.9174
15.282430473753607 70.7888
15.304947020131227 69.3794
15.327446610371178 68.4858
15.349964346154254 67.4391
15.372465126703139 67.1353
15.394984055556009 66.6506
15.417486030076159 66.5677
15.44000615566487 66.1965
15.462526881230803 66.3594
15.485030653812652 66.6203
15.507552581617434 66.5549
15.530057557334603 66.5403
15.55258069104857 66.4979
15.575104429329837 66.5598
15.597611216864632 65.99600000000001
15.620136166564563 65.9246
15.6426441664095 66.4398
15.665170331202765 68.4637
15.687697105158826 71.5102
15.710206930593545 75.1044
15.732734925158933 79.1303
15.755245972089478 85.0224
15.77777519094324 93.9919
15.800287463046663 106.461
15.822817909869592 124.074
15.84534897229804 144.746
15.867863089299354 166.291
15.890395385222186 184.145
15.912910736597423 193.615
15.935444269699861 184.451
15.957978423016485 158.77100000000002
15.980495633101265 129.40200000000002
16.003031029129367 100.31700000000001
16.02554948280019 79.6276
16.048086125229432 69.2405
16.070623392487107 66.3581
16.09314371869582 65.4383
16.11568223789321 64.2156
16.13820381691126 63.3589
16.160743591742527 62.0831
16.183283996022084 60.9798
16.205807461423195 59.8416
16.228349126881973 59.255
16.25087385432698 59.3231
16.27341678466365 58.724
16.29594277784926 58.7253
16.31848697676433 59.0224
16.341031811604868 59.5629
16.36355971058487 59.8592
16.3861058195587 59.4153
16.40863499352978 58.2869
16.431182380342005 57.2942
16.453730407713202 56.4495
16.476261501364792 56.2453
16.498810812136167 55.7826
16.52134319004079 55.8557
16.54389378792203 55.946999999999996
16.566445031001553 55.6164
16.588979342490088 55.3279
16.61153187824822 55.3148
16.634067483263312 54.9582
16.656621315414416 55.1431
16.679175797408888 54.7817
16.701713349928728 54.8481
16.72426913389191 55.1879
16.74680798922351 55.2641
16.76936507887444 55.1834
16.791905240734874 55.146
16.814463639794468 55.1156
16.837022695210294 54.9168
16.859564824093756 55.5612
16.882125194503903 56.4678
16.904668639217885 57.3031
16.927230328348003 57.4661
16.949792678493612 57.4588
16.972338104193863 56.6306
16.994901778652235 55.9541
17.017448529496576 55.7029
17.040013531998152 55.9597
17.06257920018044 56.427
17.0851279459922 56.9291
17.107694947817667 57.7305
17.130245028099072 58.6666
17.15281336730298 59.9076
17.17536478578733 61.6474
17.19793446610687 63.6336
17.220504818648422 66.4658
17.243058251703697 69.4272
17.265629950971032 73.7582
17.288184731571736 78.4606
17.310757781306908 81.9322
17.33333150794385 83.4985
17.355888317140174 83.1767
17.37846339986244 78.2507
17.401021565958885 72.4322
17.42359800851343 66.9661
17.44617513265564 62.8231
17.468735341390783 60.6116
17.491261035594565 59.3854
17.51396340099364 59.0548
17.536490463869136 59.3008
17.559018209820174 59.2585
17.58154663977963 59.3428
17.604251766089718 59.4771
17.626781572227713 59.735
17.64931206518155 59.93899999999999
17.671843245885103 60.4637
17.69455114821572 60.8402
17.717083712612634 61.1347
17.739616967569667 61.1098
17.762150914021706 61.4093
17.78486160749854 61.4048
17.807396945166804 61.7832
17.829932977143503 62.6612
17.85246970436452 63.9346
17.875183204129467 65.6944
17.897721330097664 68.0089
17.920260154126645 70.3816
17.942799677153296 73.4133
17.9655159983646 77.014
17.988056927677544 81.8789
18.010598558807683 89.1004
18.033140892692916 98.7498
18.05586005052525 108.822
18.07840379824407 120.435
18.10094825154059 131.388
18.12366954819864 138.936
18.146215420998306 140.764
18.16876200220057 132.339
18.191309292745153 119.595
18.214033452627167 105.814
18.236582170236648 93.7228
18.259131600016456 87.5218
18.281681742907335 86.7338
18.304408781233683 90.2629
18.32696035875955 94.9581
18.349512652227624 100.29899999999999
18.372065662579683 104.355
18.394795594587553 105.82
18.41735004715306 103.47
18.43990521943684 97.7626
18.46246111238171 88.8431
18.485193953325208 79.2398
18.507751296070428 71.3866
18.530309362314178 66.8797
18.552868153000343 63.9657
18.57560391815056 62.6303
18.59816416623245 61.9627
18.620725141597372 61.4658
18.643286845190268 61.0567
18.666025549835414 60.8019
18.688588718427933 60.1054
18.711152618092243 59.9049
18.73389353884365 59.5165
18.75645890921984 59.2207
18.77902501351406 58.8857
18.801591852673102 58.8982
18.824335739722738 58.2256
18.846904057212626 58.1798
18.8694731124168 57.9349
18.89204290628315 57.938
18.914789774966803 57.6947
18.937361054791623 57.3393
18.959933076131318 57.207
18.982505839934877 57.3991
19.00525570560582 57.0828
19.027829963004184 57.2219
19.05040496572238 57.2732
19.072980714710468 57.2634
19.095733592739563 57.3213
19.11831084296757 57.5191
19.140888842324735 57.9847
19.16346759176222 58.3285
19.18622349753803 58.6821
19.208803755869358 59.5852
19.231384767143577 60.6935
19.253966532312948 61.9626
19.276725481241822 63.8946
19.29930876296784 66.1298
19.3218928014549 69.3583
19.34465404436217 72.9194
19.36723960516257 75.4127
19.389825925592426 76.8308
19.412413006605938 75.9177
19.43517731967805 72.8295
19.457765930683355 68.9358
19.48035530514408 64.4269
19.50294544401556 60.278999999999996
19.525712842708348 57.3867
19.54830451925909 55.6303
19.570896963095727 54.6057
19.593490175174704 54.1374
19.616260674962184 54.0668
19.638855432416964 53.6786
19.661450960992624 53.8774
19.68404726164677 53.7875
19.706820878021247 53.5317
19.729418731756834 53.7277
19.752017360452857 53.4695
19.77461676506804 53.5403
19.797393513540218 53.6031
19.819994478951667 53.8504
19.84259622316767 54.595
19.8651987471481 54.9909
19.887978643247177 55.2925
19.91058273574792 55.4262
19.933187610901943 56.2103
19.955969879466828 57.2852
19.97857632894404 58.6968
20.00118356396599 60.1266
20.023791585494575 62.2226
20.046577028914875 64.9829
20.069186632506966 67.0975
20.091797025500632 68.865
20.114408208858933 69.6654
20.137196842715273 69.6431
20.159809615886765 68.5013
20.18242318232135 65.7821
20.20503754298326 63.7983
20.227829382875154 62.738
20.250445341109344 62.2628
20.27306209647285 62.7447
20.29567964993108 63.8668
20.31847471147704 65.2056
20.34109387027612 65.783
20.363713830075454 65.7653
20.386334591841646 64.7317
20.409132890679302 62.2162
20.431755265564437 59.152
20.454378445325528 56.1839
20.477002430930366 54.0449
20.499803982716553 52.8617
20.522429589228004 52.038000000000004
20.54505600449589 51.5183
20.567683229489194 51.3694
20.590488049900088 50.961000000000006
20.61311690359731 50.5708
20.63574656993626 50.2542
20.658553853717297 49.8912
20.681185154618298 49.9448
20.703817271080066 49.756
20.72645020407368 49.2662
20.749260783967177 49.2062
20.771895359337133 49.2212
20.794530754161617 49.3814
20.817166969412938 49.0868
20.83998086114876 49.0655
20.86261872660049 48.9258
20.885257415405402 48.7966
20.90789692853701 48.744
20.930714147864748 48.6976
20.953355319030678 48.7375
20.97599731745334 48.9853
20.99864014410749 48.8051
21.021460706796564 48.6447
21.044105199328826 49.0737
21.06675052302631 49.1361
21.089396678865015 49.3155
21.112220600704806 49.5896
21.134868430275347 49.9831
21.15751709492456 50.2638
21.180166595629693 50.5574
21.202993892429635 51.067
21.22564507473034 51.3687
21.24829709602816 51.4462
21.27112693608965 51.5271
21.293780644891275 51.5318
21.316435195634053 50.8289
21.339090589297417 50.4163
21.361923832041875 49.8677
21.384580921090404 49.2099
21.407238856007325 48.6639
21.429897637773326 48.6934
21.45273429906592 48.6272
21.475394784108598 48.5064
21.498056118951983 48.4064
21.520718304578022 48.7143
21.543558400304388 48.7892
21.566222297108816 48.7712
21.58888704765135 48.8941
21.61155265291521 49.3252
21.63439619898156 49.7639
21.657063523335786 49.9122
21.67973170537063 50.2901
21.7024007460706 50.964
21.72524775840385 51.702
21.747918526116475 52.732
21.770590155457388 53.6915
21.79326264741238 55.1542
21.816113141960237 57.0217
21.838787368860547 58.7313
21.861462461341976 60.5642
21.884315579735777 62.513000000000005
21.90699241312273 63.8362
21.92967011506078 64.6406
21.95234868653799 64.6685
21.9752053151131 63.8031
21.997885635446785 62.0762
22.020566828293532 60.2791
22.04324889464272 58.3492
22.066109049404666 56.7866
22.088792872571794 56.3353
22.111477572219204 56.2914
22.1341631493376 56.2766
22.157026846313123 56.0275
22.179714188221507 55.5976
22.202402410582668 54.54
22.22509151438863 53.1406
22.24795876962584 51.8486
22.270649646204486 51.086999999999996
22.293341407213727 50.1034
22.316034053646906 49.6852
22.338904883215342 49.282
22.36159931041458 49.2556
22.38429462602756 49.2
22.40699083104897 49.1713
22.429865251039757 49.1747
22.452563244831367 49.2381
22.47526213102522 49.0982
22.49813925616515 49.1003
22.520839937143307 48.8811
22.543541513520587 48.7921
22.56624398629403 48.5578
22.589124730075895 48.5061
22.611829005656723 48.9041
22.63453418063466 48.7062
22.657240256008077 48.9536
22.680124634582935 49.18899999999999
22.70283252079775 49.5549
22.725541310413075 49.706
22.74825100442868 49.7182
22.771139033969575 50.1914
22.79385054687155 50.433
22.81656296718292 51.0473
22.83927629590484 52.0729
22.862167992606945 53.0396
22.88488314827121 54.0514
22.907599215359284 55.0314
22.93031619487366 55.9446
22.953211574954405 56.9981
22.975930389478226 58.0267
22.998650119445763 58.2289
23.02137076586092 57.6551
23.044269845560063 56.5228
23.06699233506288 54.9714
23.089715744034912 53.4275
23.112617610931565 51.6756
23.135342869061212 50.461999999999996
23.158069049684816 49.5246
23.1807961538087 49.0517
23.20370174880544 48.9613
23.226430710184808 49.0644
23.249160598093425 49.0818
23.271891413539002 48.9119
23.294800752937697 48.9243
23.31753343374794 49.1533
23.340267045128353 49.1589
23.36300158808808 49.5231
23.38591468821339 49.7699
23.408651104658304 50.1614
23.431388455719986 50.8507
23.454126742409 51.7364
23.4770436196085 52.6252
23.499783787914662 53.7962
23.522524894889884 54.8285
23.54526694154616 55.8356
23.56818761219047 57.0151
23.59093154860734 57.525
23.613676427751283 58.068999999999996
23.636422250635754 57.4885
23.659346731118656 56.0871
23.68209445191868 54.3602
23.704843119509587 52.2441
23.72759273490623 50.158
23.750521041644767 48.6763
23.77327256312355 47.6911
23.796025035462787 46.9121
23.818956224555475 46.4719
23.841710609113413 46.1773
23.86446594758979 45.8713
23.887222241002014 45.5801
23.910157285144578 45.2849
23.932915498962537 45.5089
23.955674670778713 45.2859
23.978434801611975 45.0179
24.001373717286125 44.8577
24.024135776723917 44.8443
24.046898798245582 44.6375
24.06966278287146 44.6868
24.092605586582614 44.5666
24.115371508023642 44.4055
24.1381383956401 44.2353
24.16090625045381 44.1211
24.183852958731244 44.2147
24.206622758582608 44.248000000000005
24.229393528706886 43.8046
24.252165270127392 43.887
24.27511589952438 43.8744
24.297889594216997 43.6134
24.32066426328598 43.5582
24.34343990775613 43.5934
24.36639447485003 43.4043
24.38917208083877 43.3112
24.41195066531332 43.3307
24.43490819850244 43.4005
24.457688750692377 43.2152
24.48047028445616 43.1007
24.503252800821233 43.2074
24.526214300784112 43.1977
24.548998793132213 43.3154
24.57178427117417 43.1346
24.59457073593893 43.1688
24.617536219319863 43.1013
24.64032466834748 42.9776
24.663114107195035 43.0531
24.685904536893013 42.7672
24.708874020360852 42.7817
24.731666442613744 42.5912
24.754459858818787 42.6464
24.777254270007962 42.3435
24.80022777025625 42.3467
24.82302418230472 42.4801
24.845821592443674 42.4377
24.86862000170663 42.4665
24.891597535453727 42.1998
24.914397953892728 42.5639
24.93719937456671 42.3584
24.96000179851076 42.4382
24.98298338249997 42.6134
25.00578782394922 42.869
25.028593271784167 42.9298
25.05157790644186 43.299
25.07438537804115 43.533
25.097193859145293 43.7656
25.120003350792075 43.9357
25.142992065061257 44.298
25.165803588823465 44.4755
25.18861612625217 44.575
25.211429678386736 44.6468
25.234422489079968 44.8679
25.257238081693636 44.9094
25.280054692141732 44.9421
25.3028723214652 44.9812
25.325869245420463 45.0937
25.348688923599397 45.0615
25.371509623787006 44.9942
25.394331347025812 44.7371
25.41733240110666 44.4503
25.440156181590016 43.7862
25.46298098826268 43.3538
25.48580682216873 42.8031
25.50881202326435 42.2367
25.53163992281684 41.6701
25.55446885274561 41.3499
25.577298814096377 41.0426
25.600308179121807 40.9347
25.623140214533745 41.1234
25.64597328451537 41.0389
25.66898578564376 40.6975
25.691820936010206 40.7348
25.714657124097695 40.7652
25.737494350954734 40.7092
25.760511045684957 40.6249
25.783350361364224 40.7188
25.806190718969255 40.8439
25.82903211955018 40.8408
25.852053024868923 40.7708
25.874896522722523 40.9399
25.897741066713106 40.8537
25.920586657892454 40.8981
25.943611790812668 41.0418
25.966459487728237 41.1451
25.989308234998564 41.1027
26.01215803367705 41.505
26.03518741123814 41.6729
26.05803932412957 41.8604
26.080892291600094 41.7269
26.10374631470478 41.7875
26.12677995397268 41.7131
26.14963609978026 41.729
26.172493304397875 41.4992
26.19535156888223 41.34
26.218389486949604 41.0194
26.241249882640123 40.7585
26.26411134137826 40.5434
26.28715248187403 40.5478
26.31001607820869 40.2345
26.3328807407756 40.1025
26.35574647063438 40.255
26.37879191991473 40.2241
26.401659795896734 40.3153
26.424528742360263 40.5026
26.447398760366614 40.6807
26.470448535598294 40.7827
26.49332070826805 40.9406
26.516193955675355 41.2548
26.53906827888316 41.4323
26.562122397260108 41.5182
26.584998883685063 41.8694
26.607876449110325 41.9762
26.63075509460056 42.11
26.65381357334404 42.3984
26.67669439061878 42.2894
26.699576291163382 42.2232
26.722459276044212 42.2033
26.745522132402975 41.8435
26.768407297649354 41.742
26.791293550442003 41.3252
26.814180891848974 41.1077
26.837248143099337 40.7963
26.860137673466657 40.6204
26.88302829566349 40.4294
26.90592001075963 40.3006
26.92899167420566 40.0968
26.951885586870763 39.6506
26.974780595655517 39.5839
26.99785558178161 39.496
27.020752794605112 39.216
27.043651106772522 39.0508
27.06655051935668 38.9579
27.089629948036183 38.8943
27.112531573292053 38.9355
27.135434302194138 38.9797
27.158338135817015 38.8272
27.181422024430987 38.7174
27.204328079372566 38.6619
27.22723524226965 38.6905
27.250143514198573 38.8857
27.273231880156334 38.8391
27.296142382065014 38.5547
27.319053996245536 38.555
27.341966723775965 38.656
27.365059584515222 38.7543
27.38797455070062 38.7347
27.410890633481237 38.619
27.433807833936918 38.6631
27.456905206923906 38.6472
27.47982465472398 38.6283
27.502745223449743 38.6565
27.525666914182825 38.8381
27.548768816912457 38.7923
27.571692763693633 38.7546
27.59461783573812 38.5335
27.617723149491244 38.3945
27.640650484125285 38.2902
27.66357894728264 38.3504
27.686508540048052 38.3841
27.709618414237887 38.1701
27.732550278321757 38.0546
27.755483275279115 38.0054
27.778417406196485 38.096
27.801531858397514 38.1116
27.824468269376716 37.9739
27.847405817586786 38.0017
27.870344504116094 38.2424
27.893463551932008 38.2141
27.916404527281053 38.3572
27.93934664422563 38.4434
27.962289903855886 38.5162
27.98541356491974 38.7662
28.00835912214229 38.9189
28.03130582533231 39.2135
28.054253675581805 39.1521
28.077381967556104 39.1275
28.100332124185126 39.1583
28.123283431160893 39.1011
28.146235889577238 39.0503
28.169368830154156 38.8915
28.192323603752033 38.7071
28.215279532083304 38.3679
28.238415973016764 38.3065
28.261374223145094 37.998000000000005
28.284333631303806 37.8619
28.307294198589954 37.7162
28.330435319167677 37.3846
28.353398217078915 37.2589
28.376362277420153 37.0213
28.39932750129032 36.8322
28.422473319286713 36.5781
28.44544088262495 36.5513
28.468409612800283 36.3889
28.491379510913497 36.1124
28.51453004413313 36.0912
28.53750229057244 36.0705
28.56047570826344 36.0715
28.583450298308804 36.1794
28.606605564586562 35.8936
28.629582511831156 35.9026
28.65256063474956 35.8508
28.675539934446338 35.8075
28.698699951647605 35.7772
28.72168161743193 35.6016
28.74466446331978 35.6707
28.767648490417624 35.5859
28.790813276438353 35.5006
28.813799678527303 35.6883
28.836787265157085 35.7033
28.859955641890075 35.6448
28.882945610203045 35.6935
28.905936766392035 35.3731
28.928929111566863 35.6038
28.952102288520145 35.5328
28.975097024308607 35.3345
28.998092952423807 35.1107
29.021090073977508 34.9668
29.04426806913204 35.0777
29.067267590245258 34.8328
29.090268308143695 34.7432
29.11327022394099 34.694
29.13645305530891 34.7036
29.159457379627167 34.6108
29.18246290519685 34.4817
29.20546963313352 34.4298
29.22865731875826 34.4699
29.25166646419296 34.4286
29.27467681535305 34.2897
29.29768837335608 34.4525
29.320880931312562 34.4494
29.34389491580634 34.4278
29.366910110507334 34.3279
29.38992651653503 34.3839
29.41312396492981 34.3409
29.436142806456754 34.2548
29.45916286268059 34.184
29.48236399319994 34.1022
29.50538649169417 33.9692
29.528410208259935 33.8554
29.55143514402014 33.6847
29.574641196749695 33.5438
29.597668583816574 33.5689
29.6206971934585 33.4215
29.64372702680042 33.4076
29.666938019934474 33.3246
29.689970313635285 33.194
29.713003834422636 33.1711
29.73603858342347 33.1076
29.759254535188578 33.0794
29.78229175361658 33.0052
29.80533020365064 33.0106
29.82836988641968 33.103
29.85159081507472 32.9486
29.874632976355343 32.8999
29.89767637376955 33.0169
29.920721008448314 32.7445
29.9439469322847 32.71
29.96699405457564 32.626999999999995
29.9900424175358 32.7772
30.013092022298157 32.6985
30.03632295963995 32.6156
30.059375061131373 32.6702
30.08242840783577 32.7106
30.105483000888153 32.6761
30.128718970092244 32.5671
30.151776069006917 32.4654
30.17483441768648 32.5713
30.198074175317235 32.4921
30.221135036724256 32.5095
30.24419715131772 32.5689
30.267260520236203 32.4078
30.290505341942243 32.4262
30.313571232750228 32.4769
30.336638381310948 32.4887
30.35970678876503 32.3502
30.38295669299435 32.2592
30.40602763151657 32.3303
30.429099832366074 32.3278
30.452173296685572 32.1787
30.47542830191959 32.2235
30.498504306502497 32.2393
30.521581577995562 32.3393
30.544660117543582 32.306
30.56792024229725 32.292
30.59100133132069 32.1825
30.614083691845494 32.2807
30.637167325018545 32.2876
30.660432587840603 32.492
30.683518779717886 32.2851
30.70660624769615 32.2622
30.729694992924372 32.1928
30.75296541239743 32.3421
30.77605672557558 32.2353
30.799149319462742 32.2218
30.8224236211637 32.1013
30.845518789950724 31.9426
30.868615242910597 32.0095
30.891712981195973 31.9309
30.91499247215866 31.7364
30.938092794619365 31.7464
30.96119440587579 31.6949
30.984297307082752 31.586
31.00758200598383 31.500999999999998
31.030687500658694 31.5374
31.053794288760695 31.4012
31.076902371446767 31.2075
31.100192296997445 31.305999999999997
31.12330298246119 31.3194
31.14641496599209 31.1523
31.169528248749216 31.0939
31.19282341969534 31.0753
31.215939314557186 31.1681
31.239056512134788 31.1348
31.262175013589378 31.1962
31.28547544871168 30.975
31.30859657161541 30.9363
31.331719001892175 30.9906
31.35484274070538 31.0325
31.378148458819545 31.0154
31.401274828443725 30.9553
31.424402510106933 31.0408
31.447712205419993 31.1162
31.470842524931633 30.9942
31.493974159989783 31.0382
31.51710711176168 30.9658
31.54042212308802 30.9459
31.563557722100917 30.8536
31.586694641341655 30.7311
31.609832881979628 30.683000000000003
31.63315322823208 30.5388
31.656294125521327 30.3906
31.679436347728515 30.4302
31.70257989602529 30.3535
31.725905596152327 30.304000000000002
31.74905181052835 30.2589
31.772199354521323 30.406999999999996
31.79534822930507 30.3124
31.818679302290967 30.2744
31.84183085259981 30.2709
31.864983737233473 30.3172
31.88813795736804 30.3795
31.911474422233013 30.2414
31.934631327356435 30.2429
31.9577895715215 30.2027
31.980949155906522 30.2231
32.004291031706956 30.1514
32.027453310562606 29.9957
32.05061693318573 29.9298
32.07396288236386 30.0288
32.09712920658542 29.8962
32.12029687812702 29.7294
32.14346589817093 29.6966
32.166817291729984 29.6404
32.18998902288583 29.6969
32.21316210610336 29.5479
32.23633654256711 29.4282
32.259693399663725 29.3858
32.282870556771144 29.3963
32.30604907069099 29.3183
32.329228942610065 29.3098
32.35259128243769 29.0792
32.375773884550505 28.9754
32.398957848235646 29.0704
32.422143174682176 29.0946
32.445511016471215 28.8991
32.468699082679954 28.8778
32.49188851523011 28.8882
32.51507931531304 28.8153
32.538452678331 28.7516
32.56164622776311 28.6909
32.58484114831493 28.718000000000004
32.60803744118015 28.6441
32.631416344731896 28.6137
32.654615396551876 28.6269
32.67781582427913 28.5199
32.701198898634416 28.4375
32.72440209253756 28.4524
32.747606665947124 28.4531
32.77081262006088 28.3261
32.79420126883317 28.263
32.81740999876112 28.3237
32.840620112999424 28.208000000000002
32.86383161274818 28.0754
32.88722585534586 28.0756
32.91044014056596 28.1992
32.933655814909734 28.1577
32.95687287957963 28.09
32.98027273544904 28.0612
33.00349259526636 27.9989
33.026713849030116 28.0371
33.04993649794511 28.0856
33.073341986570746 27.9743
33.09656744032826 27.9379
33.11979429286444 27.8963
33.14302254538647 27.9661
33.166433686291185 27.8131
33.18966475336992 27.8629
33.212897224069096 27.7142
33.23613109959831 27.7299
33.259547912343415 27.6832
33.2827846121627 27.7835
33.306022720453775 27.682
33.32926223842861 27.592
33.352684742614166 27.5377
33.37592709463173 27.5914
33.399170859982064 27.5326
33.422597648419426 27.3906
33.44584425514446 27.2298
33.46909227885668 27.125999999999998
33.4923417207723 27.1257
33.51577423505344 27.1799
33.539026528130385 27.1333
33.56228024307245 27.0131
33.585535381098246 26.9479
33.60897364093058 26.8919
33.63223163992385 26.8906
33.6554910656699 26.8346
33.678751919389796 26.8347
33.702195944520106 26.7366
33.72545966903325 26.7708
33.74872482519663 26.629
33.771991414233746 26.6618
33.79544122444841 26.6066
33.81871069412428 26.4989
33.84198160035767 26.4996
33.86525394437455 26.539
33.88870955949969 26.4989
33.911984794020626 26.4786
33.93526147001624 26.4089
33.958539588715006 26.4186
33.98200102861669 26.2868
34.0052820477047 26.2056
34.02856451319451 26.1135
34.05203033759056 26.0848
34.07531571090147 26.0718
34.09860253431845 26.1428
34.121890809074316 25.993000000000002
34.145362493118924 26.0166
34.16865368561615 25.9098
34.191946333164054 25.8473
34.21524043699793 25.901
34.23871800066799 25.8598
34.26201503218366 25.7271
34.28531352370466 25.7608
34.30861347646881 25.698
34.33209693978188 25.6235
34.3553998301885 25.6727
34.378704185565205 25.618000000000002
34.402010007152356 25.4752
34.42549939016683 25.4624
34.44880815937748 25.4019
34.472118398533134 25.3344
34.49543010887669 25.36
34.51892543169198 25.2114
34.54224009966052 25.2819
34.56555624255917 25.3293
34.58887386163339 25.1811
34.61237514439016 25.1087
34.6356957311114 25.116999999999997
34.65901779775809 25.0991
34.68252356662995 25.0189
34.705848608458616 25.0392
34.72917513396849 25.0043
34.75250314440949 24.881999999999998
34.77601490857862 24.8838
34.799345904259795 24.8305
34.82267838863559 24.7894
34.846012362958525 24.7856
34.869530142679984 24.6992
34.89286711232212 24.724
34.91620557568269 24.6955
34.93954553401677 24.6561
34.9630693495876 24.5046
34.986412313340814 24.539
35.00975677584668 24.5898
35.033102738362956 24.4663
35.05663261012228 24.4697
35.0799815881786 24.5263
35.10333207003229 24.4127
35.12668405694369 24.4469
35.150220005273056 24.3231
35.17357501786656 24.3312
35.19693153931268 24.2606
35.220289570874385 24.2483
35.24383161619786 24.304000000000002
35.267192683604904 24.2224
35.290555264930376 24.2945
35.314101899412165 24.2453
35.33746752422433 24.1986
35.36083466676374 24.1819
35.38420332829803 24.1454
35.407756095629054 24.1178
35.43112781085063 24.1012
35.45450104888391 24.0567
35.477875810999194 24.0886
35.50143473172161 23.9646
35.52481255774625 24.0787
35.54819191167777 23.9224
35.57157279478914 23.8805
35.595137889488406 23.8538
35.61852184675279 23.8484
35.641907337029984 23.8119
35.665294361595684 23.8
35.68886565090076 23.7175
35.7122557598848 23.6905
35.73564740699838 23.6271
35.759040593519934 23.5594
35.78261809810353 23.5789
35.80601437933051 23.4962
35.829412203814705 23.4403
35.85281157283719 23.3263
35.876395313415884 23.3509
35.8997977874528 23.3024
35.92320180988546 23.2921
35.946790244133936 23.2222
35.97019737933222 23.2026
35.993606066789866 23.1524
36.01701630779276 23.1612
36.04061101440684 23.0769
36.06402437852291 23.1391
36.08743930005611 23.0971
36.1108557802951 22.9743
36.13445678011326 22.9993
36.15787639383515 23.046
36.18129757014299 22.9309
36.20472031032821 22.8345
36.22832762423364 22.8398
36.25175350829375 22.7492
36.275180960119776 22.7068
36.298609981005924 22.7357
36.32222362992669 22.7495
36.34565580510207 22.6692
36.36908955323448 22.6672
36.39252487562093 22.5961
36.416144880530226 22.5152
36.43958336764275 22.5363
36.463023432914625 22.5895
36.486465077645676 22.4197
36.51009145956204 22.4614
36.53353627947859 22.4775
36.55698268276811 22.4499
36.58043067073321 22.4096
36.60406345072071 22.3217
36.62751462435344 22.357
36.65096738658405 22.3019
36.67460498210655 22.1836
36.69806093788647 22.2027
36.72151848619297 22.1011
36.744977628333636 22.1751
36.76862165890998 22.0896
36.79208400512205 22.1596
36.81554794910557 22.0247
36.83901349217101 21.9419
36.862663978991606 21.8912
36.88613273667352 21.8806
36.90960309738324 21.9121
36.933075062434064 21.8153
36.95673202673572 21.8653
36.98020721697122 21.8545
37.003684015502365 21.7655
37.027162423645365 21.6941
37.050825886711465 21.6667
37.07430753063053 21.6372
37.09779078812467 21.5485
37.121275660513014 21.6075
37.144945643673694 21.6177
37.16843376245278 21.5437
37.19192350009803 21.5244
37.215414857931435 21.4938
37.239091382563885 21.3891
37.262585997426164 21.363000000000003
37.28608223645736 21.353
37.309763684451696 21.29
37.33326318851098 21.2422
37.356764320726555 21.1952
37.380267082425526 21.2413
37.40395510942588 21.2364
37.42746114683234 21.160999999999998
37.45096881771841 21.1234
37.474478123414166 21.028000000000002
37.49817275092816 21.0211
37.52168534303452 21.073
37.54519957395567 21.0078
37.568715445024665 20.9712
37.592416694607714 20.8895
37.61593586281424 20.9353
37.63945667518264 20.9646
37.66297913304891 20.7988
37.68668702630454 20.7893
37.710212792059274 20.7681
37.733740207334854 20.7665
37.757269273470364 20.7785
37.780983832050374 20.6366
37.80451621684926 20.624000000000002
37.82805025654007 20.5774
37.851585952464795 20.5173
37.8753071980695 20.4823
37.89884622345676 20.4653
37.92238690911902 20.4447
37.94611318753442 20.3399
37.969657210779765 20.4377
37.99320289834801 20.3441
38.016750251586465 20.2818
38.04048325513017 20.1862
38.06403395679343 20.1989
38.087586328183946 20.1921
38.11114037065203 20.2799
38.13488012115898 20.2436
38.1584375229181 20.0799
38.181996599821 20.1143
38.205557353221124 20.0339
38.229303872575656 20.029
38.2528679961576 20.021
38.27643380031219 20.0211
38.30000128639589 19.9732
38.32375459653193 19.9775
38.34732546371299 19.9626
38.37089801690786 19.8154
38.39447225747609 19.7624
38.418232380377425 19.7017
38.441810012983396 19.7605
38.46538933705673 19.7133
38.488970353960084 19.7482
38.51273731166058 19.7323
38.536321731567014 19.6397
38.55990784840681 19.5711
38.58367995004091 19.5599
38.60726947812959 19.474
38.63086070726198 19.519000000000002
38.654453638806274 19.5396
38.678232613930824 19.4781
38.70182896773327 19.432000000000002
38.72542702806741 19.334
38.7490267963045 19.3509
38.77281266709232 19.3408
38.79641586862214 19.3552
38.8200207821842 19.2688
38.843627409152944 19.2207
38.86742019782782 19.1953
38.891030269149255 19.1538
38.914642058016156 19.1257
38.938255565806124 19.1405
38.96205529464307 19.067999999999998
38.98567225787121 19.0155
39.00929094417078 19.0295
39.03291135492255 18.9743
39.05671804624804 18.9616
39.080341923549106 18.9296
39.103967529460334 18.9004
39.127594865365744 18.8091
39.15140854155791 18.7822
39.17503935514948 18.769000000000002
39.19867190290282 18.747
39.22249083587951 18.7841
39.24612686969409 18.784000000000002
39.269764641845306 18.7369
39.293404153722804 18.697
39.317230110864074 18.6091
39.34087311998506 18.5643
39.36451787301696 18.5919
39.388164371352595 18.4983
39.41199737518003 18.4807
39.43564738196752 18.5106
39.45929913825317 18.45
39.48295264543308 18.4654
39.506792718520884 18.4031
39.530449745387216 18.2962
39.55410852735203 18.2539
39.57776906581474 18.3169
39.60161623079 18.2516
39.625280300200025 18.2936
39.64894613032202 18.1867
39.67261372255866 18.2429
39.6964680021016 18.1425
39.72013913657293 18.1319
39.74381203738292 18.1234
39.76748670593756 18.0811
39.79134812278169 18.0533
39.81502634488497 17.986
39.83870633896685 17.9399
39.862388106436654 17.9247
39.88625668336918 17.9542
39.90994201572829 18.021
39.933629125719285 17.8702
39.957503091207826 17.824
39.9811937746168 17.8683
40.00488623990914 17.8279
40.02858048850006 17.7647
40.05246165409549 17.6867
40.076159487492085 17.6488
40.099859108448875 17.6593
40.123560518384345 17.6877
40.1474489070226 17.6298
40.171153913178564 17.5411
40.194860712584955 17.5877
40.2185693066637 17.5539
40.242464941335314 17.4226
40.26617714307655 17.459
40.289891143772046 17.44
40.3136069448471 17.4182
40.33750984859743 17.3938
40.3612292688043 17.3418
40.3849504936829 17.3335
40.40867352466194 17.3199
40.43258372059144 17.3137
40.45631038219906 17.2924
40.48003885420956 17.2209
40.503769138055105 17.2355
40.52768664931955 17.2153
40.55142057531802 17.1846
40.57515631746428 17.1561
40.599079334038514 17.1278
40.62281872700477 17.0419
40.64655994043941 17.0605
40.67030297578061 17.0464
40.69423334835778 16.9666
40.71798004609188 17.0103
40.74172857006355 16.9444
40.76547892171441 16.8941
40.7894166736039 16.8634
40.813170699248566 16.8702
40.83692655691388 16.819000000000003
40.86068424804498 16.8627
40.884629402612525 16.7738
40.908390779366385 16.7702
40.932153993938 16.6922
40.95591904777605 16.7044
40.979871628443995 16.7078
41.003640379561936 16.6723
41.02741097430883 16.6159
41.05118341413683 16.6149
41.075143444384416 16.5901
41.098919593177826 16.4944
41.1226975914255 16.5131
41.14647744058318 16.4384
41.170444943946755 16.3848
41.19422851378379 16.4623
41.218013938914645 16.3969
41.24198706625173 16.3804
41.26577622087193 16.3167
41.289567235177785 16.344
41.31336011063129 16.3466
41.337340752422875 16.2371
41.361137369129835 16.2505
41.38493585138705 16.1912
41.40873620066004 16.1448
41.43272438060107 16.1075
41.45652848292052 16.0722
41.48033445666918 16.0473
41.50414230331616 16.0596
41.528138045159764 16.0699
41.551949656675205 15.94
41.575763145513235 16.0389
41.59957851314666 15.9515
41.62358184070442 15.9404
41.64740098505737 15.9159
41.6712220126409 15.8713
41.69504492493139 15.868
41.71905586207357 15.8238
41.74288256296395 15.8414
41.766711153007456 15.7282
41.79054163368412 15.7832
41.814560204340054 15.7773
41.838394485526365 15.7834
41.86223066180303 15.7184
41.88625497706819 15.6368
41.910094962812 15.6375
41.93393684811168 15.5989
41.95778063445365 15.5178
41.981812625263366 15.5353
42.00566023303407 15.5627
42.029509746323676 15.4959
42.05336116662236 15.475
42.077400857069705 15.4853
42.10125611078846 15.4489
42.12511327600405 15.4361
42.14897235421036 15.3581
42.173019768448455 15.3149
42.19688269209613 15.2821
42.22074753323349 15.2701
42.24461429335818 15.2683
42.268669455600495 15.2682
42.292540073217886 15.2203
42.31641261433284 15.1289
42.34028708044675 15.1309
42.36435001496739 15.1312
42.38822835065557 15.0978
42.41210861586426 15.0806
42.4359908120986 15.0483
42.46006154323262 15.038
42.48394762115317 14.9935
42.507835634632315 14.9585
42.531912233047436 14.9787
42.55580413732265 14.9262
42.579697981698 14.8725
42.60359376768525 14.892000000000001
42.62767820545945 14.8463
42.65157789440821 14.8424
42.67547952952185 14.8113
42.699383112316 14.7737
42.72347541395347 14.7284
42.74738291190531 14.7281
42.771292362102166 14.7355
42.795203766063516 14.6456
42.819303956130405 14.6523
42.843219287476536 14.63
42.86713657716324 14.6031
42.89105582671383 14.5785
42.91516392983864 14.537
42.939087119032166 14.5049
42.963012272677304 14.5042
42.98693939230129 14.4826
43.01105543317513 14.4459
43.034986504731386 14.4554
43.05891954686589 14.4241
43.08285456110972 14.4021
43.10697856448665 14.3974
43.130917542983475 14.3372
43.15485849820081 14.2728
43.17880143167367 14.2546
43.20293342237094 14.1858
43.226880332449 14.2011
43.25082922540554 14.2087
43.27496722682525 14.1603
43.29892010567796 14.1619
43.32287497204102 14.1784
43.34683182745632 14.0896
43.370977859791836 14.0825
43.39493871351105 14.0556
43.41890156092628 14.0723
43.44286640358341 14.04
43.46702049182749 14.0101
43.49098934522816 13.9332
43.51496019852649 13.9418
43.5389330532723 13.888
43.56309522248204 13.8692
43.58707210044314 13.8404
43.61105098451946 13.7989
43.63503187626491 13.7777
43.659202151562134 13.8066
43.68318707902681 13.7819
43.70717401884041 13.7872
43.731162972560874 13.6894
43.75534137913236 13.6699
43.779334381108384 13.6611
43.803329401683186 13.6345
43.82732644241872 13.6215
43.8515130055166 13.5945
43.87551410707659 13.5303
43.89951723350145 13.5739
43.923709934595614 13.5552
43.94771713129917 13.5185
43.97172635758096 13.4693
43.99573761501002 13.4836
44.0199385169922 13.4591
44.04395385732619 13.4519
44.067971233533086 13.3769
44.09199064718605 13.4014
44.11619977548961 13.3523
44.14022328470671 13.3532
44.16424883610785 13.3587
44.18827643127035 13.3303
44.21249381139513 13.2715
44.236525514814076 13.2014
44.26055926674478 13.2095
44.28459506876863 13.2471
44.3088207262813 13.2025
44.33286064928722 13.1489
44.35690262714919 13.1208
44.38094666145278 13.0707
44.4051806219871 13.0709
44.42922879003185 13.0168
44.45327901929361 13.0136
44.477331311362136 13.0052
44.501573600619416 12.9869
44.525630039221795 12.9354
44.54968854541895 12.9587
44.573937102200176 12.8888
44.5979997645541 12.8817
44.622064499300315 12.8994
44.64613130803592 12.8508
44.67038823869318 12.847999999999999
44.69445921643748 12.8169
44.718532272981385 12.7878
44.742607409926194 12.767000000000001
44.76687274034801 12.7297
44.79095205918753 12.6547
44.81503346325094 12.7161
44.839116954143876 12.651
44.86339071028742 12.6456
44.88747839599524 12.6322
44.91156817336837 12.6054
44.93566004401666 12.5956
44.959942251908146 12.5473
44.984038330325966 12.5395
45.00813650686762 12.4697
45.03223678314731 12.4763
45.05652746888232 12.4357
45.08063196592069 12.4425
45.104738567558705 12.4247
45.128847275414856 12.3806
45.15314646515866 12.3334
45.17725940679741 12.3614
45.20137445952892 12.3259
45.22568004865265 12.3183
45.24979934496396 12.2763
45.27392075725247 12.234000000000002
45.29804428714431 12.231
45.322358426247604 12.2429
45.346486212804315 12.2043
45.370616121861914 12.2064
45.39474815505086 12.1761
45.41907087049246 12.1
45.4432071734666 12.0929
45.46734560548283 12.1199
45.49148616817604 12.1359
45.51581748638564 12.052
45.5399623320197 12.0382
45.56410931325473 11.9964
45.58825843173002 11.998
45.61259837920865 11.9722
45.636751793816 11.9213
45.66090735060093 11.9425
45.68506505120716 11.8921
45.7094136545275 11.866
45.73357566449271 11.8044
45.75773982322992 11.8353
45.78190613238733 11.8209
45.806263418194064 11.7959
45.83043404997326 11.7706
45.85460683713677 11.7428
45.87897065658495 11.7271
45.90314777634752 11.6709
45.92732705646868 11.6941
45.9515084986045 11.6539
45.97588104735473 11.6996
46.00006683541565 11.6222
46.02425479047904 11.6147
46.04844491420549 11.5705
46.0728262191024 11.604000000000001
46.09702070211635 11.5742
46.12121735879483 11.5292
46.14541619080294 11.513
46.169806278764455 11.5
46.194009483459034 11.5174
46.21821486849841 11.4592
46.24242243555223 11.4391
46.266821333570014 11.4239
46.29103328674601 11.3888
46.31524742696538 11.3351
46.33946375590237 11.2562
46.36387149104216 11.3334
46.38809221957392 11.287
46.41231514186606 11.2837
46.436540259597464 11.2523
46.460956858999374 11.2209
46.48518638983522 11.2182
46.509418121166966 11.2191
46.533652054678114 11.1906
46.55807754555709 11.1672
46.58231590571962 11.1896
46.60655647313217 11.1085
46.630988654873654 11.0908
46.655233659129024 11.0789
46.67948087571551 11.0498
46.70373030632484 10.9921
46.72817142736393 11.0664
46.752425308428684 11.0271
46.77668140861147 10.9734
46.80093972960865 10.9184
46.82538981736788 10.8826
46.849652602470904 10.9212
46.87391761349769 10.8851
46.8981848521493 10.821
46.9226439341274 10.789000000000001
46.946915650573224 10.8225
46.97118959976749 10.7891
46.99546578341598 10.7474
47.019933887188216 10.7451
47.04421456235744 10.7308
47.06849747711879 10.7407
47.09278263318286 10.6873
47.11725978640143 10.6661
47.14154944775105 10.633
47.165841355555656 10.6393
47.1901355115306 10.5999
47.214621741924994 10.6213
47.23892041698887 10.5973
47.26322134538975 10.5863
47.28771440635075 10.5044
47.31201986422527 10.5118
47.33632758061436 10.472999999999999
47.360637557241866 10.523
47.38513974410611 10.5031
47.40945426407847 10.4585
47.43377104948137 10.4593
47.45809010204344 10.4394
47.48260144275502 10.407
47.506925052572285 10.4111
47.53125093475548 10.3505
47.55557909103813 10.3064
47.58009961361992 10.3397
47.60443234110732 10.3019
47.62876734791564 10.2918
47.65310463578333 10.2569
47.6776343683373 10.255
47.7019762413987 10.2005
47.72632040075572 10.2333
47.75066684815169 10.1985
47.77520581885936 10.1582
47.799556865477655 10.1126
47.823910205386 10.1437
47.84826584033272 10.1359
47.87281407745551 10.1018
47.89717432569297 10.0974
47.92153687423484 10.0523
47.94609208429692 10.0364
47.97045925671401 10.0292
47.99482873471275 9.99944
48.01920052005013 9.985439999999999
48.04376504619224 10.0129
48.068141469543484 9.9706
48.09252020552573 9.92445
48.11690125590099 9.93554
48.1414751266064 9.86478
48.16586082917454 9.91038
48.19024885144316 9.86225
48.2146391951793 9.842139999999999
48.239222439012764 9.83442
48.26361744916137 9.80381
48.28801478610016 9.80355
48.31241445160131 9.787
48.337007097209366 9.75924
48.36141144338331 9.75728
48.38581812345755 9.68181
48.41022713920929 9.69411
48.434829215320704 9.70336
48.45924292604658 9.71142
48.48365897780325 9.66437
48.50807737237308 9.645389999999999
48.532688907799276 9.64835
48.55711201168574 9.61173
48.581537463754074 9.587439999999999
48.60615611725119 9.5279
48.63058628942721 9.54227
48.65501881516546 9.52203
48.6794536962573 9.50647
48.70408185970339 9.49962
48.72852147531801 9.48901
48.75296345168211 9.4285
48.77740779059232 9.436860000000001
48.80204549302823 9.47527
48.82649458091802 9.39253
48.85094603676547 9.374889999999999
48.87539986237231 9.36151
48.90004713292306 9.336110000000001
48.92450572200832 9.34323
48.94896668628025 9.30712
48.97343002754588 9.28365
48.99808689542115 9.3094
49.02255501470614 9.27779
49.04702551642794 9.25543
49.0714984023988 9.261560000000001
49.096164896893235 9.23007
49.120642575466796 9.181989999999999
49.145122643748394 9.18246
49.16960510355558 9.16129
49.19428125404938 9.15847
49.2187685210852 9.11065
49.243258185121555 9.12946
49.26794160167084 9.063239999999999
49.2924360839405 9.031789999999999
49.31693296869764 9.02767
49.34143225776915 9.045060000000001
49.36612538195438 8.99438
49.39062950396021 9.008610000000001
49.41513603578346 8.984810000000001
49.4396449792564 8.975480000000001
49.46434784069503 8.95073
49.488861631846454 8.92122
49.513377840166804 8.913269999999999
49.537896467493745 8.87173
49.56260909589029 8.85897
49.587132585683285 8.86624
49.611658500018365 8.86854
49.636186840738596 8.83127
49.66090926588511 8.8305
49.685442483902584 8.791030000000001
49.70997813385706 8.73782
49.734516217597076 8.77588
49.75924846937352 8.752130000000001
49.7837914452858 8.74279
49.80833686055187 8.70734
49.83288471702571 8.69633
49.85762682540054 8.68213
49.882179588965734 8.66089
49.9067347993235 8.62546
49.93129245833333 8.63636
49.95604445336378 8.617180000000001
49.98060703442832 8.56495
50.005172069746266 8.57403
50.02993150438364 8.58152
50.05450147301533 8.59324
50.07907390151433 8.543989999999999
50.10364879174981 8.51774
50.12841816587289 8.48142
50.1529980044635 8.48628
50.17758031042124 8.47217
50.20216508562089 8.43415
50.22694442953363 8.39546
50.25153416817468 8.41597
50.27612638170508 8.42795
50.300721072005196 8.382480000000001
50.325510416102105 8.384780000000001
50.350110084975064 8.32367
50.37471223628208 8.32194
50.39931687190919 8.331439999999999
50.424116246675766 8.30419
50.44872587605249 8.28018
50.47333799543065 8.27444
50.49795260670191 8.26707
50.52276204271512 8.24564
50.54738166295838 8.22062
50.57200378079314 8.234630000000001
50.596628398116835 8.18935
50.62144792604559 8.1882
50.646077567609396 8.14327
50.670709714377715 8.15817
50.69553683636198 8.14397
50.72017401885922 8.131219999999999
50.7448137122895 8.10538
50.76945591856022 8.08474
50.79429318636823 8.07452
50.818940443716784 8.1
50.84359021965163 8.061860000000001
50.868242516085964 8.03173
50.893089960641895 7.99419
50.917747323549435 7.965260000000001
50.94240721271973 7.991280000000001
50.96706963007175 7.932519999999999
50.99192728239342 7.93174
51.01659478166073 7.95259
51.04126481489051 7.925789999999999
51.06593738400761 7.90407
51.090805275207074 7.8877
51.11548294172845 7.9041
51.14016314993547 7.869789999999999
51.164845901758845 7.84506
51.18972406304274 7.817489999999999
51.21441192780656 7.77531
51.23910234200271 7.8088
51.2637953075678 7.7781899999999995
51.288683770237945 7.720739999999999
51.31338186432707 7.742380000000001
51.33808251561888 7.73422
51.362978729967345 7.7401
51.387684521509755 7.69873
51.41239287610203 7.6673
51.437103795691165 7.65523
51.46201036644977 7.6184899999999995
51.486726441956634 7.6366
51.51144508832545 7.65118
51.536166307509156 7.5865100000000005
51.56108326624387 7.55698
51.58580965706056 7.529489999999999
51.61053862657523 7.5323199999999995
51.635270176746864 7.518160000000001
51.66019755512065 7.49905
51.68493429268881 7.481610000000001
51.70967361681515 7.469469999999999
51.73441552946465 7.478389999999999
51.759353359237934 7.500719999999999
51.7841004750961 7.43456
51.80885018539685 7.421639999999999
51.833602492111254 7.368310000000001
51.8585508051424 7.35544
51.883308330926425 7.408710000000001
51.90806845906181 7.4106
51.932831191525715 7.374639999999999
51.95779001977161 7.3396300000000005
51.98255798721516 7.300739999999999
52.00732856494335 7.29868
52.03229530577543 7.300439999999999
52.057071130455945 7.25563
52.081849571391054 7.27646
52.106630630568695 7.250789999999999
52.13160794279417 7.174760000000001
52.15639426492067 7.2293
52.18118321127822 7.21536
52.205974783860896 7.192880000000001
52.23096269971011 7.13122
52.255759551287994 7.15155
52.280559035098186 7.143619999999999
52.30536115314103 7.14319
52.33035970494467 7.1337399999999995
52.35516711807904 7.12144
52.37997717147198 7.0636
52.40478986713005 7.0639899999999995
52.42979908731974 7.00713
52.454617094216 7.00414
52.47943774942214 7.02475
52.50426105495102 6.990989999999999
52.529280976059844 6.974489999999999
52.554109609024096 6.95603
52.57894089837482 6.95776
52.60377484613117 6.9732199999999995
52.62880550079408 6.92627
52.65364479223379 6.9187899999999996
52.67848674816189 6.89543
52.70352547971946 6.885619999999999
52.72837279155837 6.892239999999999
52.753222773982785 6.84318
52.778075429022984 6.83683
52.80312495150885 6.85973
52.827982978797436 6.8315
52.85284368481815 6.804310000000001
52.87770707160767 6.773689999999999
52.90276741793998 6.7523800000000005
52.92763619336701 6.73301
52.952507655698504 6.73216
52.977381806977576 6.725280000000001
53.00245301017842 6.72365
53.02733256653592 6.727239999999999
53.052214817996074 6.7358
53.077099766608484 6.679180000000001
53.102181859804446 6.66628
53.127072229988265 6.625030000000001
53.15196530349892 6.632280000000001
53.17686108239249 6.623239999999999
53.20195409881522 6.61228
53.22685531582556 6.589110000000001
53.25175924441303 6.57119
53.27666588664027 6.52831
53.30176985962693 6.53495
53.3266819565689 6.52468
53.35159677336455 6.55388
53.376514312083096 6.51777
53.40162927507703 6.51242
53.42655228516116 6.48387
53.45147802340193 6.482880000000001
53.47660125628886 6.47547
53.50153247842639 6.427630000000001
53.52646643496923 6.43274
53.55140312799818 6.42905
53.576537409691696 6.3808
53.60147960336152 6.38098
53.626424539786164 6.3865
53.65137222105307 6.32512
53.67651758529126 6.32833
53.70147078399681 6.29955
53.72642673383343 6.31384
53.75138543689533 6.34128
53.776541917524526 6.30273
53.801506154876755 6.289
53.826473151763246 6.24563
53.851442910284916 6.24721
53.87661054126026 6.22095
53.9015858509782 6.251580000000001
53.92656392866066 6.1798
53.95154477641532 6.18595
53.976723591801296 6.18701
54.00171000771266 6.15184
54.02669920004598 6.11501
54.051691170915745 6.1647300000000005
54.076881204886796 6.11669
54.101878760928514 6.11604
54.12687910187696 6.11164
54.152077577768296 6.10006
54.1770835166946 6.06166
54.20209224691339 6.03557
54.22710377055121 6.02444
54.25231352511594 6.0138
54.27733066384342 5.9912
54.30235060239643 5.99159
54.32737334290836 6.00517
54.35259441062629 5.92289
54.377622783395324 5.92598
54.40265396455061 5.94348
54.42768795623251 5.91324
54.45292037169559 5.84123
54.477960012857906 5.87426
54.50300247099511 5.8144800000000005
54.52804774825457 5.831
54.55329154616743 5.81422
54.57834249018678 5.79726
54.6033962597977 5.75586
54.6284528571545 5.76181
54.653708072335164 5.73263
54.67877035378786 5.73543
54.70383546947698 5.68382
54.72890342156389 5.70038
54.7541700889442 5.65914
54.77924374251975 5.66054
54.8043202390049 5.61031
54.82959552413022 5.63857
54.8546777351945 5.5803400000000005
54.87976279569621 5.53873
54.90485070780914 5.52912
54.930137506558005 5.53008
54.95523115074295 5.5259599999999995
54.98032765308844 5.502680000000001
55.005427015775496 5.4705
55.03072536339621 5.44827
55.05583047570572 5.42823
55.080938454927676 5.43757
55.10604930325027 5.3966
55.131359235107396 5.39605
55.15647585066083 5.3773
55.181595341907496 5.328930000000001
55.20671771104285 5.3012
55.232039262617704 5.30321
55.25716741665048 5.23725
55.28229845518636 5.25479
55.30743238042802 5.207409999999999
55.33276558731939 5.2076199999999995
55.357905315183636 5.19295
55.383047936390035 5.16217
55.40819345314859 5.09635
55.433538351073295 5.16547
55.458689688238415 5.105
55.483843927614096 5.00531
55.509197623043605 5.08015
55.53435769621134 5.00185
55.55952067826466 4.92772
55.5846865714265 4.95343
55.61005202069737 4.91409
55.63522376553902 4.9234800000000005
55.66039842818645 4.8772
55.68557601087004 4.8622
55.7109532500271 4.80604
55.73613670233794 4.79591
