TT I
1.2716486653135266 7.22023
1.2939594142134223 6.4909099999999995
1.3162702121660406 6.2958300000000005
1.3385810600174564 6.136430000000001
1.3608919586137629 6.4798599999999995
1.383202908801069 6.273
1.405513911425503 5.92466
1.4278249673332093 6.3756
1.4501343378461518 5.65273
1.4724455028545926 5.45955
1.4947567236847858 4.87033
1.517068001182951 5.55049
1.5393793361953272 5.27479
1.5616907295681737 5.08526
1.5840021821477681 5.39518
1.60631369478041 4.558330000000001
1.6286252683124185 4.3600699999999994
1.6509369035901333 4.25442
1.6732468618895553 4.66448
1.695558623192809 4.35853
1.7178704487808514 4.59657
1.7401823395001077 4.53275
1.7625012545597203 4.08975
1.7848028405262486 4.20446
1.8071218901122095 4.35728
1.8294236121921872 4.43621
1.8517427996910911 4.36578
1.8740620574440425 4.0008
1.8963639900671978 3.9635199999999995
1.9186833908139995 3.82162
1.9409854680117449 4.3706
1.9633050151394713 4.0662
1.9856246367570705 4.09905
2.0079269371922672 4.0332099999999995
2.03024671027244 4.40798
2.0525491637446027 4.10039
2.074869091674931 3.81547
2.097171701569106 3.86907
2.1194917877373847 3.8964300000000005
2.141811954326636 3.89937
2.164114805233074 4.23885
2.186435135143035 4.50946
2.208738150935709 4.72726
2.231058647554722 6.24218
2.2533792288321184 5.64776
2.275682498336085 4.53051
2.298003251406138 4.32765
2.3203066942619714 4.75167
2.3426276225136022 4.44468
2.3649486396617507 5.28632
2.387252348930071 5.500430000000001
2.4095735463442893 5.7804199999999994
2.4318774374315884 5.60884
2.4541988185014043 6.063619999999999
2.476502894794693 6.52308
2.498824462909887 7.267
2.521146125856138 7.29663
2.5434504863470337 6.89013
2.5657723414244717 7.898739999999999
2.588076895590662 8.19711
2.610398946189713 8.073939999999999
2.6327210958598384 8.11684
2.6550259469304716 8.350610000000001
2.6773482972090137 8.29924
2.6996533504259 8.0691
2.7219759047039602 8.7411
2.744298562293959 8.01838
2.7666039251246595 7.69573
2.7889267918020164 8.47021
2.8112323652516555 7.67877
2.833555444408179 7.85262
2.8558786311183852 7.42471
2.8781845268938557 9.48503
2.9005079311721484 8.993269999999999
2.9228140460410397 9.09923
2.9451376712799635 8.869589999999999
2.967444008632326 8.87745
2.9897678582247247 9.45856
3.0120918213106695 10.0951
3.0343984987899373 10.6562
3.0567226913198637 10.7538
3.079029599759726 11.4599
3.101354025127254 11.914000000000001
3.123678568232338 12.273
3.145985829517914 11.9242
3.16831061055229 12.8774
3.1906181112775593 14.0392
3.212943133635653 14.1168
3.2352682779763207 14.2231
3.2575761442691227 14.6581
3.2799015350264273 14.7429
3.302209649240067 15.8007
3.3245352898092655 16.1747
3.3468436553365257 16.783
3.369169549113219 16.9669
3.3914955708171384 17.7446
3.413804319727358 18.2316
3.4361305997334863 18.1262
3.4584396084414553 18.2953
3.4807661501462652 19.2476
3.503092824025881 19.5031
3.5254022288463154 20.0041
3.5477291695206588 20.6612
3.5700388426251948 20.7205
3.5923660534916446 21.5093
3.6146934007816114 22.6608
3.637003482731501 27.8278
3.6593311053109985 30.0988
3.681641464033634 26.6454
3.7039693653009733 23.8385
3.726297407241705 23.7234
3.7486081875460804 23.9644
3.7709365132734978 24.3075
3.793247578841633 24.9152
3.8155761917550093 25.0274
3.8378875459837216 25.3153
3.8602164494827234 26.0519
3.882545499606844 26.7961
3.9048572932539183 27.1138
3.9271866390645718 27.3661
3.9494987298666713 28.4781
3.971828374764527 28.8961
3.9941581705403255 29.1841
4.016470713506008 29.5349
4.038800813471445 30.1707
4.061113662089144 30.9383
4.0834440696459176 31.2035
4.105774632334751 31.8236
4.128087945865126 32.4015
4.150418821249301 32.8916
4.172732448931298 33.5787
4.195063640413578 34.4925
4.2173775856475215 35.4337
4.239709096631102 37.2301
4.262040768704612 51.7931
4.284355196706267 63.592
4.306687193387355 55.8412
4.329001947444346 43.7975
4.35133427213731 40.881
4.373666762177566 40.8488
4.395982011761091 41.0384
4.418314834921175 41.978
4.44063041906622 43.1924
4.4629635787515625 45.1347
4.4852969080429785 46.3409
4.5076130004776225 46.6662
4.529946671403969 46.7577
4.552263106909177 47.1906
4.574597122877047 48.7008
4.596931312711224 49.8304
4.619248269273446 50.8132
4.6415828092605835 51.8139
4.663900117405352 52.4329
4.686235010953232 54.5497
4.708552674085913 55.4133
4.730887924602802 56.551
4.753223354952695 58.114
4.775541557023902 59.2616
4.797877349456786 60.7777
4.820195915032126 62.7188
4.842532072957498 64.1312
4.864868414979744 66.3
4.88718753227192 67.96300000000001
4.909524244902505 69.6357
4.931843734218147 71.517
4.954180820867835 74.2267
4.976518095879839 77.0521
4.998838149695359 79.7568
5.021175803844231 82.8447
5.043496238205739 85.587
5.065834274903528 89.5411
5.088172504230693 93.3607
5.1104935158799565 98.3699
5.132832132875765 105.53299999999999
5.155153533596801 118.814
5.1774925416746225 137.506
5.199814334878411 230.804
5.2221537374521505 812.5160000000001
5.244493338631803 2545.44
5.266815727034316 7297.92
5.289155727832427 13832.3
5.311478517248165 9907.07
5.333818921080011 3346.14
5.356159527788849 658.319
5.3784829252032536 200.308
5.400823940070432 141.996
5.423147747031976 122.70299999999999
5.445489173474152 113.134
5.467830807066149 108.079
5.490155234831516 104.44200000000001
5.512497285125229 100.727
5.534822130975162 99.26299999999999
5.557164601388673 97.3114
5.579489868738879 94.5519
5.601832762690846 93.5544
5.6241758697774475 91.8873
5.646501775867269 91.0838
5.668845311622074 90.3614
5.691171647754637 89.706
5.713515615597765 88.8238
5.735859800852677 87.8276
5.758186788542988 86.9578
5.780531411018185 86.7226
5.802858837297399 86.2227
5.825203900414495 86.9973
5.8475491852224 86.4173
5.869877275883075 86.8937
5.892223006467101 88.2321
5.914551544266608 89.0071
5.936897724049891 91.1666
5.959244129804903 95.3439
5.981573344815301 106.95700000000001
6.0039202049061 164.168
6.026249875609095 395.309
6.04859719346037 890.9780000000001
6.070927323278297 2046.7
6.093275102315365 4469.55
6.115623113320588 5513.38
6.137953938319995 3624.16
6.160302415650845 1091.36
6.182633708324452 241.965
6.2049826554078376 109.24
6.227331838745022 87.2389
6.249663839443684 79.6775
6.27201349767565 75.9574
6.294345974611799 73.9642
6.316696111167083 72.9421
6.339046488263839 71.335
6.361379686074702 68.5419
6.383730546639482 66.4381
6.406064229255215 64.6405
6.428415576718203 64.0857
6.450749747566656 63.3237
6.47310158535871 62.5517
6.495453669698332 61.7659
6.517788579421056 61.1509
6.540141159237969 60.4069
6.562476565766648 59.3952
6.5848296444934045 58.8491
6.607182974060425 58.4116
6.6295191323281015 58.3383
6.651872965955752 57.8276
6.6742096296068985 58.4145
6.6965639707294615 62.7808
6.71891856698715 64.1194
6.741255995248479 59.7762
6.763611104154477 56.7166
6.785949046381137 55.3635
6.808304671371482 54.5773
6.8306605557940046 54.5821
6.852999275508618 53.7132
6.875355681171544 53.6487
6.897694923437771 53.6837
6.92005185377892 53.49100000000001
6.9423916220322655 53.5301
6.964749080490181 52.6339
6.987106804399774 52.2725
7.009447368180821 52.5459
7.031805625367033 52.2935
7.054146723727803 52.1142
7.076505517631004 52.0154
7.098864581288365 52.1944
7.121206488070854 52.1099
7.143566093607822 51.6136
7.165908543567245 51.5519
7.188268694426048 50.8805
7.2106291193438095 50.97
7.232972390625943 51.1757
7.255333366030969 51.5787
7.277677189091925 55.2589
7.300038718428332 61.7072
7.322400526130865 60.8954
7.344745183422596 55.5672
7.367107550224791 52.2557
7.389452767901992 51.7443
7.411815697249891 51.4006
7.434161478756298 51.1688
7.456524974096713 51.4692
7.478888753837185 50.9795
7.501235387657368 52.7664
7.523599738562711 57.6754
7.545946944825532 65.9286
7.568311870344528 69.3695
7.5906770845765665 63.1791
7.613025156078678 55.89
7.635390950099687 53.7068
7.657739602662809 52.7925
7.680105979923558 52.6343
7.702472650212829 52.8002
7.724822180948224 52.813
7.747189439655568 53.1993
7.769539560075357 53.5247
7.791907410653562 54.073
7.81425812420825 53.5545
7.836626570110925 53.7681
7.858995315087906 54.7334
7.881346924933401 54.708
7.903716270417482 55.2355
7.926068482028405 55.568000000000005
7.948438431475253 56.3439
7.9708086843180235 56.8284
7.993161805171116 57.5869
8.015532667162402 57.732
8.037886398416653 58.9874
8.060257873014221 59.1647
8.082629655331942 59.7045
8.104984308787587 60.4249
8.127356708900503 61.02
8.149711981398308 62.3357
8.172085002766314 63.4348
8.194458336181368 64.0846
8.216814543847752 64.7469
8.23918850371002 65.9168
8.26154533906492 66.8194
8.283919928836452 68.5576
8.306277395339652 69.1026
8.328652618483376 70.235
8.351028159736202 72.0255
8.373386579575245 74.293
8.395762759396959 75.7204
8.418121819038275 77.9913
8.440498640894003 81.256
8.462875785192262 86.2756
8.485235811156207 94.331
8.507613602688501 129.25
8.529974277114228 232.99099999999999
8.552352719347912 382.593
8.574731488360351 625.785
8.59709314210385 1111.04
8.619472567021075 1864.19
8.64183487789147 2326.56
8.664214962183097 2025.11
8.686577933647762 1116.52
8.708958680784317 418.517
8.731339760774953 171.955
8.753703729764451 108.836
8.77608547780821 94.9721
8.798450116065078 91.3943
8.820832535634787 88.6911
8.843215292401656 87.2545
8.865580941199045 85.5358
8.887964374703538 84.4919
8.910330701447199 83.8473
8.932714815164482 83.2323
8.955099270424924 82.1083
8.977466620733543 81.4988
8.999851761421976 81.035
9.022219798361645 80.2139
9.04460562795561 80.2675
9.066991803441677 79.834
9.089360876979615 79.5068
9.111747746589993 79.4754
9.13411751544971 78.9601
9.156505082664324 79.1455
9.178875550323522 79.3563
9.20126381862328 81.0499
9.223652438908596 89.3124
9.246023961427412 102.01
9.26841328802173 106.57700000000001
9.290785518039224 98.234
9.313175554425882 87.04299999999999
9.335565947154315 80.9481
9.357939245086508 79.9939
9.380330352834827 79.4867
9.40270436697103 79.8365
9.425096193225055 79.6002
9.447488380180165 80.5058
9.469863475295412 80.9184
9.492256385987508 81.2414
9.514632206018318 81.5615
9.537025843935714 81.572
9.559402392368193 82.2621
9.581796761000229 83.4748
9.604191496441521 83.7191
9.626569144158516 84.7491
9.648964615551032 85.6107
9.671343000390081 86.7468
9.693739211225699 87.5156
9.716135793237463 87.8991
9.738515290448102 88.4627
9.760912617143402 89.4331
9.783292860202891 90.9031
9.805690935076182 91.704
9.828089385495742 92.4578
9.850470754023561 93.8741
9.872869957865444 96.2259
9.89525208097539 99.0599
9.917652041736662 102.647
9.940052382417589 106.335
9.962435644102392 115.26700000000001
9.984836746950979 146.833
10.007220771957746 228.49200000000002
10.029622640473708 352.349
10.052007432299963 524.136
10.074410069984072 778.707
10.096813093716005 1203.12
10.119199042482517 1759.33
10.141602840636468 2106.02
10.163989564971628 1720.56
10.186394141051062 1015.99
10.208799107559706 442.478
10.231187001965623 198.736
10.253592751657669 124.72
10.275981430388155 107.931
10.298387966769793 103.744
10.320794897965431 102.18700000000001
10.343184759907361 100.959
10.36559248305461 99.2154
10.387983138083852 97.9803
10.410391656691655 99.1376
10.432800574501677 107.885
10.455192425893369 130.165
10.47760214443012 163.18200000000002
10.499994797678786 205.49200000000002
10.522405320453982 275.60900000000004
10.54479877906917 388.751
10.567210109595656 513.07
10.5896218454736 594.107
10.612016518879773 576.664
10.634429067781074 404.32
10.656824555333241 233.588
10.679237920773568 142.416
10.701651695961992 103.06700000000001
10.724048411481384 91.6344
10.746463008485165 85.699
10.768860546937125 82.1614
10.791275969274796 79.9866
10.81369180576079 78.5982
10.836090585366925 77.8212
10.858507252467449 76.4189
10.88090686379991 75.6528
10.903324365036394 74.5184
10.925724811614439 73.6551
10.948143150509463 73.7632
10.970561909719066 72.8411
10.992963615930844 72.1149
11.015383218085756 71.0177
11.037785768347074 70.0576
11.06020621697282 69.3981
11.082627090322113 68.5499
11.105030913430326 68.2338
11.12745263854165 67.7685
11.149857314510728 67.2037
11.172279894912576 67.8239
11.194702904450653 67.2735
11.217108866490921 66.6338
11.239532736615194 65.9473
11.26193956033512 65.4299
11.284364294577085 64.8959
11.306789462371718 63.9295
11.329197585398376 63.9121
11.351623622610898 63.965
11.37403261614354 63.1284
11.396459526308487 62.9756
11.418869393879497 62.5836
11.441297180532617 62.2724
11.463725406927658 61.975
11.486136592353875 61.9255
11.508565700543707 61.4896
11.530977768845315 61.8423
11.553407762368774 61.3136
11.575838200059769 60.9637
11.598251599479612 61.0322
11.620682927815501 60.74100000000001
11.64309721895548 60.4126
11.665529441478206 60.3532
11.687962112597958 60.2948
11.710377748130886 60.3631
11.732811318753434 60.1542
11.755227854859067 59.9744
11.777662328529495 59.8231
11.800079768750786 59.6618
11.822515149015453 59.458
11.844950984084935 60.1534
11.867369787303163 59.6778
11.889806534289491 59.9302
11.912226250487029 61.7741
11.934663912939751 64.0078
11.9571020346363 66.4717
11.979523127133968 66.8301
12.001962169624331 65.5438
12.024384183972964 63.36600000000001
12.046824150809913 64.1988
12.069264581333726 69.6211
12.091687985297767 77.4051
12.11412934550045 86.8662
12.136553680195208 100.273
12.158995973632788 121.605
12.181438735204349 147.19299999999998
12.20386447284199 179.21400000000003
12.226308172985636 200.377
12.24873485024193 208.832
12.271179492516982 176.65099999999998
12.293607112949127 133.827
12.316052700916226 96.2821
12.338498763250042 73.6102
12.360927805303868 64.4801
12.383374818673879 62.1312
12.405804812803074 61.4524
12.428252780773262 61.2825
12.45070122756722 61.6278
12.473132656675375 61.5338
12.49558206341869 61.4354
12.518014453510101 61.5257
12.540464823770117 61.5794
12.562915677315177 61.5034
12.58534951575545 62.1727
12.607801338171472 62.0864
12.630236146511358 62.687
12.652688941369085 63.5231
12.675124723177234 64.23
12.697578494048786 64.3035
12.720032754458185 64.082
12.742470003354093 64.168
12.764925245138771 64.7287
12.787363476431278 64.9783
12.809819703166806 65.5632
12.83227642391173 66.1742
12.854716135692716 66.6274
12.877173846755147 67.7105
12.899614549869717 68.1052
12.9220732548287 68.8954
12.94453245827299 69.3714
12.966974655289818 70.3503
12.989434858002571 71.0663
13.011878055298721 71.891
13.034339260862497 73.1064
13.056800969391883 74.2293
13.079245674017244 76.6137
13.101708390774869 78.0682
13.12415410463411 82.2637
13.146617833206086 92.6849
13.169064559883248 108.48299999999999
13.191529303857127 127.234
13.213994557076367 150.04399999999998
13.236442809902437 183.136
13.258909083908291 231.653
13.28135835851934 295.316
13.30382565690295 372.585
13.326293469022952 442.30199999999996
13.348744283242008 450.332
13.371213125129904 379.86
13.39366497011003 278.926
13.416134845360597 182.52599999999998
13.438605238843131 125.911
13.46105863690397 102.34299999999999
13.483530069144786 99.20200000000001
13.505984506951902 107.553
13.528456981549432 121.17299999999999
13.550929978879088 137.10399999999998
13.573385983253365 158.64700000000002
13.595860028340867 191.12900000000002
13.618317081455832 238.87
13.64079217790333 300.934
13.663250283359057 360.32300000000004
13.685726434770173 390.332
13.708203115221277 361.89300000000003
13.730662806148091 288.08099999999996
13.75314054697177 204.577
13.775601299246777 137.385
13.798080104050406 99.7181
13.820559442405358 84.5381
13.843021793671388 79.5695
13.865502201420897 77.6935
13.887965623051947 77.0274
13.910447103807167 75.9243
13.932929122629764 74.8188
13.955394156785959 74.4389
13.977877254034569 73.5328
14.000343367582113 72.5346
14.022827546871707 72.007
14.045294743423524 71.4794
14.06778000837062 70.8473
14.090265817715476 71.0165
14.112734645763819 71.405
14.13522154619454 72.9638
14.157691466286913 74.4558
14.180179461423874 74.2813
14.202668005486178 72.6554
14.22513957064374 70.5296
14.247629214846473 68.5931
14.270101881097517 68.0477
14.29259262906496 67.6468
14.315083930490205 67.5017
14.337558255389705 67.2843
14.360050666019726 67.2072
14.382526101071944 66.8419
14.405019624534942 66.7545
14.427513705993134 66.3662
14.449990813291825 66.6441
14.47248601302899 66.3227
14.49496423954951 66.2876
14.517460561197822 66.5707
14.539939910570322 66.0755
14.562437357763558 66.5938
14.58493536931253 66.8118
14.607416409993311 66.8781
14.62991555254159 67.2062
14.652397725157423 67.4527
14.674898002342799 67.6904
14.697398848433282 67.8019
14.719882725991326 68.4519
14.74238471217934 68.8275
14.764869730765593 70.9493
14.787372860692983 74.7891
14.809876564079925 81.6259
14.83236330125751 89.3973
14.854868153850365 98.4795
14.877356041159485 111.292
14.899862046604186 127.26899999999999
14.922351087688757 150.225
14.944858249632887 180.19099999999997
14.967365991421232 209.78799999999998
14.989856770231246 229.72299999999998
15.012365673994204 227.553
15.03485761569738 200.12900000000002
15.05736768508665 157.914
15.07987833888692 120.611
15.102372032001655 93.4778
15.124883856909658 77.1119
15.14737872204565 71.3296
15.169891721717274 68.7398
15.192405310371893 67.6789
15.214901940621196 67.461
15.237416709527137 66.8954
15.259914520936249 66.5095
15.282430473753607 65.6069
15.304947020131227 65.2019
15.327446610371178 65.184
15.349964346154254 64.7925
15.372465126703139 64.6432
15.394984055556009 64.2534
15.417486030076159 64.1665
15.44000615566487 63.7576
15.462526881230803 63.6459
15.485030653812652 63.8721
15.507552581617434 63.512
15.530057557334603 63.51
15.55258069104857 63.5677
15.575104429329837 63.5974
15.597611216864632 63.4321
15.620136166564563 63.6861
15.6426441664095 63.9389
15.665170331202765 65.1495
15.687697105158826 68.80199999999999
15.710206930593545 74.1832
15.732734925158933 80.2634
15.755245972089478 87.4711
15.77777519094324 96.0401
15.800287463046663 107.105
15.822817909869592 124.411
15.84534897229804 144.60399999999998
15.867863089299354 169.851
15.890395385222186 191.558
15.912910736597423 202.162
15.935444269699861 195.635
15.957978423016485 168.838
15.980495633101265 134.564
16.003031029129367 103.977
16.02554948280019 81.2523
16.048086125229432 69.0107
16.070623392487107 64.3095
16.09314371869582 62.6346
16.11568223789321 61.1064
16.13820381691126 59.6473
16.160743591742527 58.9682
16.183283996022084 58.3752
16.205807461423195 57.522
16.228349126881973 56.946000000000005
16.25087385432698 56.8993
16.27341678466365 56.5285
16.29594277784926 55.9848
16.31848697676433 55.5624
16.341031811604868 55.238
16.36355971058487 55.4624
16.3861058195587 55.1588
16.40863499352978 54.3909
16.431182380342005 54.0903
16.453730407713202 54.0117
16.476261501364792 53.6906
16.498810812136167 53.549
16.52134319004079 53.7385
16.54389378792203 53.3978
16.566445031001553 53.0851
16.588979342490088 53.1647
16.61153187824822 53.217
16.634067483263312 53.2264
16.656621315414416 52.9714
16.679175797408888 52.6881
16.701713349928728 52.6525
16.72426913389191 52.8459
16.74680798922351 52.9333
16.76936507887444 52.6877
16.791905240734874 52.7964
16.814463639794468 52.6189
16.837022695210294 52.6084
16.859564824093756 52.8619
16.882125194503903 53.1445
16.904668639217885 53.7423
16.927230328348003 53.711999999999996
16.949792678493612 54.0791
16.972338104193863 54.0196
16.994901778652235 53.8951
17.017448529496576 53.8919
17.040013531998152 54.0537
17.06257920018044 54.1676
17.0851279459922 55.0184
17.107694947817667 56.1817
17.130245028099072 57.1601
17.15281336730298 58.6283
17.17536478578733 60.2898
17.19793446610687 62.4196
17.220504818648422 65.1424
17.243058251703697 68.0556
17.265629950971032 72.5821
17.288184731571736 77.9114
17.310757781306908 82.5865
17.33333150794385 83.7213
17.355888317140174 83.152
17.37846339986244 79.2364
17.401021565958885 72.1444
17.42359800851343 65.898
17.44617513265564 61.595
17.468735341390783 58.86600000000001
17.491261035594565 57.6065
17.51396340099364 57.3662
17.536490463869136 57.3302
17.559018209820174 57.2945
17.58154663977963 57.3395
17.604251766089718 57.6853
17.626781572227713 57.9018
17.64931206518155 57.8821
17.671843245885103 58.1912
17.69455114821572 58.4884
17.717083712612634 58.9915
17.739616967569667 59.4649
17.762150914021706 59.9307
17.78486160749854 60.24100000000001
17.807396945166804 60.7959
17.829932977143503 61.1972
17.85246970436452 62.0557
17.875183204129467 63.6083
17.897721330097664 66.7876
17.920260154126645 70.09899999999999
17.942799677153296 73.8776
17.9655159983646 77.8376
17.988056927677544 82.7296
18.010598558807683 89.2261
18.033140892692916 98.2724
18.05586005052525 109.195
18.07840379824407 121.37
18.10094825154059 132.642
18.12366954819864 142.549
18.146215420998306 144.246
18.16876200220057 138.186
18.191309292745153 123.75299999999999
18.214033452627167 108.46600000000001
18.236582170236648 95.9688
18.259131600016456 88.5777
18.281681742907335 86.3012
18.304408781233683 89.1132
18.32696035875955 94.4043
18.349512652227624 99.6607
18.372065662579683 105.257
18.394795594587553 107.165
18.41735004715306 104.551
18.43990521943684 98.1984
18.46246111238171 88.6364
18.485193953325208 78.5792
18.507751296070428 70.28399999999999
18.530309362314178 65.5889
18.552868153000343 62.8331
18.57560391815056 61.2449
18.59816416623245 60.6953
18.620725141597372 60.0564
18.643286845190268 59.3224
18.666025549835414 58.8912
18.688588718427933 58.373000000000005
18.711152618092243 58.0875
18.73389353884365 57.8747
18.75645890921984 57.5241
18.77902501351406 57.0793
18.801591852673102 57.2207
18.824335739722738 56.5744
18.846904057212626 56.4748
18.8694731124168 56.2331
18.89204290628315 56.1828
18.914789774966803 56.0059
18.937361054791623 55.8727
18.959933076131318 55.7193
18.982505839934877 55.3009
19.00525570560582 55.3071
19.027829963004184 55.1366
19.05040496572238 55.2473
19.072980714710468 54.9364
19.095733592739563 55.059
19.11831084296757 55.3017
19.140888842324735 55.9574
19.16346759176222 56.5563
19.18622349753803 57.2499
19.208803755869358 58.4333
19.231384767143577 59.4509
19.253966532312948 60.7711
19.276725481241822 62.7809
19.29930876296784 65.7388
19.3218928014549 68.8613
19.34465404436217 71.9949
19.36723960516257 74.7743
19.389825925592426 75.9874
19.412413006605938 74.9854
19.43517731967805 72.0847
19.457765930683355 67.8284
19.48035530514408 63.3908
19.50294544401556 59.1659
19.525712842708348 56.3139
19.54830451925909 54.3472
19.570896963095727 53.1449
19.593490175174704 52.6023
19.616260674962184 52.4492
19.638855432416964 52.2771
19.661450960992624 52.2233
19.68404726164677 52.1939
19.706820878021247 51.9578
19.729418731756834 52.123999999999995
19.752017360452857 51.813
19.77461676506804 51.9257
19.797393513540218 51.8146
19.819994478951667 52.0969
19.84259622316767 52.7785
19.8651987471481 53.3537
19.887978643247177 53.68
19.91058273574792 54.5066
19.933187610901943 55.2634
19.955969879466828 56.3265
19.97857632894404 57.6792
20.00118356396599 58.9345
20.023791585494575 61.1465
20.046577028914875 64.1102
20.069186632506966 66.5942
20.091797025500632 69.056
20.114408208858933 70.6339
20.137196842715273 71.0131
20.159809615886765 69.2357
20.18242318232135 66.8962
20.20503754298326 64.152
20.227829382875154 62.52
20.250445341109344 61.9091
20.27306209647285 62.3258
20.29567964993108 63.6654
20.31847471147704 64.6943
20.34109387027612 65.5317
20.363713830075454 65.3183
20.386334591841646 64.0947
20.409132890679302 61.5762
20.431755265564437 58.2159
20.454378445325528 55.1566
20.477002430930366 52.8327
20.499803982716553 51.2788
20.522429589228004 50.1326
20.54505600449589 49.5946
20.567683229489194 49.4203
20.590488049900088 49.1114
20.61311690359731 49.0098
20.63574656993626 48.8351
20.658553853717297 48.453
20.681185154618298 48.4399
20.703817271080066 48.278999999999996
20.72645020407368 48.0486
20.749260783967177 48.0959
20.771895359337133 48.0597
20.794530754161617 48.0172
20.817166969412938 48.0241
20.83998086114876 47.8997
20.86261872660049 47.6988
20.885257415405402 47.6089
20.90789692853701 47.4714
20.930714147864748 47.4023
20.953355319030678 47.43600000000001
20.97599731745334 47.4291
20.99864014410749 47.4376
21.021460706796564 47.4668
21.044105199328826 47.691
21.06675052302631 47.696999999999996
21.089396678865015 48.0253
21.112220600704806 48.4679
21.134868430275347 48.5766
21.15751709492456 48.7201
21.180166595629693 49.1803
21.202993892429635 49.7591
21.22564507473034 50.2596
21.24829709602816 50.6001
21.27112693608965 50.6126
21.293780644891275 50.5942
21.316435195634053 49.8999
21.339090589297417 49.2444
21.361923832041875 48.6671
21.384580921090404 47.9395
21.407238856007325 47.3987
21.429897637773326 47.2881
21.45273429906592 47.3423
21.475394784108598 47.277
21.498056118951983 47.3757
21.520718304578022 47.5048
21.543558400304388 47.5924
21.566222297108816 47.657
21.58888704765135 47.6302
21.61155265291521 47.9098
21.63439619898156 48.5476
21.657063523335786 48.902
21.67973170537063 49.6405
21.7024007460706 50.2441
21.72524775840385 50.9408
21.747918526116475 51.9649
21.770590155457388 52.9496
21.79326264741238 54.4693
21.816113141960237 56.2695
21.838787368860547 58.1248
21.861462461341976 60.562
21.884315579735777 63.0724
21.90699241312273 64.6106
21.92967011506078 65.4431
21.95234868653799 65.4512
21.9752053151131 64.2936
21.997885635446785 62.0766
22.020566828293532 60.0801
22.04324889464272 57.9403
22.066109049404666 56.2864
22.088792872571794 55.783
22.111477572219204 55.9533
22.1341631493376 56.1501
22.157026846313123 56.2096
22.179714188221507 55.4405
22.202402410582668 54.3473
22.22509151438863 52.7059
22.24795876962584 51.0941
22.270649646204486 49.8963
22.293341407213727 49.0868
22.316034053646906 48.4531
22.338904883215342 48.1273
22.36159931041458 48.1042
22.38429462602756 47.8366
22.40699083104897 47.6311
22.429865251039757 47.4765
22.452563244831367 47.5704
22.47526213102522 47.5294
22.49813925616515 47.576
22.520839937143307 47.515
22.543541513520587 47.7209
22.56624398629403 47.653999999999996
22.589124730075895 47.5043
22.611829005656723 47.4097
22.63453418063466 47.4562
22.657240256008077 47.6811
22.680124634582935 47.9593
22.70283252079775 48.4714
22.725541310413075 48.7674
22.74825100442868 48.995
22.771139033969575 49.6167
22.79385054687155 49.7834
22.81656296718292 50.5642
22.83927629590484 51.2655
22.862167992606945 52.1943
22.88488314827121 53.3661
22.907599215359284 54.3503
22.93031619487366 55.7217
22.953211574954405 56.7244
22.975930389478226 57.6535
22.998650119445763 57.9719
23.02137076586092 57.5215
23.044269845560063 56.2096
23.06699233506288 54.7805
23.089715744034912 52.8313
23.112617610931565 51.0331
23.135342869061212 49.6183
23.158069049684816 48.5974
23.1807961538087 48.191
23.20370174880544 47.9673
23.226430710184808 47.8677
23.249160598093425 47.6401
23.271891413539002 47.7457
23.294800752937697 47.8721
23.31753343374794 48.3619
23.340267045128353 48.6879
23.36300158808808 48.9443
23.38591468821339 49.4207
23.408651104658304 49.8993
23.431388455719986 50.3921
23.454126742409 51.3257
23.4770436196085 52.2062
23.499783787914662 53.4512
23.522524894889884 54.5425
23.54526694154616 55.8773
23.56818761219047 57.1035
23.59093154860734 57.8103
23.613676427751283 58.4012
23.636422250635754 58.0254
23.659346731118656 56.4919
23.68209445191868 54.7097
23.704843119509587 52.1429
23.72759273490623 50.1318
23.750521041644767 48.3335
23.77327256312355 46.7778
23.796025035462787 46.1257
23.818956224555475 45.417
23.841710609113413 45.2048
23.86446594758979 44.9666
23.887222241002014 44.6695
23.910157285144578 44.5
23.932915498962537 44.4064
23.955674670778713 44.1766
23.978434801611975 44.1645
24.001373717286125 43.93
24.024135776723917 43.7975
24.046898798245582 43.5251
24.06966278287146 43.5649
24.092605586582614 43.5517
24.115371508023642 43.1449
24.1381383956401 43.1509
24.16090625045381 43.0797
24.183852958731244 43.0554
24.206622758582608 42.8854
24.229393528706886 42.6077
24.252165270127392 42.6939
24.27511589952438 42.6282
24.297889594216997 42.6044
24.32066426328598 42.2643
24.34343990775613 42.2972
24.36639447485003 42.2475
24.38917208083877 42.2015
24.41195066531332 42.187
24.43490819850244 42.3425
24.457688750692377 42.2088
24.48047028445616 42.0786
24.503252800821233 42.2827
24.526214300784112 42.34
24.548998793132213 42.2299
24.57178427117417 42.0564
24.59457073593893 42.2026
24.617536219319863 42.2294
24.64032466834748 42.0571
24.663114107195035 42.0844
24.685904536893013 41.7525
24.708874020360852 41.6018
24.731666442613744 41.5138
24.754459858818787 41.4242
24.777254270007962 41.4513
24.80022777025625 41.2818
24.82302418230472 41.2056
24.845821592443674 41.4714
24.86862000170663 41.3833
24.891597535453727 41.2674
24.914397953892728 41.5099
24.93719937456671 41.3204
24.96000179851076 41.5493
24.98298338249997 41.7999
25.00578782394922 41.8719
25.028593271784167 42.0276
25.05157790644186 42.4492
25.07438537804115 42.701
25.097193859145293 43.0309
25.120003350792075 43.283
25.142992065061257 43.8283
25.165803588823465 44.0113
25.18861612625217 44.2336
25.211429678386736 44.3462
25.234422489079968 44.426
25.257238081693636 44.4786
25.280054692141732 44.6877
25.3028723214652 44.571999999999996
25.325869245420463 44.6899
25.348688923599397 44.7773
25.371509623787006 44.6693
25.394331347025812 44.4651
25.41733240110666 43.9895
25.440156181590016 43.4098
25.46298098826268 42.7222
25.48580682216873 42.2186
25.50881202326435 41.50899999999999
25.53163992281684 40.9778
25.55446885274561 40.4863
25.577298814096377 40.2559
25.600308179121807 40.0547
25.623140214533745 40.2147
25.64597328451537 39.9729
25.66898578564376 39.6959
25.691820936010206 39.8759
25.714657124097695 39.7813
25.737494350954734 39.7166
25.760511045684957 39.6504
25.783350361364224 39.7542
25.806190718969255 39.7489
25.82903211955018 39.9303
25.852053024868923 39.8896
25.874896522722523 39.8812
25.897741066713106 39.9305
25.920586657892454 40.0422
25.943611790812668 40.2097
25.966459487728237 40.2032
25.989308234998564 40.3052
26.01215803367705 40.6801
26.03518741123814 40.9055
26.05803932412957 41.1049
26.080892291600094 41.0679
26.10374631470478 41.1893
26.12677995397268 41.431999999999995
26.14963609978026 41.3884
26.172493304397875 41.0117
26.19535156888223 40.7346
26.218389486949604 40.4868
26.241249882640123 40.1842
26.26411134137826 39.821999999999996
26.28715248187403 39.6474
26.31001607820869 39.3635
26.3328807407756 39.2245
26.35574647063438 39.4358
26.37879191991473 39.4192
26.401659795896734 39.6574
26.424528742360263 39.7515
26.447398760366614 39.8215
26.470448535598294 39.8777
26.49332070826805 40.1808
26.516193955675355 40.5176
26.53906827888316 40.7823
26.562122397260108 40.9799
26.584998883685063 41.2411
26.607876449110325 41.6103
26.63075509460056 41.8415
26.65381357334404 41.9482
26.67669439061878 42.0236
26.699576291163382 41.8787
26.722459276044212 41.9088
26.745522132402975 41.6023
26.768407297649354 41.4068
26.791293550442003 40.9095
26.814180891848974 40.6677
26.837248143099337 40.3886
26.860137673466657 40.1581
26.88302829566349 39.8666
26.90592001075963 39.7509
26.92899167420566 39.4833
26.951885586870763 39.082
26.974780595655517 38.8914
26.99785558178161 38.8281
27.020752794605112 38.6293
27.043651106772522 38.4684
27.06655051935668 38.303000000000004
27.089629948036183 38.1415
27.112531573292053 38.1253
27.135434302194138 38.062
27.158338135817015 37.8875
27.181422024430987 37.9605
27.204328079372566 37.8836
27.22723524226965 37.9767
27.250143514198573 38.1009
27.273231880156334 38.0423
27.296142382065014 37.84
27.319053996245536 37.830999999999996
27.341966723775965 37.6998
27.365059584515222 37.9894
27.38797455070062 37.8921
27.410890633481237 37.8321
27.433807833936918 37.9472
27.456905206923906 37.9417
27.47982465472398 37.9521
27.502745223449743 38.1961
27.525666914182825 38.1248
27.548768816912457 38.1267
27.571692763693633 38.1653
27.59461783573812 37.9307
27.617723149491244 37.8297
27.640650484125285 37.8769
27.66357894728264 37.6131
27.686508540048052 37.5347
27.709618414237887 37.4515
27.732550278321757 37.4463
27.755483275279115 37.4178
27.778417406196485 37.524
27.801531858397514 37.4426
27.824468269376716 37.1974
27.847405817586786 37.2474
27.870344504116094 37.5055
27.893463551932008 37.6515
27.916404527281053 37.85
27.93934664422563 37.9286
27.962289903855886 37.9779
27.98541356491974 38.2469
28.00835912214229 38.4644
28.03130582533231 38.8147
28.054253675581805 38.9381
28.077381967556104 39.0037
28.100332124185126 38.9064
28.123283431160893 38.9069
28.146235889577238 38.7371
28.169368830154156 38.637
28.192323603752033 38.3753
28.215279532083304 38.0816
28.238415973016764 37.7793
28.261374223145094 37.6335
28.284333631303806 37.4173
28.307294198589954 37.3008
28.330435319167677 36.94
28.353398217078915 36.5858
28.376362277420153 36.4372
28.39932750129032 36.1668
28.422473319286713 36.0015
28.44544088262495 35.9255
28.468409612800283 35.806
28.491379510913497 35.5672
28.51453004413313 35.3945
28.53750229057244 35.4301
28.56047570826344 35.3763
28.583450298308804 35.3603
28.606605564586562 35.0984
28.629582511831156 35.1316
28.65256063474956 35.122
28.675539934446338 35.1818
28.698699951647605 35.0977
28.72168161743193 34.9473
28.74466446331978 34.9325
28.767648490417624 34.8453
28.790813276438353 34.961
28.813799678527303 34.8802
28.836787265157085 34.9967
28.859955641890075 34.9169
28.882945610203045 34.8109
28.905936766392035 34.8312
28.928929111566863 34.8814
28.952102288520145 34.8073
28.975097024308607 34.5933
28.998092952423807 34.6032
29.021090073977508 34.5013
29.04426806913204 34.5079
29.067267590245258 34.1613
29.090268308143695 34.168
29.11327022394099 34.1237
29.13645305530891 33.9814
29.159457379627167 33.9345
29.18246290519685 33.8385
29.20546963313352 33.7821
29.22865731875826 33.8092
29.25166646419296 33.8567
29.27467681535305 33.7243
29.29768837335608 33.7573
29.320880931312562 33.741
29.34389491580634 33.728
29.366910110507334 33.699
29.38992651653503 33.8196
29.41312396492981 33.8098
29.436142806456754 33.7234
29.45916286268059 33.6376
29.48236399319994 33.5246
29.50538649169417 33.3764
29.528410208259935 33.3155
29.55143514402014 33.0905
29.574641196749695 32.9477
29.597668583816574 32.7977
29.6206971934585 32.6443
29.64372702680042 32.6332
29.666938019934474 32.5408
29.689970313635285 32.4867
29.713003834422636 32.4388
29.73603858342347 32.5078
29.759254535188578 32.2952
29.78229175361658 32.2932
29.80533020365064 32.4058
29.82836988641968 32.3273
29.85159081507472 32.2651
29.874632976355343 32.1669
29.89767637376955 32.3324
29.920721008448314 32.0848
29.9439469322847 32.0729
29.96699405457564 32.0279
29.9900424175358 31.988000000000003
30.013092022298157 32.0659
30.03632295963995 31.9574
30.059375061131373 31.9616
30.08242840783577 31.9204
30.105483000888153 31.8952
30.128718970092244 31.9258
30.151776069006917 31.9608
30.17483441768648 31.9402
30.198074175317235 31.9506
30.221135036724256 32.0161
30.24419715131772 32.0096
30.267260520236203 31.8563
30.290505341942243 31.9323
30.313571232750228 31.9215
30.336638381310948 31.9291
30.35970678876503 31.8765
30.38295669299435 31.7702
30.40602763151657 31.7616
30.429099832366074 31.7128
30.452173296685572 31.6
30.47542830191959 31.7014
30.498504306502497 31.6423
30.521581577995562 31.7475
30.544660117543582 31.8218
30.56792024229725 31.7681
30.59100133132069 31.7079
30.614083691845494 31.6435
30.637167325018545 31.8294
30.660432587840603 31.9219
30.683518779717886 31.8372
30.70660624769615 31.9356
30.729694992924372 31.9326
30.75296541239743 31.9665
30.77605672557558 31.6868
30.799149319462742 31.7682
30.8224236211637 31.7011
30.845518789950724 31.6715
30.868615242910597 31.6363
30.891712981195973 31.4226
30.91499247215866 31.2233
30.938092794619365 31.2867
30.96119440587579 31.1782
30.984297307082752 31.0607
31.00758200598383 30.974
31.030687500658694 30.8355
31.053794288760695 30.7791
31.076902371446767 30.6873
31.100192296997445 30.793000000000003
31.12330298246119 30.6876
31.14641496599209 30.573
31.169528248749216 30.6724
31.19282341969534 30.5808
31.215939314557186 30.570999999999998
31.239056512134788 30.5386
31.262175013589378 30.5135
31.28547544871168 30.4827
31.30859657161541 30.4543
31.331719001892175 30.416999999999998
31.35484274070538 30.5745
31.378148458819545 30.5327
31.401274828443725 30.4878
31.424402510106933 30.6081
31.447712205419993 30.6719
31.470842524931633 30.6109
31.493974159989783 30.6584
31.51710711176168 30.5677
31.54042212308802 30.4417
31.563557722100917 30.4177
31.586694641341655 30.2886
31.609832881979628 30.2633
31.63315322823208 30.2366
31.656294125521327 30.1056
31.679436347728515 30.005
31.70257989602529 29.8985
31.725905596152327 29.8284
31.74905181052835 29.8071
31.772199354521323 29.9065
31.79534822930507 29.811
31.818679302290967 29.8275
31.84183085259981 29.7776
31.864983737233473 29.8051
31.88813795736804 29.8929
31.911474422233013 29.8122
31.934631327356435 29.8749
31.9577895715215 29.7434
31.980949155906522 29.8432
32.004291031706956 29.7695
32.027453310562606 29.6025
32.05061693318573 29.487
32.07396288236386 29.5782
32.09712920658542 29.4756
32.12029687812702 29.3011
32.14346589817093 29.2702
32.166817291729984 29.1607
32.18998902288583 29.1051
32.21316210610336 28.9945
32.23633654256711 28.8865
32.259693399663725 28.9001
32.282870556771144 28.7468
32.30604907069099 28.7527
32.329228942610065 28.7503
32.35259128243769 28.6626
32.375773884550505 28.5195
32.398957848235646 28.5792
32.422143174682176 28.4662
32.445511016471215 28.4055
32.468699082679954 28.4363
32.49188851523011 28.3867
32.51507931531304 28.1975
32.538452678331 28.1233
32.56164622776311 28.1326
32.58484114831493 28.0351
32.60803744118015 27.9771
32.631416344731896 28.1675
32.654615396551876 28.1862
32.67781582427913 27.9752
32.701198898634416 27.9737
32.72440209253756 27.9427
32.747606665947124 28.0015
32.77081262006088 27.7697
32.79420126883317 27.7874
32.81740999876112 27.8668
32.840620112999424 27.7056
32.86383161274818 27.7003
32.88722585534586 27.6466
32.91044014056596 27.659000000000002
32.933655814909734 27.601999999999997
32.95687287957963 27.6369
32.98027273544904 27.5441
33.00349259526636 27.5242
33.026713849030116 27.5082
33.04993649794511 27.4591
33.073341986570746 27.5059
33.09656744032826 27.4403
33.11979429286444 27.4561
33.14302254538647 27.4539
33.166433686291185 27.4284
33.18966475336992 27.514
33.212897224069096 27.3426
33.23613109959831 27.2965
33.259547912343415 27.3313
33.2827846121627 27.2828
33.306022720453775 27.2645
33.32926223842861 27.2451
33.352684742614166 27.1432
33.37592709463173 27.1055
33.399170859982064 26.9299
33.422597648419426 26.9145
33.44584425514446 26.7476
33.46909227885668 26.7088
33.4923417207723 26.6789
33.51577423505344 26.7141
33.539026528130385 26.5459
33.56228024307245 26.5167
33.585535381098246 26.3816
33.60897364093058 26.4448
33.63223163992385 26.4112
33.6554910656699 26.2914
33.678751919389796 26.3025
33.702195944520106 26.2037
33.72545966903325 26.2426
33.74872482519663 26.1185
33.771991414233746 26.093000000000004
33.79544122444841 26.1019
33.81871069412428 26.0413
33.84198160035767 26.0719
33.86525394437455 26.0325
33.88870955949969 26.0017
33.911984794020626 25.9717
33.93526147001624 25.9481
33.958539588715006 25.8404
33.98200102861669 25.8227
34.0052820477047 25.6966
34.02856451319451 25.6948
34.05203033759056 25.6793
34.07531571090147 25.6859
34.09860253431845 25.5979
34.121890809074316 25.5873
34.145362493118924 25.5941
34.16865368561615 25.5305
34.191946333164054 25.4319
34.21524043699793 25.4747
34.23871800066799 25.4387
34.26201503218366 25.3127
34.28531352370466 25.3192
34.30861347646881 25.2745
34.33209693978188 25.2691
34.3553998301885 25.255
34.378704185565205 25.1742
34.402010007152356 25.1382
34.42549939016683 25.078000000000003
34.44880815937748 24.9315
34.472118398533134 24.9124
34.49543010887669 24.9123
34.51892543169198 24.8336
34.54224009966052 24.8209
34.56555624255917 24.7475
34.58887386163339 24.739
34.61237514439016 24.6864
34.6356957311114 24.5738
34.65901779775809 24.5353
34.68252356662995 24.5701
34.705848608458616 24.603
34.72917513396849 24.513
34.75250314440949 24.4873
34.77601490857862 24.4226
34.799345904259795 24.3154
34.82267838863559 24.4123
34.846012362958525 24.4004
34.869530142679984 24.2791
34.89286711232212 24.2389
34.91620557568269 24.2763
34.93954553401677 24.261999999999997
34.9630693495876 24.143
34.986412313340814 24.1664
35.00975677584668 24.1569
35.033102738362956 24.1123
35.05663261012228 24.0082
35.0799815881786 24.0412
35.10333207003229 23.9607
35.12668405694369 24.0107
35.150220005273056 24.0091
35.17357501786656 23.9307
35.19693153931268 23.9088
35.220289570874385 23.7904
35.24383161619786 23.8676
35.267192683604904 23.8778
35.290555264930376 23.8026
35.314101899412165 23.7646
35.33746752422433 23.6891
35.36083466676374 23.7621
35.38420332829803 23.6828
35.407756095629054 23.7447
35.43112781085063 23.7226
35.45450104888391 23.6202
35.477875810999194 23.7651
35.50143473172161 23.6531
35.52481255774625 23.6288
35.54819191167777 23.5958
35.57157279478914 23.4973
35.595137889488406 23.4837
35.61852184675279 23.4598
35.641907337029984 23.4279
35.665294361595684 23.3151
35.68886565090076 23.2586
35.7122557598848 23.198
35.73564740699838 23.2932
35.759040593519934 23.1922
35.78261809810353 23.1515
35.80601437933051 23.088
35.829412203814705 22.9983
35.85281157283719 22.9333
35.876395313415884 23.0445
35.8997977874528 22.967
35.92320180988546 22.881
35.946790244133936 22.8233
35.97019737933222 22.8364
35.993606066789866 22.7941
36.01701630779276 22.8184
36.04061101440684 22.741999999999997
36.06402437852291 22.7294
36.08743930005611 22.7334
36.1108557802951 22.6337
36.13445678011326 22.5716
36.15787639383515 22.5049
36.18129757014299 22.5188
36.20472031032821 22.4774
36.22832762423364 22.4728
36.25175350829375 22.3912
36.275180960119776 22.3514
36.298609981005924 22.3832
36.32222362992669 22.3445
36.34565580510207 22.2931
36.36908955323448 22.273000000000003
36.39252487562093 22.1516
36.416144880530226 22.1278
36.43958336764275 22.2192
36.463023432914625 22.1662
36.486465077645676 22.1064
36.51009145956204 22.1284
36.53353627947859 22.1581
36.55698268276811 22.0985
36.58043067073321 22.0357
36.60406345072071 21.9846
36.62751462435344 21.9847
36.65096738658405 21.9466
36.67460498210655 21.8936
36.69806093788647 21.8346
36.72151848619297 21.6936
36.744977628333636 21.8254
36.76862165890998 21.711
36.79208400512205 21.6695
36.81554794910557 21.6894
36.83901349217101 21.6329
36.862663978991606 21.6082
36.88613273667352 21.5308
36.90960309738324 21.555999999999997
36.933075062434064 21.4604
36.95673202673572 21.486
36.98020721697122 21.4113
37.003684015502365 21.3565
37.027162423645365 21.3309
37.050825886711465 21.3195
37.07430753063053 21.2434
37.09779078812467 21.2782
37.121275660513014 21.2231
37.144945643673694 21.1333
37.16843376245278 21.1357
37.19192350009803 21.1109
37.215414857931435 21.0287
37.239091382563885 20.9942
37.262585997426164 20.9096
37.28608223645736 20.9747
37.309763684451696 20.8651
37.33326318851098 20.9071
37.356764320726555 20.8997
37.380267082425526 20.8349
37.40395510942588 20.8372
37.42746114683234 20.7799
37.45096881771841 20.7144
37.474478123414166 20.7179
37.49817275092816 20.6926
37.52168534303452 20.6797
37.54519957395567 20.5396
37.568715445024665 20.6119
37.592416694607714 20.6054
37.61593586281424 20.531999999999996
37.63945667518264 20.5353
37.66297913304891 20.4483
37.68668702630454 20.4613
37.710212792059274 20.395
37.733740207334854 20.3724
37.757269273470364 20.2741
37.780983832050374 20.3209
37.80451621684926 20.2308
37.82805025654007 20.2027
37.851585952464795 20.1774
37.8753071980695 20.1335
37.89884622345676 20.0956
37.92238690911902 20.0372
37.94611318753442 20.0507
37.969657210779765 19.979
37.99320289834801 19.9593
38.016750251586465 19.9736
38.04048325513017 19.8369
38.06403395679343 19.8355
38.087586328183946 19.8429
38.11114037065203 19.8324
38.13488012115898 19.8602
38.1584375229181 19.7978
38.181996599821 19.697
38.205557353221124 19.6845
38.229303872575656 19.6787
38.2528679961576 19.6365
38.27643380031219 19.5601
38.30000128639589 19.5918
38.32375459653193 19.5549
38.34732546371299 19.5231
38.37089801690786 19.4688
38.39447225747609 19.4592
38.418232380377425 19.4402
38.441810012983396 19.3832
38.46538933705673 19.3424
38.488970353960084 19.3721
38.51273731166058 19.267
38.536321731567014 19.2707
38.55990784840681 19.2884
38.58367995004091 19.1251
38.60726947812959 19.1759
38.63086070726198 19.1524
38.654453638806274 19.1663
38.678232613930824 19.0727
38.70182896773327 19.0193
38.72542702806741 18.9907
38.7490267963045 18.9833
38.77281266709232 18.928
38.79641586862214 18.9618
38.8200207821842 18.9457
38.843627409152944 18.9297
38.86742019782782 18.8694
38.891030269149255 18.8505
38.914642058016156 18.7814
38.938255565806124 18.7317
38.96205529464307 18.643
38.98567225787121 18.667
39.00929094417078 18.6542
39.03291135492255 18.6043
39.05671804624804 18.6333
39.080341923549106 18.5567
39.103967529460334 18.5118
39.127594865365744 18.4057
39.15140854155791 18.3972
39.17503935514948 18.4716
39.19867190290282 18.452
39.22249083587951 18.3882
39.24612686969409 18.3095
39.269764641845306 18.3435
39.293404153722804 18.3888
39.317230110864074 18.2875
39.34087311998506 18.1904
39.36451787301696 18.2282
39.388164371352595 18.1439
39.41199737518003 18.1034
39.43564738196752 18.1544
39.45929913825317 18.0787
39.48295264543308 18.1153
39.506792718520884 17.9597
39.530449745387216 18.0214
39.55410852735203 18.0037
39.57776906581474 18.0073
39.60161623079 17.9979
39.625280300200025 17.941
39.64894613032202 17.8911
39.67261372255866 17.8581
39.6964680021016 17.7795
39.72013913657293 17.8375
39.74381203738292 17.7917
39.76748670593756 17.7471
39.79134812278169 17.75
39.81502634488497 17.727999999999998
39.83870633896685 17.6842
39.862388106436654 17.6085
39.88625668336918 17.5838
39.90994201572829 17.6304
39.933629125719285 17.524
39.957503091207826 17.4697
39.9811937746168 17.5596
40.00488623990914 17.4429
40.02858048850006 17.4598
40.05246165409549 17.3906
40.076159487492085 17.3205
40.099859108448875 17.3372
40.123560518384345 17.3616
40.1474489070226 17.3183
40.171153913178564 17.1858
40.194860712584955 17.1943
40.2185693066637 17.2192
40.242464941335314 17.1969
40.26617714307655 17.092
40.289891143772046 17.1618
40.3136069448471 17.1135
40.33750984859743 17.0763
40.3612292688043 17.0451
40.3849504936829 17.0586
40.40867352466194 17.0152
40.43258372059144 16.9266
40.45631038219906 16.8806
40.48003885420956 16.8243
40.503769138055105 16.8858
40.52768664931955 16.8975
40.55142057531802 16.7891
40.57515631746428 16.7999
40.599079334038514 16.7122
40.62281872700477 16.6963
40.64655994043941 16.7187
40.67030297578061 16.6992
40.69423334835778 16.7266
40.71798004609188 16.6955
40.74172857006355 16.6228
40.76547892171441 16.6283
40.7894166736039 16.5731
40.813170699248566 16.4962
40.83692655691388 16.4974
40.86068424804498 16.5067
40.884629402612525 16.4368
40.908390779366385 16.496
40.932153993938 16.4086
40.95591904777605 16.3562
40.979871628443995 16.4135
41.003640379561936 16.3795
41.02741097430883 16.3023
41.05118341413683 16.31
41.075143444384416 16.2851
41.098919593177826 16.2448
41.1226975914255 16.2793
41.14647744058318 16.1486
41.170444943946755 16.1829
41.19422851378379 16.0875
41.218013938914645 16.027
41.24198706625173 16.0197
41.26577622087193 16.0294
41.289567235177785 15.9442
41.31336011063129 15.982000000000001
41.337340752422875 15.9277
41.361137369129835 15.9305
41.38493585138705 15.9297
41.40873620066004 15.8579
41.43272438060107 15.8464
41.45652848292052 15.8212
41.48033445666918 15.7799
41.50414230331616 15.7893
41.528138045159764 15.7503
41.551949656675205 15.717
41.575763145513235 15.6659
41.59957851314666 15.6719
41.62358184070442 15.6013
41.64740098505737 15.5943
41.6712220126409 15.5731
41.69504492493139 15.517000000000001
41.71905586207357 15.5527
41.74288256296395 15.5317
41.766711153007456 15.4658
41.79054163368412 15.4666
41.814560204340054 15.4169
41.838394485526365 15.442
41.86223066180303 15.3391
41.88625497706819 15.3516
41.910094962812 15.3667
41.93393684811168 15.3296
41.95778063445365 15.2615
41.981812625263366 15.3025
42.00566023303407 15.2367
42.029509746323676 15.2115
42.05336116662236 15.1616
42.077400857069705 15.1405
42.10125611078846 15.082
42.12511327600405 15.0694
42.14897235421036 15.1359
42.173019768448455 15.0587
42.19688269209613 15.0413
42.22074753323349 15.0402
42.24461429335818 14.9705
42.268669455600495 14.966
42.292540073217886 14.9318
42.31641261433284 14.9177
42.34028708044675 14.8702
42.36435001496739 14.8589
42.38822835065557 14.8425
42.41210861586426 14.8609
42.4359908120986 14.7831
42.46006154323262 14.7403
42.48394762115317 14.7128
42.507835634632315 14.7951
42.531912233047436 14.7095
42.55580413732265 14.6376
42.579697981698 14.5532
42.60359376768525 14.5531
42.62767820545945 14.5404
42.65157789440821 14.5585
42.67547952952185 14.5303
42.699383112316 14.5072
42.72347541395347 14.4375
42.74738291190531 14.4078
42.771292362102166 14.4671
42.795203766063516 14.4129
42.819303956130405 14.392000000000001
42.843219287476536 14.3469
42.86713657716324 14.3551
42.89105582671383 14.3233
42.91516392983864 14.2937
42.939087119032166 14.3323
42.963012272677304 14.2603
42.98693939230129 14.2205
43.01105543317513 14.2003
43.034986504731386 14.1494
43.05891954686589 14.1078
43.08285456110972 14.1163
43.10697856448665 14.052999999999999
43.130917542983475 14.0504
43.15485849820081 14.0228
43.17880143167367 14.0016
43.20293342237094 13.985999999999999
43.226880332449 13.9526
43.25082922540554 13.9514
43.27496722682525 13.9316
43.29892010567796 13.8808
43.32287497204102 13.9088
43.34683182745632 13.793
43.370977859791836 13.783
43.39493871351105 13.7635
43.41890156092628 13.7331
43.44286640358341 13.7519
43.46702049182749 13.7481
43.49098934522816 13.7048
43.51496019852649 13.6581
43.5389330532723 13.6414
43.56309522248204 13.6211
43.58707210044314 13.6211
43.61105098451946 13.5915
43.63503187626491 13.5696
43.659202151562134 13.5534
43.68318707902681 13.5572
43.70717401884041 13.5247
43.731162972560874 13.4336
43.75534137913236 13.4567
43.779334381108384 13.4115
43.803329401683186 13.3719
43.82732644241872 13.3772
43.8515130055166 13.3973
43.87551410707659 13.3126
43.89951723350145 13.3022
43.923709934595614 13.2471
43.94771713129917 13.2312
43.97172635758096 13.2329
43.99573761501002 13.1664
44.0199385169922 13.2081
44.04395385732619 13.1439
44.067971233533086 13.1724
44.09199064718605 13.1208
44.11619977548961 13.0937
44.14022328470671 13.0597
44.16424883610785 13.0613
44.18827643127035 13.062999999999999
44.21249381139513 13.0329
44.236525514814076 12.9771
44.26055926674478 12.952
44.28459506876863 12.9184
44.3088207262813 12.9343
44.33286064928722 12.8534
44.35690262714919 12.8604
44.38094666145278 12.8578
44.4051806219871 12.867
44.42922879003185 12.7944
44.45327901929361 12.7585
44.477331311362136 12.7188
44.501573600619416 12.7047
44.525630039221795 12.7386
44.54968854541895 12.7237
44.573937102200176 12.6885
44.5979997645541 12.649000000000001
44.622064499300315 12.6
44.64613130803592 12.5892
44.67038823869318 12.6102
44.69445921643748 12.5391
44.718532272981385 12.548
44.742607409926194 12.5065
44.76687274034801 12.4792
44.79095205918753 12.4398
44.81503346325094 12.4563
44.839116954143876 12.4508
44.86339071028742 12.4289
44.88747839599524 12.3201
44.91156817336837 12.3492
44.93566004401666 12.3368
44.959942251908146 12.307
44.984038330325966 12.2967
45.00813650686762 12.2708
45.03223678314731 12.2581
45.05652746888232 12.1921
45.08063196592069 12.1905
45.104738567558705 12.1569
45.128847275414856 12.1656
45.15314646515866 12.1302
45.17725940679741 12.0976
45.20137445952892 12.0823
45.22568004865265 12.1079
45.24979934496396 12.0453
45.27392075725247 12.0556
45.29804428714431 12.017000000000001
45.322358426247604 11.9934
45.346486212804315 11.982000000000001
45.370616121861914 11.9889
45.39474815505086 11.9044
45.41907087049246 11.8591
45.4432071734666 11.8613
45.46734560548283 11.8647
45.49148616817604 11.8693
45.51581748638564 11.8461
45.5399623320197 11.8019
45.56410931325473 11.7689
45.58825843173002 11.7661
45.61259837920865 11.7718
45.636751793816 11.7452
45.66090735060093 11.6471
45.68506505120716 11.632
45.7094136545275 11.6385
45.73357566449271 11.5926
45.75773982322992 11.5987
45.78190613238733 11.591
45.806263418194064 11.5988
45.83043404997326 11.607999999999999
45.85460683713677 11.5801
45.87897065658495 11.5058
45.90314777634752 11.4884
45.92732705646868 11.4497
45.9515084986045 11.4392
45.97588104735473 11.4028
46.00006683541565 11.4128
46.02425479047904 11.3943
46.04844491420549 11.4207
46.0728262191024 11.3495
46.09702070211635 11.3251
46.12121735879483 11.3227
46.14541619080294 11.285
46.169806278764455 11.2768
46.194009483459034 11.2502
46.21821486849841 11.2217
46.24242243555223 11.1976
46.266821333570014 11.130999999999998
46.29103328674601 11.1811
46.31524742696538 11.1495
46.33946375590237 11.105
46.36387149104216 11.0792
46.38809221957392 11.0387
46.41231514186606 11.0942
46.436540259597464 11.1046
46.460956858999374 11.0223
46.48518638983522 11.0024
46.509418121166966 11.0026
46.533652054678114 10.9617
46.55807754555709 10.9689
46.58231590571962 10.9685
46.60655647313217 10.8448
46.630988654873654 10.8922
46.655233659129024 10.8949
46.67948087571551 10.8672
46.70373030632484 10.8429
46.72817142736393 10.7947
46.752425308428684 10.8054
46.77668140861147 10.8006
46.80093972960865 10.7627
46.82538981736788 10.6967
46.849652602470904 10.6691
46.87391761349769 10.6478
46.8981848521493 10.6796
46.9226439341274 10.6444
46.946915650573224 10.5915
46.97118959976749 10.6119
46.99546578341598 10.554
47.019933887188216 10.5361
47.04421456235744 10.5611
47.06849747711879 10.5441
47.09278263318286 10.4807
47.11725978640143 10.4742
47.14154944775105 10.4766
47.165841355555656 10.4677
47.1901355115306 10.4512
47.214621741924994 10.4511
47.23892041698887 10.3966
47.26322134538975 10.3746
47.28771440635075 10.3519
47.31201986422527 10.3383
47.33632758061436 10.3377
47.360637557241866 10.3233
47.38513974410611 10.2514
47.40945426407847 10.2252
47.43377104948137 10.2125
47.45809010204344 10.2348
47.48260144275502 10.1755
47.506925052572285 10.16
47.53125093475548 10.1546
47.55557909103813 10.142999999999999
47.58009961361992 10.1082
47.60443234110732 10.1395
47.62876734791564 10.0866
47.65310463578333 10.0461
47.6776343683373 10.0273
47.7019762413987 10.0194
47.72632040075572 10.0398
47.75066684815169 9.990839999999999
47.77520581885936 9.968
47.799556865477655 9.94665
47.823910205386 9.95699
47.84826584033272 9.93051
47.87281407745551 9.904860000000001
47.89717432569297 9.904630000000001
47.92153687423484 9.88931
47.94609208429692 9.864239999999999
47.97045925671401 9.83572
47.99482873471275 9.81405
48.01920052005013 9.821710000000001
48.04376504619224 9.77965
48.068141469543484 9.76976
48.09252020552573 9.765830000000001
48.11690125590099 9.75199
48.1414751266064 9.72373
48.16586082917454 9.69565
48.19024885144316 9.659410000000001
48.2146391951793 9.65577
48.239222439012764 9.68882
48.26361744916137 9.64606
48.28801478610016 9.59945
48.31241445160131 9.57099
48.337007097209366 9.58061
48.36141144338331 9.55032
48.38581812345755 9.51506
48.41022713920929 9.50478
48.434829215320704 9.54303
48.45924292604658 9.47355
48.48365897780325 9.46613
48.50807737237308 9.46172
48.532688907799276 9.457239999999999
48.55711201168574 9.44398
48.581537463754074 9.408619999999999
48.60615611725119 9.39552
48.63058628942721 9.34853
48.65501881516546 9.333969999999999
48.6794536962573 9.33628
48.70408185970339 9.30102
48.72852147531801 9.30309
48.75296345168211 9.251380000000001
48.77740779059232 9.29969
48.80204549302823 9.26955
48.82649458091802 9.234760000000001
48.85094603676547 9.2408
48.87539986237231 9.16874
48.90004713292306 9.165230000000001
48.92450572200832 9.176060000000001
48.94896668628025 9.147160000000001
48.97343002754588 9.13151
48.99808689542115 9.149610000000001
49.02255501470614 9.1517
49.04702551642794 9.10479
49.0714984023988 9.02091
49.096164896893235 9.006310000000001
49.120642575466796 9.00724
49.145122643748394 8.99778
49.16960510355558 8.946710000000001
49.19428125404938 8.95633
49.2187685210852 8.92484
49.243258185121555 8.91585
49.26794160167084 8.931569999999999
49.2924360839405 8.87524
49.31693296869764 8.89161
49.34143225776915 8.87921
49.36612538195438 8.858260000000001
49.39062950396021 8.893189999999999
49.41513603578346 8.81789
49.4396449792564 8.78788
49.46434784069503 8.80719
49.488861631846454 8.75126
49.513377840166804 8.69122
49.537896467493745 8.71711
49.56260909589029 8.69636
49.587132585683285 8.69674
49.611658500018365 8.69069
49.636186840738596 8.656139999999999
49.66090926588511 8.65958
49.685442483902584 8.62107
49.70997813385706 8.60419
49.734516217597076 8.59032
49.75924846937352 8.58076
49.7837914452858 8.55194
49.80833686055187 8.52702
49.83288471702571 8.55269
49.85762682540054 8.509030000000001
49.882179588965734 8.4839
49.9067347993235 8.47297
49.93129245833333 8.44842
49.95604445336378 8.46566
49.98060703442832 8.42998
50.005172069746266 8.39712
50.02993150438364 8.37364
50.05450147301533 8.36456
50.07907390151433 8.32975
50.10364879174981 8.33175
50.12841816587289 8.29472
50.1529980044635 8.32068
50.17758031042124 8.32846
50.20216508562089 8.3189
50.22694442953363 8.25235
50.25153416817468 8.26095
50.27612638170508 8.26223
50.300721072005196 8.230039999999999
50.325510416102105 8.1685
50.350110084975064 8.20995
50.37471223628208 8.200569999999999
50.39931687190919 8.16179
50.424116246675766 8.14356
50.44872587605249 8.158660000000001
50.47333799543065 8.1265
50.49795260670191 8.07116
50.52276204271512 8.042110000000001
50.54738166295838 8.05804
50.57200378079314 8.03133
50.596628398116835 8.02726
50.62144792604559 8.0227
50.646077567609396 8.04145
50.670709714377715 8.02414
50.69553683636198 7.97704
50.72017401885922 7.937589999999999
50.7448137122895 7.90177
50.76945591856022 7.918139999999999
50.79429318636823 7.9469199999999995
50.818940443716784 7.9204300000000005
50.84359021965163 7.8701
50.868242516085964 7.85278
50.893089960641895 7.83074
50.917747323549435 7.7903
50.94240721271973 7.81727
50.96706963007175 7.789460000000001
50.99192728239342 7.76733
51.01659478166073 7.79179
51.04126481489051 7.72433
51.06593738400761 7.74557
51.090805275207074 7.7446600000000005
51.11548294172845 7.72662
51.14016314993547 7.705660000000001
51.164845901758845 7.68708
51.18972406304274 7.69326
51.21441192780656 7.653239999999999
51.23910234200271 7.641830000000001
51.2637953075678 7.6418
51.288683770237945 7.624
51.31338186432707 7.599819999999999
51.33808251561888 7.579610000000001
51.362978729967345 7.5594
51.387684521509755 7.564260000000001
51.41239287610203 7.521310000000001
51.437103795691165 7.49401
51.46201036644977 7.505560000000001
51.486726441956634 7.479189999999999
51.51144508832545 7.44619
51.536166307509156 7.45222
51.56108326624387 7.4183699999999995
51.58580965706056 7.42145
51.61053862657523 7.43792
51.635270176746864 7.397480000000001
51.66019755512065 7.38513
51.68493429268881 7.37401
51.70967361681515 7.3775
51.73441552946465 7.33473
51.759353359237934 7.30845
51.7841004750961 7.35002
51.80885018539685 7.29592
51.833602492111254 7.23596
51.8585508051424 7.238060000000001
51.883308330926425 7.237019999999999
51.90806845906181 7.220330000000001
51.932831191525715 7.1962600000000005
51.95779001977161 7.16818
51.98255798721516 7.1992899999999995
52.00732856494335 7.155239999999999
52.03229530577543 7.134989999999999
52.057071130455945 7.13841
52.081849571391054 7.12098
52.106630630568695 7.13404
52.13160794279417 7.10645
52.15639426492067 7.05231
52.18118321127822 7.0700899999999995
52.205974783860896 7.03016
52.23096269971011 7.01399
52.255759551287994 7.02319
52.280559035098186 6.973610000000001
52.30536115314103 7.01156
52.33035970494467 6.993639999999999
52.35516711807904 6.9501
52.37997717147198 6.91295
52.40478986713005 6.9181
52.42979908731974 6.89261
52.454617094216 6.905360000000001
52.47943774942214 6.87055
52.50426105495102 6.8711899999999995
52.529280976059844 6.88373
52.554109609024096 6.85827
52.57894089837482 6.83608
52.60377484613117 6.8311399999999995
52.62880550079408 6.80351
52.65364479223379 6.79709
52.67848674816189 6.757630000000001
52.70352547971946 6.72382
52.72837279155837 6.74592
52.753222773982785 6.74797
52.778075429022984 6.76815
52.80312495150885 6.7232
52.827982978797436 6.69274
52.85284368481815 6.67127
52.87770707160767 6.64227
52.90276741793998 6.62447
52.92763619336701 6.631469999999999
52.952507655698504 6.632969999999999
52.977381806977576 6.63762
53.00245301017842 6.6516
53.02733256653592 6.627610000000001
53.052214817996074 6.59512
53.077099766608484 6.535159999999999
53.102181859804446 6.575069999999999
53.127072229988265 6.568
53.15196530349892 6.5109699999999995
53.17686108239249 6.483169999999999
53.20195409881522 6.48912
53.22685531582556 6.50736
53.25175924441303 6.46649
53.27666588664027 6.45439
53.30176985962693 6.4206
53.3266819565689 6.4118
53.35159677336455 6.44566
53.376514312083096 6.39725
53.40162927507703 6.3668
53.42655228516116 6.36899
53.45147802340193 6.33366
53.47660125628886 6.2922199999999995
53.50153247842639 6.29303
53.52646643496923 6.2758199999999995
53.55140312799818 6.29335
53.576537409691696 6.30194
53.60147960336152 6.2698599999999995
53.626424539786164 6.24713
53.65137222105307 6.1961900000000005
53.67651758529126 6.19608
53.70147078399681 6.20735
53.72642673383343 6.20615
53.75138543689533 6.21266
53.776541917524526 6.19656
53.801506154876755 6.15149
53.826473151763246 6.13861
53.851442910284916 6.11545
53.87661054126026 6.08732
53.9015858509782 6.09751
53.92656392866066 6.07667
53.95154477641532 6.05448
53.976723591801296 6.01856
54.00171000771266 6.01665
54.02669920004598 6.05875
54.051691170915745 6.03212
54.076881204886796 5.99627
54.101878760928514 5.9736400000000005
54.12687910187696 5.97189
54.152077577768296 5.96208
54.1770835166946 5.9756800000000005
54.20209224691339 5.9596
54.22710377055121 5.913119999999999
54.25231352511594 5.88071
54.27733066384342 5.87295
54.30235060239643 5.88885
54.32737334290836 5.88009
54.35259441062629 5.85208
54.377622783395324 5.88601
54.40265396455061 5.8388599999999995
54.42768795623251 5.82218
54.45292037169559 5.79446
54.477960012857906 5.75732
54.50300247099511 5.74895
54.52804774825457 5.71552
54.55329154616743 5.66871
54.57834249018678 5.67548
54.6033962597977 5.65736
54.6284528571545 5.684830000000001
54.653708072335164 5.66765
54.67877035378786 5.64053
54.70383546947698 5.62635
54.72890342156389 5.586119999999999
54.7541700889442 5.54325
54.77924374251975 5.53006
54.8043202390049 5.48875
54.82959552413022 5.44972
54.8546777351945 5.48376
54.87976279569621 5.47358
54.90485070780914 5.496230000000001
54.930137506558005 5.43356
54.95523115074295 5.45174
54.98032765308844 5.38502
55.005427015775496 5.34321
55.03072536339621 5.3568
55.05583047570572 5.31128
55.080938454927676 5.36932
55.10604930325027 5.35963
55.131359235107396 5.2583
55.15647585066083 5.22007
55.181595341907496 5.16177
55.20671771104285 5.22039
55.232039262617704 5.2108
55.25716741665048 5.17586
55.28229845518636 5.13058
55.30743238042802 5.16403
55.33276558731939 5.0721099999999995
55.357905315183636 5.05363
55.383047936390035 5.025440000000001
55.40819345314859 5.02958
55.433538351073295 5.0019800000000005
55.458689688238415 5.0010699999999995
55.483843927614096 4.996919999999999
55.509197623043605 4.95295
55.53435769621134 4.90643
55.55952067826466 4.93719
55.5846865714265 4.88349
55.61005202069737 4.84957
55.63522376553902 4.883830000000001
55.66039842818645 4.83721
55.68557601087004 4.7917
55.7109532500271 4.76664
55.73613670233794 4.794230000000001
