TT I
1.2716486653135266 7.488160000000001
1.2939594142134223 7.43544
1.3162702121660406 7.0362100000000005
1.3385810600174564 6.584410000000001
1.3608919586137629 6.634360000000001
1.383202908801069 6.345940000000001
1.405513911425503 6.33312
1.4278249673332093 6.737660000000001
1.4501343378461518 6.91562
1.4724455028545926 5.63919
1.4947567236847858 5.9023699999999995
1.517068001182951 6.00091
1.5393793361953272 5.83354
1.5616907295681737 5.39093
1.5840021821477681 5.438269999999999
1.60631369478041 4.86178
1.6286252683124185 5.16215
1.6509369035901333 4.880319999999999
1.6732468618895553 4.70927
1.695558623192809 4.67132
1.7178704487808514 4.80253
1.7401823395001077 4.81464
1.7625012545597203 4.9366900000000005
1.7848028405262486 5.4225699999999994
1.8071218901122095 5.32765
1.8294236121921872 4.41426
1.8517427996910911 4.68049
1.8740620574440425 5.120480000000001
1.8963639900671978 4.5583599999999995
1.9186833908139995 4.37041
1.9409854680117449 5.12753
1.9633050151394713 5.21105
1.9856246367570705 4.79981
2.0079269371922672 4.37135
2.03024671027244 4.317019999999999
2.0525491637446027 4.35157
2.074869091674931 5.09189
2.097171701569106 4.41927
2.1194917877373847 5.17542
2.141811954326636 5.00494
2.164114805233074 5.3496
2.186435135143035 5.67159
2.208738150935709 12.6767
2.231058647554722 25.5589
2.2533792288321184 19.7334
2.275682498336085 9.72423
2.298003251406138 6.39931
2.3203066942619714 6.1666
2.3426276225136022 5.76918
2.3649486396617507 6.35214
2.387252348930071 5.7020599999999995
2.4095735463442893 6.14533
2.4318774374315884 6.18229
2.4541988185014043 6.16779
2.476502894794693 7.05007
2.498824462909887 6.587089999999999
2.521146125856138 6.712280000000001
2.5434504863470337 7.067769999999999
2.5657723414244717 7.8133300000000006
2.588076895590662 7.623239999999999
2.610398946189713 7.67225
2.6327210958598384 7.60508
2.6550259469304716 7.61752
2.6773482972090137 7.9372300000000005
2.6996533504259 8.40081
2.7219759047039602 8.38075
2.744298562293959 8.609639999999999
2.7666039251246595 8.16916
2.7889267918020164 8.22997
2.8112323652516555 7.9542399999999995
2.833555444408179 8.54528
2.8558786311183852 8.44325
2.8781845268938557 8.42769
2.9005079311721484 8.921
2.9228140460410397 8.89252
2.9451376712799635 9.01901
2.967444008632326 10.1456
2.9897678582247247 10.0517
3.0120918213106695 10.2471
3.0343984987899373 11.0444
3.0567226913198637 11.1325
3.079029599759726 11.3803
3.101354025127254 12.1765
3.123678568232338 12.7693
3.145985829517914 12.9697
3.16831061055229 13.4886
3.1906181112775593 14.0142
3.212943133635653 15.1361
3.2352682779763207 15.2316
3.2575761442691227 14.7189
3.2799015350264273 15.4146
3.302209649240067 15.8257
3.3245352898092655 16.754
3.3468436553365257 17.4307
3.369169549113219 17.5582
3.3914955708171384 18.6673
3.413804319727358 19.0113
3.4361305997334863 18.7947
3.4584396084414553 19.595
3.4807661501462652 20.4349
3.503092824025881 21.2746
3.5254022288463154 21.3854
3.5477291695206588 21.9309
3.5700388426251948 22.2157
3.5923660534916446 23.424
3.6146934007816114 37.3584
3.637003482731501 82.6416
3.6593311053109985 90.6192
3.681641464033634 53.1803
3.7039693653009733 30.4584
3.726297407241705 26.3173
3.7486081875460804 25.4996
3.7709365132734978 26.0405
3.793247578841633 26.26
3.8155761917550093 26.6702
3.8378875459837216 27.2727
3.8602164494827234 27.436
3.882545499606844 28.44
3.9048572932539183 29.0689
3.9271866390645718 29.2176
3.9494987298666713 29.7054
3.971828374764527 30.0708
3.9941581705403255 30.8355
4.016470713506008 31.2481
4.038800813471445 31.6259
4.061113662089144 32.2804
4.0834440696459176 32.9622
4.105774632334751 33.6577
4.128087945865126 34.5886
4.150418821249301 35.7856
4.172732448931298 36.711
4.195063640413578 38.1804
4.2173775856475215 42.5694
4.239709096631102 71.5586
4.262040768704612 217.91099999999997
4.284355196706267 292.078
4.306687193387355 192.614
4.329001947444346 78.0778
4.35133427213731 47.9327
4.373666762177566 44.5233
4.395982011761091 44.0722
4.418314834921175 45.5129
4.44063041906622 52.2828
4.4629635787515625 62.0938
4.4852969080429785 62.8078
4.5076130004776225 53.2967
4.529946671403969 49.7909
4.552263106909177 50.3392
4.574597122877047 51.0303
4.596931312711224 51.9114
4.619248269273446 52.8507
4.6415828092605835 53.9173
4.663900117405352 55.406000000000006
4.686235010953232 56.9894
4.708552674085913 57.8009
4.730887924602802 59.6825
4.753223354952695 60.3933
4.775541557023902 62.6049
4.797877349456786 64.013
4.820195915032126 65.7195
4.842532072957498 66.4926
4.864868414979744 68.848
4.88718753227192 71.1994
4.909524244902505 73.3163
4.931843734218147 74.7385
4.954180820867835 77.0124
4.976518095879839 79.9614
4.998838149695359 82.8096
5.021175803844231 86.1729
5.043496238205739 89.7364
5.065834274903528 93.8941
5.088172504230693 98.50200000000001
5.1104935158799565 105.133
5.132832132875765 125.04700000000001
5.155153533596801 163.86
5.1774925416746225 196.105
5.199814334878411 329.866
5.2221537374521505 933.998
5.244493338631803 2813.7
5.266815727034316 7734.57
5.289155727832427 12617.9
5.311478517248165 8908.69
5.333818921080011 2888.16
5.356159527788849 558.545
5.3784829252032536 185.50900000000001
5.400823940070432 143.767
5.423147747031976 127.904
5.445489173474152 118.39200000000001
5.467830807066149 112.866
5.490155234831516 109.40799999999999
5.512497285125229 105.79899999999999
5.534822130975162 103.976
5.557164601388673 101.389
5.579489868738879 98.9686
5.601832762690846 97.6065
5.6241758697774475 97.0951
5.646501775867269 96.3765
5.668845311622074 94.8502
5.691171647754637 93.9754
5.713515615597765 92.5574
5.735859800852677 91.3872
5.758186788542988 91.1538
5.780531411018185 91.5108
5.802858837297399 90.9683
5.825203900414495 90.65
5.8475491852224 91.0239
5.869877275883075 91.3908
5.892223006467101 92.3065
5.914551544266608 93.3456
5.936897724049891 95.6285
5.959244129804903 100.085
5.981573344815301 116.40100000000001
6.0039202049061 196.847
6.026249875609095 426.957
6.04859719346037 939.488
6.070927323278297 2224.34
6.093275102315365 4480.25
6.115623113320588 5128.88
6.137953938319995 3157.04
6.160302415650845 963.2669999999999
6.182633708324452 234.57299999999998
6.2049826554078376 113.77
6.227331838745022 92.0166
6.249663839443684 84.4359
6.27201349767565 82.155
6.294345974611799 87.9384
6.316696111167083 97.4881
6.339046488263839 92.7013
6.361379686074702 79.155
6.383730546639482 71.8639
6.406064229255215 68.8564
6.428415576718203 68.47800000000001
6.450749747566656 67.0297
6.47310158535871 65.7215
6.495453669698332 65.2818
6.517788579421056 64.6176
6.540141159237969 63.8733
6.562476565766648 63.1984
6.5848296444934045 62.4895
6.607182974060425 62.3261
6.6295191323281015 62.3567
6.651872965955752 65.5592
6.6742096296068985 89.2997
6.6965639707294615 130.686
6.71891856698715 130.537
6.741255995248479 90.749
6.763611104154477 67.3435
6.785949046381137 60.2495
6.808304671371482 58.4778
6.8306605557940046 58.0188
6.852999275508618 57.2033
6.875355681171544 56.9735
6.897694923437771 56.5616
6.92005185377892 56.2156
6.9423916220322655 56.6741
6.964749080490181 55.879
6.987106804399774 55.5609
7.009447368180821 55.461000000000006
7.031805625367033 55.2716
7.054146723727803 55.1672
7.076505517631004 54.8701
7.098864581288365 54.7371
7.121206488070854 54.9254
7.143566093607822 54.8923
7.165908543567245 54.9441
7.188268694426048 55.0126
7.2106291193438095 55.0625
7.232972390625943 56.5138
7.255333366030969 68.5318
7.277677189091925 116.491
7.300038718428332 159.903
7.322400526130865 134.889
7.344745183422596 85.6009
7.367107550224791 61.0628
7.389452767901992 56.0588
7.411815697249891 55.1316
7.434161478756298 54.0693
7.456524974096713 54.1796
7.478888753837185 54.2991
7.501235387657368 54.4824
7.523599738562711 54.6207
7.545946944825532 54.6449
7.568311870344528 55.06399999999999
7.5906770845765665 54.9293
7.613025156078678 56.7148
7.635390950099687 58.0428
7.657739602662809 57.0854
7.680105979923558 55.9295
7.702472650212829 55.9458
7.724822180948224 55.8212
7.747189439655568 55.8904
7.769539560075357 56.0645
7.791907410653562 56.6902
7.81425812420825 56.0312
7.836626570110925 56.5732
7.858995315087906 57.2708
7.881346924933401 57.2854
7.903716270417482 58.2725
7.926068482028405 58.6271
7.948438431475253 58.8797
7.9708086843180235 59.5411
7.993161805171116 60.1345
8.015532667162402 60.5926
8.037886398416653 61.6742
8.060257873014221 61.9153
8.082629655331942 62.6856
8.104984308787587 63.6088
8.127356708900503 66.8841
8.149711981398308 71.8205
8.172085002766314 73.8148
8.194458336181368 71.0051
8.216814543847752 68.9068
8.23918850371002 68.9776
8.26154533906492 69.6974
8.283919928836452 71.3721
8.306277395339652 72.205
8.328652618483376 73.7693
8.351028159736202 75.5974
8.373386579575245 77.4849
8.395762759396959 79.3267
8.418121819038275 84.494
8.440498640894003 96.7089
8.462875785192262 109.314
8.485235811156207 120.044
8.507613602688501 156.736
8.529974277114228 238.324
8.552352719347912 373.6
8.574731488360351 648.036
8.59709314210385 1186.16
8.619472567021075 1862.03
8.64183487789147 2152.36
8.664214962183097 1803.25
8.686577933647762 974.5269999999999
8.708958680784317 386.912
8.731339760774953 167.09099999999998
8.753703729764451 111.19
8.77608547780821 98.6274
8.798450116065078 94.9935
8.820832535634787 92.0195
8.843215292401656 90.5536
8.865580941199045 89.1466
8.887964374703538 88.4177
8.910330701447199 89.5932
8.932714815164482 91.23
8.955099270424924 90.4347
8.977466620733543 87.3515
8.999851761421976 84.7897
9.022219798361645 83.2701
9.04460562795561 83.3636
9.066991803441677 82.8636
9.089360876979615 82.3331
9.111747746589993 82.4536
9.13411751544971 81.6007
9.156505082664324 81.4853
9.178875550323522 81.8664
9.20126381862328 81.9445
9.223652438908596 82.0195
9.246023961427412 82.2962
9.26841328802173 81.8217
9.290785518039224 81.6481
9.313175554425882 82.0023
9.335565947154315 81.8753
9.357939245086508 82.4315
9.380330352834827 82.6136
9.40270436697103 83.2598
9.425096193225055 83.1255
9.447488380180165 83.9499
9.469863475295412 83.8799
9.492256385987508 84.2663
9.514632206018318 84.6277
9.537025843935714 85.3329
9.559402392368193 85.8037
9.581796761000229 86.5936
9.604191496441521 88.1649
9.626569144158516 90.89200000000001
9.648964615551032 95.3208
9.671343000390081 97.3534
9.693739211225699 95.1746
9.716135793237463 93.3317
9.738515290448102 93.0534
9.760912617143402 93.9565
9.783292860202891 94.9733
9.805690935076182 95.9787
9.828089385495742 97.2309
9.850470754023561 99.2296
9.872869957865444 106.48100000000001
9.89525208097539 120.27
9.917652041736662 131.52100000000002
9.940052382417589 131.09
9.962435644102392 136.91899999999998
9.984836746950979 170.54
10.007220771957746 232.285
10.029622640473708 336.815
10.052007432299963 515.903
10.074410069984072 818.2230000000001
10.096813093716005 1275.68
10.119199042482517 1766.12
10.141602840636468 1965.86
10.163989564971628 1601.19
10.186394141051062 908.6139999999999
10.208799107559706 411.51199999999994
10.231187001965623 190.953
10.253592751657669 126.2
10.275981430388155 113.096
10.298387966769793 111.986
10.320794897965431 113.757
10.343184759907361 112.537
10.36559248305461 107.66
10.387983138083852 103.906
10.410391656691655 105.852
10.432800574501677 116.334
10.455192425893369 133.043
10.47760214443012 157.809
10.499994797678786 203.075
10.522405320453982 285.356
10.54479877906917 409.57099999999997
10.567210109595656 514.982
10.5896218454736 580.567
10.612016518879773 510.194
10.634429067781074 359.64099999999996
10.656824555333241 206.93900000000002
10.679237920773568 126.42399999999999
10.701651695961992 96.5042
10.724048411481384 88.9474
10.746463008485165 86.1487
10.768860546937125 84.7771
10.791275969274796 82.8979
10.81369180576079 81.691
10.836090585366925 80.5322
10.858507252467449 79.5159
10.88090686379991 78.664
10.903324365036394 78.1022
10.925724811614439 77.9121
10.948143150509463 79.0488
10.970561909719066 78.2264
10.992963615930844 76.4381
11.015383218085756 74.6263
11.037785768347074 72.9071
11.06020621697282 72.3258
11.082627090322113 71.8312
11.105030913430326 71.5727
11.12745263854165 71.9387
11.149857314510728 74.9181
11.172279894912576 80.5201
11.194702904450653 80.9116
11.217108866490921 77.3769
11.239532736615194 73.39399999999999
11.26193956033512 70.9575
11.284364294577085 69.594
11.306789462371718 67.9395
11.329197585398376 67.07
11.351623622610898 66.6237
11.37403261614354 65.685
11.396459526308487 65.6759
11.418869393879497 65.217
11.441297180532617 64.9927
11.463725406927658 64.6452
11.486136592353875 64.4537
11.508565700543707 65.0243
11.530977768845315 66.6881
11.553407762368774 67.1287
11.575838200059769 66.5912
11.598251599479612 64.8789
11.620682927815501 63.6781
11.64309721895548 63.251000000000005
11.665529441478206 62.79
11.687962112597958 62.5484
11.710377748130886 62.7335
11.732811318753434 62.5585
11.755227854859067 62.6999
11.777662328529495 62.5113
11.800079768750786 62.3112
11.822515149015453 62.1858
11.844950984084935 62.2653
11.867369787303163 61.8273
11.889806534289491 62.1637
11.912226250487029 62.4955
11.934663912939751 62.4051
11.9571020346363 62.4972
11.979523127133968 62.5406
12.001962169624331 63.2098
12.024384183972964 63.8871
12.046824150809913 66.8588
12.069264581333726 71.7807
12.091687985297767 77.7558
12.11412934550045 86.9318
12.136553680195208 102.404
12.158995973632788 124.257
12.181438735204349 155.26
12.20386447284199 180.00099999999998
12.226308172985636 199.34799999999998
12.24873485024193 195.11700000000002
12.271179492516982 161.632
12.293607112949127 124.682
12.316052700916226 95.9206
12.338498763250042 78.0167
12.360927805303868 69.7727
12.383374818673879 65.9565
12.405804812803074 64.4242
12.428252780773262 63.8418
12.45070122756722 63.9224
12.473132656675375 63.9829
12.49558206341869 64.0524
12.518014453510101 64.2804
12.540464823770117 64.4338
12.562915677315177 64.5751
12.58534951575545 65.1667
12.607801338171472 67.277
12.630236146511358 71.7062
12.652688941369085 75.8755
12.675124723177234 76.4007
12.697578494048786 73.0594
12.720032754458185 69.1686
12.742470003354093 67.67399999999999
12.764925245138771 67.4141
12.787363476431278 67.4447
12.809819703166806 67.7973
12.83227642391173 68.9208
12.854716135692716 69.2898
12.877173846755147 70.4741
12.899614549869717 70.5084
12.9220732548287 71.2216
12.94453245827299 71.7077
12.966974655289818 73.1132
12.989434858002571 73.902
13.011878055298721 74.4616
13.034339260862497 75.6449
13.056800969391883 76.5522
13.079245674017244 78.282
13.101708390774869 80.0997
13.12415410463411 86.6877
13.146617833206086 97.8697
13.169064559883248 109.163
13.191529303857127 124.09200000000001
13.213994557076367 147.312
13.236442809902437 184.77599999999998
13.258909083908291 241.44400000000002
13.28135835851934 304.079
13.30382565690295 370.296
13.326293469022952 418.93800000000005
13.348744283242008 413.74699999999996
13.371213125129904 360.35900000000004
13.39366497011003 265.782
13.416134845360597 178.19
13.438605238843131 127.07700000000001
13.46105863690397 105.766
13.483530069144786 104.266
13.505984506951902 108.961
13.528456981549432 118.421
13.550929978879088 133.264
13.573385983253365 157.864
13.595860028340867 198.043
13.618317081455832 250.265
13.64079217790333 304.879
13.663250283359057 347.719
13.685726434770173 364.616
13.708203115221277 332.959
13.730662806148091 260.617
13.75314054697177 186.42
13.775601299246777 128.80200000000002
13.798080104050406 97.5127
13.820559442405358 85.34200000000001
13.843021793671388 81.8266
13.865502201420897 80.0381
13.887965623051947 79.223
13.910447103807167 78.0288
13.932929122629764 76.9256
13.955394156785959 76.4737
13.977877254034569 75.7321
14.000343367582113 74.9029
14.022827546871707 73.9538
14.045294743423524 73.4442
14.06778000837062 72.7946
14.090265817715476 72.5595
14.112734645763819 72.2496
14.13522154619454 71.9087
14.157691466286913 71.9126
14.180179461423874 71.503
14.202668005486178 71.2046
14.22513957064374 70.5235
14.247629214846473 70.0845
14.270101881097517 70.0246
14.29259262906496 70.0986
14.315083930490205 70.8231
14.337558255389705 71.4657
14.360050666019726 70.881
14.382526101071944 69.8943
14.405019624534942 69.1379
14.427513705993134 68.257
14.449990813291825 68.6508
14.47248601302899 68.3767
14.49496423954951 68.2601
14.517460561197822 68.4579
14.539939910570322 68.1318
14.562437357763558 68.7274
14.58493536931253 69.7811
14.607416409993311 70.5668
14.62991555254159 71.3865
14.652397725157423 71.0574
14.674898002342799 70.4707
14.697398848433282 69.8984
14.719882725991326 70.607
14.74238471217934 71.3001
14.764869730765593 74.3537
14.787372860692983 77.5976
14.809876564079925 82.1044
14.83236330125751 87.8946
14.854868153850365 96.2939
14.877356041159485 110.155
14.899862046604186 129.422
14.922351087688757 154.75799999999998
14.944858249632887 182.513
14.967365991421232 207.548
14.989856770231246 219.019
15.012365673994204 214.148
15.03485761569738 186.69099999999997
15.05736768508665 148.371
15.07987833888692 115.759
15.102372032001655 91.2218
15.124883856909658 77.0405
15.14737872204565 72.2788
15.169891721717274 70.3253
15.192405310371893 69.8234
15.214901940621196 70.4201
15.237416709527137 70.6198
15.259914520936249 70.5821
15.282430473753607 69.6017
15.304947020131227 68.762
15.327446610371178 67.9593
15.349964346154254 67.0511
15.372465126703139 66.4849
15.394984055556009 66.3712
15.417486030076159 66.1056
15.44000615566487 65.8241
15.462526881230803 65.7846
15.485030653812652 66.0345
15.507552581617434 66.1366
15.530057557334603 66.1454
15.55258069104857 65.7729
15.575104429329837 65.7344
15.597611216864632 65.4316
15.620136166564563 65.7231
15.6426441664095 66.2754
15.665170331202765 68.2188
15.687697105158826 71.2995
15.710206930593545 74.7871
15.732734925158933 78.7952
15.755245972089478 85.2346
15.77777519094324 94.6558
15.800287463046663 107.959
15.822817909869592 127.555
15.84534897229804 150.158
15.867863089299354 172.484
15.890395385222186 187.55700000000002
15.912910736597423 190.517
15.935444269699861 180.87599999999998
15.957978423016485 153.826
15.980495633101265 124.301
16.003031029129367 98.2119
16.02554948280019 78.0888
16.048086125229432 68.2147
16.070623392487107 65.203
16.09314371869582 64.1729
16.11568223789321 63.0962
16.13820381691126 62.2615
16.160743591742527 61.1421
16.183283996022084 60.2032
16.205807461423195 59.1864
16.228349126881973 58.6538
16.25087385432698 58.832
16.27341678466365 58.2109
16.29594277784926 58.0301
16.31848697676433 58.3348
16.341031811604868 58.7161
16.36355971058487 58.9177
16.3861058195587 58.4901
16.40863499352978 57.285
16.431182380342005 56.6079
16.453730407713202 56.1304
16.476261501364792 55.7806
16.498810812136167 55.2764
16.52134319004079 55.4845
16.54389378792203 55.1325
16.566445031001553 55.1737
16.588979342490088 54.8492
16.61153187824822 55.1417
16.634067483263312 54.5958
16.656621315414416 54.5048
16.679175797408888 54.1579
16.701713349928728 54.2256
16.72426913389191 54.4477
16.74680798922351 54.6351
16.76936507887444 54.7553
16.791905240734874 54.6135
16.814463639794468 54.4896
16.837022695210294 54.4937
16.859564824093756 54.9228
16.882125194503903 55.4385
16.904668639217885 56.1077
16.927230328348003 56.2843
16.949792678493612 56.3226
16.972338104193863 55.7665
16.994901778652235 55.391999999999996
17.017448529496576 55.3243
17.040013531998152 55.3553
17.06257920018044 55.9091
17.0851279459922 56.5707
17.107694947817667 57.4499
17.130245028099072 58.3922
17.15281336730298 59.7122
17.17536478578733 61.3126
17.19793446610687 63.6691
17.220504818648422 66.6637
17.243058251703697 70.1689
17.265629950971032 74.6058
17.288184731571736 78.822
17.310757781306908 82.0288
17.33333150794385 83.7855
17.355888317140174 81.4424
17.37846339986244 76.3386
17.401021565958885 70.5463
17.42359800851343 65.3653
17.44617513265564 62.1083
17.468735341390783 59.8092
17.491261035594565 59.0184
17.51396340099364 58.6394
17.536490463869136 58.7813
17.559018209820174 58.8359
17.58154663977963 58.7849
17.604251766089718 59.0414
17.626781572227713 59.2515
17.64931206518155 59.6059
17.671843245885103 60.0369
17.69455114821572 60.121
17.717083712612634 60.7239
17.739616967569667 60.9491
17.762150914021706 61.0619
17.78486160749854 60.9546
17.807396945166804 61.7687
17.829932977143503 62.4156
17.85246970436452 63.7605
17.875183204129467 65.5045
17.897721330097664 67.6992
17.920260154126645 70.0294
17.942799677153296 73.0912
17.9655159983646 76.8919
17.988056927677544 82.3506
18.010598558807683 90.3299
18.033140892692916 100.62899999999999
18.05586005052525 111.48299999999999
18.07840379824407 122.417
18.10094825154059 132.072
18.12366954819864 138.579
18.146215420998306 136.894
18.16876200220057 130.22
18.191309292745153 116.71600000000001
18.214033452627167 103.383
18.236582170236648 92.2332
18.259131600016456 87.1206
18.281681742907335 86.9796
18.304408781233683 91.2025
18.32696035875955 95.6628
18.349512652227624 99.8354
18.372065662579683 103.72399999999999
18.394795594587553 104.60600000000001
18.41735004715306 101.633
18.43990521943684 95.5185
18.46246111238171 86.7195
18.485193953325208 77.3861
18.507751296070428 70.1719
18.530309362314178 65.9801
18.552868153000343 63.4994
18.57560391815056 61.9522
18.59816416623245 61.5451
18.620725141597372 61.0266
18.643286845190268 60.599
18.666025549835414 60.3028
18.688588718427933 59.7161
18.711152618092243 59.306999999999995
18.73389353884365 59.3551
18.75645890921984 58.928000000000004
18.77902501351406 58.4649
18.801591852673102 58.3566
18.824335739722738 58.043
18.846904057212626 57.9698
18.8694731124168 57.5055
18.89204290628315 57.6571
18.914789774966803 57.3262
18.937361054791623 57.0245
18.959933076131318 56.7456
18.982505839934877 56.9135
19.00525570560582 56.8405
19.027829963004184 56.4479
19.05040496572238 56.913999999999994
19.072980714710468 56.667
19.095733592739563 57.0122
19.11831084296757 57.1316
19.140888842324735 57.4218
19.16346759176222 57.9072
19.18622349753803 58.2613
19.208803755869358 59.4397
19.231384767143577 60.4372
19.253966532312948 62.056999999999995
19.276725481241822 64.2086
19.29930876296784 66.8066
19.3218928014549 69.7906
19.34465404436217 72.8994
19.36723960516257 75.0385
19.389825925592426 75.7659
19.412413006605938 75.0543
19.43517731967805 71.7575
19.457765930683355 67.53
19.48035530514408 63.2351
19.50294544401556 59.2891
19.525712842708348 56.6081
19.54830451925909 55.0971
19.570896963095727 53.9147
19.593490175174704 53.6365
19.616260674962184 53.6233
19.638855432416964 53.378
19.661450960992624 53.4872
19.68404726164677 53.4742
19.706820878021247 53.2257
19.729418731756834 53.2775
19.752017360452857 53.0889
19.77461676506804 53.2819
19.797393513540218 53.4083
19.819994478951667 53.5441
19.84259622316767 54.1262
19.8651987471481 54.6078
19.887978643247177 54.8594
19.91058273574792 55.0318
19.933187610901943 55.9144
19.955969879466828 57.2323
19.97857632894404 58.9365
20.00118356396599 60.2861
20.023791585494575 62.3993
20.046577028914875 65.2225
20.069186632506966 67.0639
20.091797025500632 68.6849
20.114408208858933 69.6133
20.137196842715273 68.9416
20.159809615886765 67.7643
20.18242318232135 65.4863
20.20503754298326 63.5502
20.227829382875154 62.2934
20.250445341109344 62.271
20.27306209647285 62.7908
20.29567964993108 63.766999999999996
20.31847471147704 64.7625
20.34109387027612 65.1738
20.363713830075454 64.6187
20.386334591841646 63.3188
20.409132890679302 60.9503
20.431755265564437 58.3669
20.454378445325528 55.527
20.477002430930366 53.6076
20.499803982716553 52.5645
20.522429589228004 51.4652
20.54505600449589 51.004
20.567683229489194 50.6548
20.590488049900088 50.5086
20.61311690359731 50.0902
20.63574656993626 49.9273
20.658553853717297 49.3844
20.681185154618298 49.5177
20.703817271080066 49.4386
20.72645020407368 49.0375
20.749260783967177 48.916000000000004
20.771895359337133 48.8109
20.794530754161617 48.7731
20.817166969412938 48.7699
20.83998086114876 48.6871
20.86261872660049 48.4264
20.885257415405402 48.3561
20.90789692853701 48.3823
20.930714147864748 48.3969
20.953355319030678 48.453
20.97599731745334 48.5799
20.99864014410749 48.3702
21.021460706796564 48.4425
21.044105199328826 48.6952
21.06675052302631 48.8091
21.089396678865015 49.1254
21.112220600704806 49.3929
21.134868430275347 49.5839
21.15751709492456 50.0438
21.180166595629693 50.2633
21.202993892429635 50.7422
21.22564507473034 51.0345
21.24829709602816 51.3435
21.27112693608965 51.1722
21.293780644891275 51.2727
21.316435195634053 50.6893
21.339090589297417 49.9274
21.361923832041875 49.3832
21.384580921090404 48.6565
21.407238856007325 48.2778
21.429897637773326 48.2905
21.45273429906592 48.4068
21.475394784108598 48.2043
21.498056118951983 48.1305
21.520718304578022 48.3888
21.543558400304388 48.4465
21.566222297108816 48.5455
21.58888704765135 48.6226
21.61155265291521 48.9758
21.63439619898156 49.4605
21.657063523335786 49.7717
21.67973170537063 50.1872
21.7024007460706 50.493
21.72524775840385 51.2067
21.747918526116475 52.4436
21.770590155457388 53.6605
21.79326264741238 55.2269
21.816113141960237 57.1928
21.838787368860547 58.9556
21.861462461341976 60.7782
21.884315579735777 62.4428
21.90699241312273 63.5235
21.92967011506078 64.3356
21.95234868653799 64.1078
21.9752053151131 63.2291
21.997885635446785 61.2709
22.020566828293532 59.5029
22.04324889464272 57.8392
22.066109049404666 56.7468
22.088792872571794 56.0943
22.111477572219204 55.9635
22.1341631493376 55.9132
22.157026846313123 55.7678
22.179714188221507 55.1681
22.202402410582668 54.1287
22.22509151438863 52.5229
22.24795876962584 51.3945
22.270649646204486 50.5701
22.293341407213727 49.812
22.316034053646906 49.2886
22.338904883215342 48.873000000000005
22.36159931041458 48.9767
22.38429462602756 48.9037
22.40699083104897 48.7011
22.429865251039757 48.6325
22.452563244831367 48.6767
22.47526213102522 48.6632
22.49813925616515 48.5321
22.520839937143307 48.4552
22.543541513520587 48.3335
22.56624398629403 48.2804
22.589124730075895 48.2816
22.611829005656723 48.3888
22.63453418063466 48.5285
22.657240256008077 48.61
22.680124634582935 48.8586
22.70283252079775 49.2216
22.725541310413075 49.3783
22.74825100442868 49.3255
22.771139033969575 50.0752
22.79385054687155 50.3705
22.81656296718292 50.9726
22.83927629590484 51.9202
22.862167992606945 52.8444
22.88488314827121 53.9908
22.907599215359284 55.1495
22.93031619487366 56.1239
22.953211574954405 56.7878
22.975930389478226 57.5717
22.998650119445763 57.6389
23.02137076586092 57.0664
23.044269845560063 55.9829
23.06699233506288 54.398999999999994
23.089715744034912 52.7491
23.112617610931565 51.1178
23.135342869061212 49.805
23.158069049684816 49.0425
23.1807961538087 48.7416
23.20370174880544 48.6391
23.226430710184808 48.6705
23.249160598093425 48.7346
23.271891413539002 48.6767
23.294800752937697 48.5131
23.31753343374794 48.88399999999999
23.340267045128353 48.8828
23.36300158808808 49.2583
23.38591468821339 49.5688
23.408651104658304 50.1107
23.431388455719986 50.6704
23.454126742409 51.6244
23.4770436196085 52.7231
23.499783787914662 53.7991
23.522524894889884 54.8766
23.54526694154616 55.83
23.56818761219047 56.9148
23.59093154860734 57.266000000000005
23.613676427751283 57.5448
23.636422250635754 56.8313
23.659346731118656 55.4318
23.68209445191868 53.8389
23.704843119509587 51.5568
23.72759273490623 49.5933
23.750521041644767 48.2581
23.77327256312355 47.0453
23.796025035462787 46.4951
23.818956224555475 45.9133
23.841710609113413 45.9829
23.86446594758979 45.7675
23.887222241002014 45.3223
23.910157285144578 45.0075
23.932915498962537 45.146
23.955674670778713 45.0677
23.978434801611975 44.8275
24.001373717286125 44.4758
24.024135776723917 44.43600000000001
24.046898798245582 44.3716
24.06966278287146 44.4078
24.092605586582614 44.1082
24.115371508023642 43.9255
24.1381383956401 43.8511
24.16090625045381 43.6584
24.183852958731244 43.7339
24.206622758582608 43.608000000000004
24.229393528706886 43.4944
24.252165270127392 43.5813
24.27511589952438 43.5928
24.297889594216997 43.3515
24.32066426328598 43.097
24.34343990775613 43.2335
24.36639447485003 42.9658
24.38917208083877 43.0876
24.41195066531332 42.9733
24.43490819850244 43.059
24.457688750692377 42.8282
24.48047028445616 42.736999999999995
24.503252800821233 43.0044
24.526214300784112 43.0807
24.548998793132213 42.8696
24.57178427117417 42.9284
24.59457073593893 42.8198
24.617536219319863 42.8583
24.64032466834748 42.875
24.663114107195035 42.6694
24.685904536893013 42.3015
24.708874020360852 42.3292
24.731666442613744 42.4169
24.754459858818787 42.2861
24.777254270007962 42.2473
24.80022777025625 42.1172
24.82302418230472 42.1945
24.845821592443674 42.196000000000005
24.86862000170663 42.1662
24.891597535453727 41.8462
24.914397953892728 42.1448
24.93719937456671 42.0331
24.96000179851076 42.2456
24.98298338249997 42.3722
25.00578782394922 42.7293
25.028593271784167 42.7281
25.05157790644186 43.0367
25.07438537804115 43.3386
25.097193859145293 43.4488
25.120003350792075 43.6525
25.142992065061257 43.9991
25.165803588823465 44.3328
25.18861612625217 44.4334
25.211429678386736 44.5435
25.234422489079968 44.6812
25.257238081693636 44.8736
25.280054692141732 44.8659
25.3028723214652 44.7487
25.325869245420463 44.6638
25.348688923599397 44.6071
25.371509623787006 44.6734
25.394331347025812 44.4791
25.41733240110666 44.0592
25.440156181590016 43.4946
25.46298098826268 42.986000000000004
25.48580682216873 42.4376
25.50881202326435 41.858999999999995
25.53163992281684 41.4656
25.55446885274561 41.0648
25.577298814096377 40.6358
25.600308179121807 40.6645
25.623140214533745 40.7753
25.64597328451537 40.5965
25.66898578564376 40.5432
25.691820936010206 40.4152
25.714657124097695 40.418
25.737494350954734 40.5525
25.760511045684957 40.3714
25.783350361364224 40.4137
25.806190718969255 40.3555
25.82903211955018 40.525999999999996
25.852053024868923 40.5815
25.874896522722523 40.4918
25.897741066713106 40.4121
25.920586657892454 40.5413
25.943611790812668 40.7041
25.966459487728237 40.8536
25.989308234998564 40.9327
26.01215803367705 41.1256
26.03518741123814 41.2256
26.05803932412957 41.4522
26.080892291600094 41.4507
26.10374631470478 41.5615
26.12677995397268 41.5988
26.14963609978026 41.4558
26.172493304397875 41.0743
26.19535156888223 40.9682
26.218389486949604 40.7113
26.241249882640123 40.4874
26.26411134137826 40.2668
26.28715248187403 40.0939
26.31001607820869 39.9703
26.3328807407756 39.8583
26.35574647063438 40.0606
26.37879191991473 40.0277
26.401659795896734 40.1236
26.424528742360263 40.2426
26.447398760366614 40.3633
26.470448535598294 40.5217
26.49332070826805 40.7208
26.516193955675355 41.0591
26.53906827888316 41.2689
26.562122397260108 41.3674
26.584998883685063 41.6229
26.607876449110325 41.7874
26.63075509460056 41.9282
26.65381357334404 42.0837
26.67669439061878 42.0044
26.699576291163382 41.9185
26.722459276044212 41.7131
26.745522132402975 41.553000000000004
26.768407297649354 41.3736
26.791293550442003 41.0001
26.814180891848974 40.7339
26.837248143099337 40.3649
26.860137673466657 40.3604
26.88302829566349 40.1349
26.90592001075963 39.9392
26.92899167420566 39.7867
26.951885586870763 39.2224
26.974780595655517 39.2903
26.99785558178161 39.1351
27.020752794605112 38.9859
27.043651106772522 38.8445
27.06655051935668 38.8572
27.089629948036183 38.7088
27.112531573292053 38.6118
27.135434302194138 38.6402
27.158338135817015 38.4205
27.181422024430987 38.4774
27.204328079372566 38.4091
27.22723524226965 38.4576
27.250143514198573 38.5292
27.273231880156334 38.4174
27.296142382065014 38.2395
27.319053996245536 38.3466
27.341966723775965 38.2722
27.365059584515222 38.2576
27.38797455070062 38.4343
27.410890633481237 38.3347
27.433807833936918 38.3112
27.456905206923906 38.4757
27.47982465472398 38.5426
27.502745223449743 38.5433
27.525666914182825 38.55
27.548768816912457 38.4668
27.571692763693633 38.3498
27.59461783573812 38.3598
27.617723149491244 38.0395
27.640650484125285 37.9657
27.66357894728264 38.0384
27.686508540048052 37.975
27.709618414237887 37.9811
27.732550278321757 37.6371
27.755483275279115 37.6959
27.778417406196485 37.8724
27.801531858397514 37.7344
27.824468269376716 37.6448
27.847405817586786 37.8162
27.870344504116094 37.836
27.893463551932008 37.9078
27.916404527281053 38.3231
27.93934664422563 38.2529
27.962289903855886 38.3838
27.98541356491974 38.4377
28.00835912214229 38.6188
28.03130582533231 38.8316
28.054253675581805 38.9093
28.077381967556104 38.9198
28.100332124185126 38.9831
28.123283431160893 38.8254
28.146235889577238 38.7278
28.169368830154156 38.5126
28.192323603752033 38.3741
28.215279532083304 38.0958
28.238415973016764 37.8431
28.261374223145094 37.8577
28.284333631303806 37.5996
28.307294198589954 37.3694
28.330435319167677 36.9977
28.353398217078915 36.8611
28.376362277420153 36.709
28.39932750129032 36.4485
28.422473319286713 36.385999999999996
28.44544088262495 36.3592
28.468409612800283 36.188
28.491379510913497 35.9641
28.51453004413313 35.8408
28.53750229057244 35.777
28.56047570826344 35.7287
28.583450298308804 35.7896
28.606605564586562 35.5834
28.629582511831156 35.7464
28.65256063474956 35.6556
28.675539934446338 35.5535
28.698699951647605 35.4867
28.72168161743193 35.425
28.74466446331978 35.4633
28.767648490417624 35.4661
28.790813276438353 35.3476
28.813799678527303 35.3644
28.836787265157085 35.3823
28.859955641890075 35.4165
28.882945610203045 35.3687
28.905936766392035 35.0727
28.928929111566863 35.1528
28.952102288520145 35.2172
28.975097024308607 35.0906
28.998092952423807 34.9739
29.021090073977508 34.8429
29.04426806913204 34.8078
29.067267590245258 34.6199
29.090268308143695 34.5403
29.11327022394099 34.4138
29.13645305530891 34.3656
29.159457379627167 34.2478
29.18246290519685 34.2819
29.20546963313352 34.2735
29.22865731875826 34.2925
29.25166646419296 34.3528
29.27467681535305 34.1069
29.29768837335608 34.0927
29.320880931312562 34.152
29.34389491580634 34.1506
29.366910110507334 34.0909
29.38992651653503 34.1295
29.41312396492981 34.1288
29.436142806456754 34.1191
29.45916286268059 33.8997
29.48236399319994 33.7679
29.50538649169417 33.6986
29.528410208259935 33.6192
29.55143514402014 33.4745
29.574641196749695 33.3302
29.597668583816574 33.2678
29.6206971934585 33.0546
29.64372702680042 33.1597
29.666938019934474 32.9773
29.689970313635285 32.9088
29.713003834422636 32.9803
29.73603858342347 32.8799
29.759254535188578 32.6814
29.78229175361658 32.7393
29.80533020365064 32.839
29.82836988641968 32.7306
29.85159081507472 32.6985
29.874632976355343 32.611999999999995
29.89767637376955 32.732
29.920721008448314 32.4863
29.9439469322847 32.4652
29.96699405457564 32.4497
29.9900424175358 32.4956
30.013092022298157 32.3877
30.03632295963995 32.3476
30.059375061131373 32.4713
30.08242840783577 32.4913
30.105483000888153 32.4164
30.128718970092244 32.3144
30.151776069006917 32.2848
30.17483441768648 32.2991
30.198074175317235 32.316
30.221135036724256 32.3274
30.24419715131772 32.236999999999995
30.267260520236203 32.2935
30.290505341942243 32.2378
30.313571232750228 32.3681
30.336638381310948 32.2641
30.35970678876503 32.1955
30.38295669299435 32.1168
30.40602763151657 32.1442
30.429099832366074 32.1104
30.452173296685572 31.9589
30.47542830191959 31.963
30.498504306502497 31.8828
30.521581577995562 32.0985
30.544660117543582 32.1089
30.56792024229725 32.1847
30.59100133132069 32.0799
30.614083691845494 32.1155
30.637167325018545 32.1337
30.660432587840603 32.2259
30.683518779717886 32.1142
30.70660624769615 32.1554
30.729694992924372 32.0424
30.75296541239743 32.1094
30.77605672557558 32.0203
30.799149319462742 32.0509
30.8224236211637 31.8798
30.845518789950724 31.8762
30.868615242910597 31.8299
30.891712981195973 31.6684
30.91499247215866 31.5233
30.938092794619365 31.5516
30.96119440587579 31.4187
30.984297307082752 31.279
31.00758200598383 31.1756
31.030687500658694 31.1034
31.053794288760695 31.0338
31.076902371446767 31.0043
31.100192296997445 31.1182
31.12330298246119 31.0343
31.14641496599209 30.8911
31.169528248749216 30.9139
31.19282341969534 30.8835
31.215939314557186 30.8104
31.239056512134788 30.9189
31.262175013589378 30.8841
31.28547544871168 30.7977
31.30859657161541 30.7543
31.331719001892175 30.8132
31.35484274070538 30.9034
31.378148458819545 30.8205
31.401274828443725 30.8505
31.424402510106933 30.8066
31.447712205419993 30.8036
31.470842524931633 30.6832
31.493974159989783 30.7431
31.51710711176168 30.6798
31.54042212308802 30.7136
31.563557722100917 30.639
31.586694641341655 30.5207
31.609832881979628 30.4532
31.63315322823208 30.4123
31.656294125521327 30.2415
31.679436347728515 30.1971
31.70257989602529 30.241
31.725905596152327 30.1197
31.74905181052835 30.002
31.772199354521323 30.0901
31.79534822930507 30.1571
31.818679302290967 30.0589
31.84183085259981 29.9545
31.864983737233473 30.0219
31.88813795736804 30.1059
31.911474422233013 29.9508
31.934631327356435 29.9535
31.9577895715215 29.9895
31.980949155906522 30.0077
32.004291031706956 29.9828
32.027453310562606 29.8614
32.05061693318573 29.8078
32.07396288236386 29.7086
32.09712920658542 29.7075
32.12029687812702 29.467
32.14346589817093 29.4424
32.166817291729984 29.4798
32.18998902288583 29.3359
32.21316210610336 29.3089
32.23633654256711 29.1773
32.259693399663725 29.1752
32.282870556771144 29.0356
32.30604907069099 29.2249
32.329228942610065 29.0957
32.35259128243769 28.9156
32.375773884550505 28.9239
32.398957848235646 28.9206
32.422143174682176 28.7879
32.445511016471215 28.6886
32.468699082679954 28.7593
32.49188851523011 28.6588
32.51507931531304 28.5665
32.538452678331 28.6149
32.56164622776311 28.4146
32.58484114831493 28.5137
32.60803744118015 28.5078
32.631416344731896 28.4453
32.654615396551876 28.3106
32.67781582427913 28.2842
32.701198898634416 28.3037
32.72440209253756 28.2101
32.747606665947124 28.2277
32.77081262006088 28.1624
32.79420126883317 28.0483
32.81740999876112 28.0639
32.840620112999424 28.0664
32.86383161274818 28.0155
32.88722585534586 27.9396
32.91044014056596 27.9919
32.933655814909734 27.9172
32.95687287957963 27.9223
32.98027273544904 27.8182
33.00349259526636 27.7601
33.026713849030116 27.844
33.04993649794511 27.759
33.073341986570746 27.7022
33.09656744032826 27.7163
33.11979429286444 27.6592
33.14302254538647 27.7525
33.166433686291185 27.5769
33.18966475336992 27.5821
33.212897224069096 27.6018
33.23613109959831 27.5461
33.259547912343415 27.4588
33.2827846121627 27.4884
33.306022720453775 27.4033
33.32926223842861 27.3038
33.352684742614166 27.3588
33.37592709463173 27.355
33.399170859982064 27.1521
33.422597648419426 27.1807
33.44584425514446 27.0187
33.46909227885668 27.0029
33.4923417207723 26.9032
33.51577423505344 26.9814
33.539026528130385 26.8546
33.56228024307245 26.8993
33.585535381098246 26.7127
33.60897364093058 26.6849
33.63223163992385 26.6514
33.6554910656699 26.5706
33.678751919389796 26.5465
33.702195944520106 26.4996
33.72545966903325 26.4863
33.74872482519663 26.4357
33.771991414233746 26.4115
33.79544122444841 26.3634
33.81871069412428 26.3153
33.84198160035767 26.3381
33.86525394437455 26.3875
33.88870955949969 26.2449
33.911984794020626 26.2875
33.93526147001624 26.178
33.958539588715006 26.1617
33.98200102861669 26.0915
34.0052820477047 25.9897
34.02856451319451 26.0574
34.05203033759056 25.9933
34.07531571090147 25.899
34.09860253431845 25.8317
34.121890809074316 25.8222
34.145362493118924 25.7706
34.16865368561615 25.7222
34.191946333164054 25.7071
34.21524043699793 25.7636
34.23871800066799 25.7467
34.26201503218366 25.6325
34.28531352370466 25.5938
34.30861347646881 25.5836
34.33209693978188 25.5015
34.3553998301885 25.5018
34.378704185565205 25.3783
34.402010007152356 25.2714
34.42549939016683 25.3136
34.44880815937748 25.3409
34.472118398533134 25.206
34.49543010887669 25.1357
34.51892543169198 25.1737
34.54224009966052 25.17
34.56555624255917 25.1235
34.58887386163339 25.0158
34.61237514439016 24.8793
34.6356957311114 24.9378
34.65901779775809 24.9161
34.68252356662995 24.8731
34.705848608458616 24.9346
34.72917513396849 24.7616
34.75250314440949 24.7433
34.77601490857862 24.7569
34.799345904259795 24.6096
34.82267838863559 24.5705
34.846012362958525 24.6146
34.869530142679984 24.6222
34.89286711232212 24.5548
34.91620557568269 24.4956
34.93954553401677 24.4518
34.9630693495876 24.4229
34.986412313340814 24.4715
35.00975677584668 24.461
35.033102738362956 24.3536
35.05663261012228 24.2986
35.0799815881786 24.3683
35.10333207003229 24.1483
35.12668405694369 24.2096
35.150220005273056 24.1055
35.17357501786656 24.1306
35.19693153931268 24.1176
35.220289570874385 24.0543
35.24383161619786 24.114
35.267192683604904 24.0711
35.290555264930376 24.0308
35.314101899412165 24.0282
35.33746752422433 24.0029
35.36083466676374 23.9989
35.38420332829803 23.8578
35.407756095629054 23.9248
35.43112781085063 23.8922
35.45450104888391 23.8543
35.477875810999194 23.9198
35.50143473172161 23.8399
35.52481255774625 23.864
35.54819191167777 23.8044
35.57157279478914 23.7626
35.595137889488406 23.6762
35.61852184675279 23.6276
35.641907337029984 23.5776
35.665294361595684 23.5502
35.68886565090076 23.4457
35.7122557598848 23.485
35.73564740699838 23.4292
35.759040593519934 23.4953
35.78261809810353 23.3507
35.80601437933051 23.3417
35.829412203814705 23.3181
35.85281157283719 23.1847
35.876395313415884 23.1813
35.8997977874528 23.1126
35.92320180988546 23.15
35.946790244133936 23.0901
35.97019737933222 23.0722
35.993606066789866 23.0882
36.01701630779276 22.9919
36.04061101440684 22.9989
36.06402437852291 23.0513
36.08743930005611 22.9245
36.1108557802951 22.86
36.13445678011326 22.7782
36.15787639383515 22.7916
36.18129757014299 22.7201
36.20472031032821 22.7143
36.22832762423364 22.6741
36.25175350829375 22.546999999999997
36.275180960119776 22.5675
36.298609981005924 22.7076
36.32222362992669 22.6098
36.34565580510207 22.581
36.36908955323448 22.553
36.39252487562093 22.4443
36.416144880530226 22.4022
36.43958336764275 22.3865
36.463023432914625 22.3911
36.486465077645676 22.3194
36.51009145956204 22.395
36.53353627947859 22.3594
36.55698268276811 22.2524
36.58043067073321 22.2445
36.60406345072071 22.171999999999997
36.62751462435344 22.1505
36.65096738658405 22.0995
36.67460498210655 22.0851
36.69806093788647 22.0623
36.72151848619297 21.9516
36.744977628333636 21.9825
36.76862165890998 21.9411
36.79208400512205 21.8948
36.81554794910557 21.9081
36.83901349217101 21.7549
36.862663978991606 21.7409
36.88613273667352 21.6703
36.90960309738324 21.7322
36.933075062434064 21.6668
36.95673202673572 21.6402
36.98020721697122 21.5786
37.003684015502365 21.5452
37.027162423645365 21.5455
37.050825886711465 21.5158
37.07430753063053 21.3533
37.09779078812467 21.3799
37.121275660513014 21.3612
37.144945643673694 21.3724
37.16843376245278 21.3793
37.19192350009803 21.3583
37.215414857931435 21.2623
37.239091382563885 21.2188
37.262585997426164 21.2162
37.28608223645736 21.1544
37.309763684451696 21.1007
37.33326318851098 21.0469
37.356764320726555 21.043000000000003
37.380267082425526 21.0634
37.40395510942588 21.0744
37.42746114683234 20.9897
37.45096881771841 21.0075
37.474478123414166 20.9737
37.49817275092816 20.8484
37.52168534303452 20.8972
37.54519957395567 20.8087
37.568715445024665 20.8165
37.592416694607714 20.721
37.61593586281424 20.8258
37.63945667518264 20.7442
37.66297913304891 20.6739
37.68668702630454 20.7131
37.710212792059274 20.5485
37.733740207334854 20.546999999999997
37.757269273470364 20.5125
37.780983832050374 20.4478
37.80451621684926 20.4641
37.82805025654007 20.4614
37.851585952464795 20.4434
37.8753071980695 20.3258
37.89884622345676 20.294
37.92238690911902 20.2939
37.94611318753442 20.2074
37.969657210779765 20.2608
37.99320289834801 20.1915
38.016750251586465 20.1389
38.04048325513017 20.1232
38.06403395679343 20.0415
38.087586328183946 19.9754
38.11114037065203 20.0411
38.13488012115898 20.0371
38.1584375229181 19.9419
38.181996599821 19.9152
38.205557353221124 19.9213
38.229303872575656 19.9172
38.2528679961576 19.8478
38.27643380031219 19.7914
38.30000128639589 19.7879
38.32375459653193 19.772000000000002
38.34732546371299 19.7632
38.37089801690786 19.729
38.39447225747609 19.6602
38.418232380377425 19.6228
38.441810012983396 19.6259
38.46538933705673 19.6369
38.488970353960084 19.6052
38.51273731166058 19.5258
38.536321731567014 19.4898
38.55990784840681 19.4813
38.58367995004091 19.391
38.60726947812959 19.4185
38.63086070726198 19.3649
38.654453638806274 19.3552
38.678232613930824 19.284000000000002
38.70182896773327 19.209
38.72542702806741 19.2894
38.7490267963045 19.217
38.77281266709232 19.1708
38.79641586862214 19.1933
38.8200207821842 19.1382
38.843627409152944 19.1525
38.86742019782782 19.088
38.891030269149255 19.0132
38.914642058016156 18.9512
38.938255565806124 18.9915
38.96205529464307 18.9307
38.98567225787121 18.8958
39.00929094417078 18.8793
39.03291135492255 18.8145
39.05671804624804 18.8402
39.080341923549106 18.7703
39.103967529460334 18.7394
39.127594865365744 18.7198
39.15140854155791 18.6338
39.17503935514948 18.6709
39.19867190290282 18.6049
39.22249083587951 18.599
39.24612686969409 18.5877
39.269764641845306 18.544
39.293404153722804 18.5606
39.317230110864074 18.4511
39.34087311998506 18.4093
39.36451787301696 18.4177
39.388164371352595 18.3909
39.41199737518003 18.3424
39.43564738196752 18.2656
39.45929913825317 18.2658
39.48295264543308 18.2592
39.506792718520884 18.2867
39.530449745387216 18.1995
39.55410852735203 18.2184
39.57776906581474 18.1229
39.60161623079 18.0987
39.625280300200025 18.1052
39.64894613032202 18.0914
39.67261372255866 18.0461
39.6964680021016 18.0591
39.72013913657293 18.0224
39.74381203738292 17.9304
39.76748670593756 17.9529
39.79134812278169 17.9618
39.81502634488497 17.9066
39.83870633896685 17.835
39.862388106436654 17.863
39.88625668336918 17.8041
39.90994201572829 17.8046
39.933629125719285 17.7492
39.957503091207826 17.6862
39.9811937746168 17.7005
40.00488623990914 17.6329
40.02858048850006 17.6529
40.05246165409549 17.5981
40.076159487492085 17.5174
40.099859108448875 17.5222
40.123560518384345 17.4993
40.1474489070226 17.5057
40.171153913178564 17.4503
40.194860712584955 17.3914
40.2185693066637 17.3769
40.242464941335314 17.3815
40.26617714307655 17.3797
40.289891143772046 17.292
40.3136069448471 17.2568
40.33750984859743 17.2812
40.3612292688043 17.2908
40.3849504936829 17.254
40.40867352466194 17.1876
40.43258372059144 17.1687
40.45631038219906 17.0947
40.48003885420956 17.0443
40.503769138055105 17.0361
40.52768664931955 17.0185
40.55142057531802 17.043
40.57515631746428 16.988
40.599079334038514 16.9483
40.62281872700477 16.9546
40.64655994043941 16.8888
40.67030297578061 16.8783
40.69423334835778 16.8777
40.71798004609188 16.8235
40.74172857006355 16.7571
40.76547892171441 16.72
40.7894166736039 16.7441
40.813170699248566 16.7292
40.83692655691388 16.7491
40.86068424804498 16.730999999999998
40.884629402612525 16.6579
40.908390779366385 16.6577
40.932153993938 16.6315
40.95591904777605 16.5667
40.979871628443995 16.5647
41.003640379561936 16.5271
41.02741097430883 16.5293
41.05118341413683 16.4317
41.075143444384416 16.4527
41.098919593177826 16.4477
41.1226975914255 16.3555
41.14647744058318 16.3018
41.170444943946755 16.2762
41.19422851378379 16.2996
41.218013938914645 16.2152
41.24198706625173 16.1857
41.26577622087193 16.1666
41.289567235177785 16.1726
41.31336011063129 16.1497
41.337340752422875 16.1133
41.361137369129835 16.1197
41.38493585138705 16.0982
41.40873620066004 16.0564
41.43272438060107 16.0291
41.45652848292052 16.0287
41.48033445666918 15.9434
41.50414230331616 15.9242
41.528138045159764 15.9638
41.551949656675205 15.8792
41.575763145513235 15.8611
41.59957851314666 15.8699
41.62358184070442 15.8556
41.64740098505737 15.7768
41.6712220126409 15.7858
41.69504492493139 15.765
41.71905586207357 15.6938
41.74288256296395 15.657
41.766711153007456 15.6757
41.79054163368412 15.6351
41.814560204340054 15.6187
41.838394485526365 15.5989
41.86223066180303 15.5254
41.88625497706819 15.5012
41.910094962812 15.4728
41.93393684811168 15.4575
41.95778063445365 15.3314
41.981812625263366 15.3976
42.00566023303407 15.4118
42.029509746323676 15.3159
42.05336116662236 15.3647
42.077400857069705 15.3151
42.10125611078846 15.3195
42.12511327600405 15.2347
42.14897235421036 15.2123
42.173019768448455 15.2333
42.19688269209613 15.2315
42.22074753323349 15.1498
42.24461429335818 15.1339
42.268669455600495 15.1481
42.292540073217886 15.1003
42.31641261433284 15.0453
42.34028708044675 15.0172
42.36435001496739 15.023
42.38822835065557 15.0019
42.41210861586426 14.969000000000001
42.4359908120986 14.9531
42.46006154323262 14.9214
42.48394762115317 14.8891
42.507835634632315 14.8894
42.531912233047436 14.8597
42.55580413732265 14.8409
42.579697981698 14.8073
42.60359376768525 14.78
42.62767820545945 14.7345
42.65157789440821 14.7755
42.67547952952185 14.7271
42.699383112316 14.6795
42.72347541395347 14.6423
42.74738291190531 14.5703
42.771292362102166 14.6044
42.795203766063516 14.5463
42.819303956130405 14.5285
42.843219287476536 14.5164
42.86713657716324 14.5103
42.89105582671383 14.4665
42.91516392983864 14.4452
42.939087119032166 14.3827
42.963012272677304 14.3945
42.98693939230129 14.3822
43.01105543317513 14.3128
43.034986504731386 14.2984
43.05891954686589 14.2689
43.08285456110972 14.2365
43.10697856448665 14.2477
43.130917542983475 14.2036
43.15485849820081 14.2023
43.17880143167367 14.1689
43.20293342237094 14.142999999999999
43.226880332449 14.1076
43.25082922540554 14.0832
43.27496722682525 14.0478
43.29892010567796 14.0552
43.32287497204102 14.0284
43.34683182745632 14.0062
43.370977859791836 13.9684
43.39493871351105 13.948
43.41890156092628 13.9592
43.44286640358341 13.8944
43.46702049182749 13.9203
43.49098934522816 13.8763
43.51496019852649 13.7902
43.5389330532723 13.8513
43.56309522248204 13.8084
43.58707210044314 13.7765
43.61105098451946 13.716
43.63503187626491 13.739
43.659202151562134 13.6543
43.68318707902681 13.6455
43.70717401884041 13.6372
43.731162972560874 13.5834
43.75534137913236 13.600999999999999
43.779334381108384 13.5609
43.803329401683186 13.5434
43.82732644241872 13.5307
43.8515130055166 13.4871
43.87551410707659 13.4474
43.89951723350145 13.4886
43.923709934595614 13.4197
43.94771713129917 13.3898
43.97172635758096 13.42
43.99573761501002 13.3598
44.0199385169922 13.3062
44.04395385732619 13.2947
44.067971233533086 13.3055
44.09199064718605 13.2521
44.11619977548961 13.2601
44.14022328470671 13.2322
44.16424883610785 13.2225
44.18827643127035 13.1429
44.21249381139513 13.1746
44.236525514814076 13.095
44.26055926674478 13.1243
44.28459506876863 13.1337
44.3088207262813 13.077
44.33286064928722 13.0313
44.35690262714919 13.0271
44.38094666145278 12.9773
44.4051806219871 12.9856
44.42922879003185 12.9339
44.45327901929361 12.9216
44.477331311362136 12.9373
44.501573600619416 12.8637
44.525630039221795 12.7925
44.54968854541895 12.8444
44.573937102200176 12.8453
44.5979997645541 12.8065
44.622064499300315 12.7816
44.64613130803592 12.7223
44.67038823869318 12.7247
44.69445921643748 12.705
44.718532272981385 12.6925
44.742607409926194 12.665999999999999
44.76687274034801 12.6038
44.79095205918753 12.5532
44.81503346325094 12.5788
44.839116954143876 12.5963
44.86339071028742 12.5298
44.88747839599524 12.4948
44.91156817336837 12.5078
44.93566004401666 12.5086
44.959942251908146 12.4723
44.984038330325966 12.4167
45.00813650686762 12.3984
45.03223678314731 12.3764
45.05652746888232 12.3378
45.08063196592069 12.3304
45.104738567558705 12.3124
45.128847275414856 12.3029
45.15314646515866 12.2522
45.17725940679741 12.2563
45.20137445952892 12.2518
45.22568004865265 12.2315
45.24979934496396 12.2411
45.27392075725247 12.1927
45.29804428714431 12.1776
45.322358426247604 12.1356
45.346486212804315 12.1261
45.370616121861914 12.0572
45.39474815505086 12.0876
45.41907087049246 12.0273
45.4432071734666 12.0381
45.46734560548283 12.0131
45.49148616817604 11.9784
45.51581748638564 11.9886
45.5399623320197 11.9571
45.56410931325473 11.8954
45.58825843173002 11.8976
45.61259837920865 11.8546
45.636751793816 11.8905
45.66090735060093 11.8414
45.68506505120716 11.8354
45.7094136545275 11.8143
45.73357566449271 11.7395
45.75773982322992 11.6906
45.78190613238733 11.7401
45.806263418194064 11.7105
45.83043404997326 11.7039
45.85460683713677 11.6962
45.87897065658495 11.6692
45.90314777634752 11.6396
45.92732705646868 11.6246
45.9515084986045 11.6093
45.97588104735473 11.5728
46.00006683541565 11.5393
46.02425479047904 11.498
46.04844491420549 11.5063
46.0728262191024 11.5184
46.09702070211635 11.4749
46.12121735879483 11.4114
46.14541619080294 11.4302
46.169806278764455 11.4153
46.194009483459034 11.3653
46.21821486849841 11.3676
46.24242243555223 11.3659
46.266821333570014 11.3002
46.29103328674601 11.2658
46.31524742696538 11.2993
46.33946375590237 11.2635
46.36387149104216 11.2431
46.38809221957392 11.1815
46.41231514186606 11.1838
46.436540259597464 11.1679
46.460956858999374 11.1313
46.48518638983522 11.1126
46.509418121166966 11.0628
46.533652054678114 11.0926
46.55807754555709 11.0755
46.58231590571962 11.0614
46.60655647313217 10.9991
46.630988654873654 10.972999999999999
46.655233659129024 10.9612
46.67948087571551 10.9842
46.70373030632484 11.0014
46.72817142736393 10.9229
46.752425308428684 10.8967
46.77668140861147 10.9133
46.80093972960865 10.8608
46.82538981736788 10.8117
46.849652602470904 10.8608
46.87391761349769 10.8395
46.8981848521493 10.767999999999999
46.9226439341274 10.7928
46.946915650573224 10.7144
46.97118959976749 10.6834
46.99546578341598 10.6885
47.019933887188216 10.6545
47.04421456235744 10.6397
47.06849747711879 10.6382
47.09278263318286 10.6269
47.11725978640143 10.636
47.14154944775105 10.5744
47.165841355555656 10.6086
47.1901355115306 10.5659
47.214621741924994 10.5338
47.23892041698887 10.5061
47.26322134538975 10.4917
47.28771440635075 10.4682
47.31201986422527 10.4549
47.33632758061436 10.4271
47.360637557241866 10.4202
47.38513974410611 10.3998
47.40945426407847 10.3511
47.43377104948137 10.3714
47.45809010204344 10.3341
47.48260144275502 10.3152
47.506925052572285 10.2923
47.53125093475548 10.2735
47.55557909103813 10.2262
47.58009961361992 10.2105
47.60443234110732 10.2039
47.62876734791564 10.1907
47.65310463578333 10.1981
47.6776343683373 10.1396
47.7019762413987 10.125
47.72632040075572 10.1493
47.75066684815169 10.1034
47.77520581885936 10.079
47.799556865477655 10.0449
47.823910205386 10.0729
47.84826584033272 10.0332
47.87281407745551 10.0086
47.89717432569297 10.0475
47.92153687423484 10.0227
47.94609208429692 9.98633
47.97045925671401 9.94609
47.99482873471275 9.94295
48.01920052005013 9.9406
48.04376504619224 9.86761
48.068141469543484 9.8831
48.09252020552573 9.87203
48.11690125590099 9.84319
48.1414751266064 9.801060000000001
48.16586082917454 9.7877
48.19024885144316 9.7507
48.2146391951793 9.7486
48.239222439012764 9.79415
48.26361744916137 9.736139999999999
48.28801478610016 9.74835
48.31241445160131 9.716610000000001
48.337007097209366 9.68303
48.36141144338331 9.67624
48.38581812345755 9.62433
48.41022713920929 9.65437
48.434829215320704 9.601189999999999
48.45924292604658 9.60408
48.48365897780325 9.60383
48.50807737237308 9.57842
48.532688907799276 9.56376
48.55711201168574 9.48307
48.581537463754074 9.49138
48.60615611725119 9.49158
48.63058628942721 9.5003
48.65501881516546 9.466439999999999
48.6794536962573 9.4672
48.70408185970339 9.445319999999999
48.72852147531801 9.38926
48.75296345168211 9.36772
48.77740779059232 9.397689999999999
48.80204549302823 9.37997
48.82649458091802 9.329130000000001
48.85094603676547 9.3251
48.87539986237231 9.31985
48.90004713292306 9.29953
48.92450572200832 9.24654
48.94896668628025 9.22817
48.97343002754588 9.26314
48.99808689542115 9.253639999999999
49.02255501470614 9.23673
49.04702551642794 9.19552
49.0714984023988 9.16273
49.096164896893235 9.15535
49.120642575466796 9.11262
49.145122643748394 9.07611
49.16960510355558 9.070969999999999
49.19428125404938 9.08103
49.2187685210852 9.051039999999999
49.243258185121555 9.04236
49.26794160167084 8.98727
49.2924360839405 8.9655
49.31693296869764 8.96625
49.34143225776915 8.98527
49.36612538195438 8.9299
49.39062950396021 8.92182
49.41513603578346 8.91756
49.4396449792564 8.89962
49.46434784069503 8.887
49.488861631846454 8.85798
49.513377840166804 8.82691
49.537896467493745 8.81692
49.56260909589029 8.77708
49.587132585683285 8.77995
49.611658500018365 8.771510000000001
49.636186840738596 8.75462
49.66090926588511 8.77453
49.685442483902584 8.69997
49.70997813385706 8.69563
49.734516217597076 8.73879
49.75924846937352 8.70249
49.7837914452858 8.67578
49.80833686055187 8.63229
49.83288471702571 8.64746
49.85762682540054 8.6454
49.882179588965734 8.62071
49.9067347993235 8.56677
49.93129245833333 8.56657
49.95604445336378 8.54177
49.98060703442832 8.5388
50.005172069746266 8.52442
50.02993150438364 8.52346
50.05450147301533 8.45777
50.07907390151433 8.439919999999999
50.10364879174981 8.403739999999999
50.12841816587289 8.38945
50.1529980044635 8.41536
50.17758031042124 8.40788
50.20216508562089 8.39429
50.22694442953363 8.383519999999999
50.25153416817468 8.34791
50.27612638170508 8.3023
50.300721072005196 8.28572
50.325510416102105 8.283710000000001
50.350110084975064 8.29175
50.37471223628208 8.30247
50.39931687190919 8.26163
50.424116246675766 8.219610000000001
50.44872587605249 8.22863
50.47333799543065 8.20631
50.49795260670191 8.20293
50.52276204271512 8.182210000000001
50.54738166295838 8.16538
50.57200378079314 8.153780000000001
50.596628398116835 8.13225
50.62144792604559 8.1338
50.646077567609396 8.089830000000001
50.670709714377715 8.08986
50.69553683636198 8.05986
50.72017401885922 8.033389999999999
50.7448137122895 8.034930000000001
50.76945591856022 8.00591
50.79429318636823 7.99092
50.818940443716784 7.994669999999999
50.84359021965163 7.94336
50.868242516085964 7.956180000000001
50.893089960641895 7.919810000000001
50.917747323549435 7.90832
50.94240721271973 7.905989999999999
50.96706963007175 7.896780000000001
50.99192728239342 7.89812
51.01659478166073 7.878260000000001
51.04126481489051 7.87788
51.06593738400761 7.8487
51.090805275207074 7.82342
51.11548294172845 7.796
51.14016314993547 7.77475
51.164845901758845 7.762569999999999
51.18972406304274 7.762060000000001
51.21441192780656 7.7495
51.23910234200271 7.759510000000001
51.2637953075678 7.7342
51.288683770237945 7.73267
51.31338186432707 7.71841
51.33808251561888 7.6760600000000005
51.362978729967345 7.64595
51.387684521509755 7.64537
51.41239287610203 7.617539999999999
51.437103795691165 7.581519999999999
51.46201036644977 7.565519999999999
51.486726441956634 7.5273
51.51144508832545 7.52085
51.536166307509156 7.53573
51.56108326624387 7.513380000000001
51.58580965706056 7.50105
51.61053862657523 7.4896199999999995
51.635270176746864 7.4566
51.66019755512065 7.46488
51.68493429268881 7.440410000000001
51.70967361681515 7.4267
51.73441552946465 7.43792
51.759353359237934 7.4221699999999995
51.7841004750961 7.37817
51.80885018539685 7.39162
51.833602492111254 7.37095
51.8585508051424 7.34007
51.883308330926425 7.31487
51.90806845906181 7.3044199999999995
51.932831191525715 7.3096
51.95779001977161 7.2691
51.98255798721516 7.231489999999999
52.00732856494335 7.2066300000000005
52.03229530577543 7.2113
52.057071130455945 7.232080000000001
52.081849571391054 7.249389999999999
52.106630630568695 7.20051
52.13160794279417 7.15203
52.15639426492067 7.1408
52.18118321127822 7.1333899999999995
52.205974783860896 7.1161
52.23096269971011 7.141260000000001
52.255759551287994 7.08904
52.280559035098186 7.06756
52.30536115314103 7.0423
52.33035970494467 7.050660000000001
52.35516711807904 7.03498
52.37997717147198 7.0675300000000005
52.40478986713005 7.05265
52.42979908731974 6.9781699999999995
52.454617094216 6.990239999999999
52.47943774942214 6.96701
52.50426105495102 6.959960000000001
52.529280976059844 6.941269999999999
52.554109609024096 6.93138
52.57894089837482 6.89699
52.60377484613117 6.89427
52.62880550079408 6.91056
52.65364479223379 6.890910000000001
52.67848674816189 6.82626
52.70352547971946 6.82523
52.72837279155837 6.8422
52.753222773982785 6.7625
52.778075429022984 6.823980000000001
52.80312495150885 6.7766399999999996
52.827982978797436 6.787960000000001
52.85284368481815 6.746630000000001
52.87770707160767 6.69441
52.90276741793998 6.71333
52.92763619336701 6.702710000000001
52.952507655698504 6.70194
52.977381806977576 6.68153
53.00245301017842 6.6689
53.02733256653592 6.67355
53.052214817996074 6.663810000000001
53.077099766608484 6.63935
53.102181859804446 6.59542
53.127072229988265 6.60153
53.15196530349892 6.56159
53.17686108239249 6.56395
53.20195409881522 6.52272
53.22685531582556 6.53607
53.25175924441303 6.52013
53.27666588664027 6.51146
53.30176985962693 6.49279
53.3266819565689 6.4792
53.35159677336455 6.51234
53.376514312083096 6.48672
53.40162927507703 6.47518
53.42655228516116 6.4398
53.45147802340193 6.41481
53.47660125628886 6.37511
53.50153247842639 6.39688
53.52646643496923 6.3583099999999995
53.55140312799818 6.3442
53.576537409691696 6.3323599999999995
53.60147960336152 6.32282
53.626424539786164 6.33127
53.65137222105307 6.29378
53.67651758529126 6.30403
53.70147078399681 6.25095
53.72642673383343 6.25977
53.75138543689533 6.22998
53.776541917524526 6.25509
53.801506154876755 6.1967300000000005
53.826473151763246 6.1942699999999995
53.851442910284916 6.1514
53.87661054126026 6.15511
53.9015858509782 6.14387
53.92656392866066 6.1706199999999995
53.95154477641532 6.14745
53.976723591801296 6.11206
54.00171000771266 6.09513
54.02669920004598 6.11726
54.051691170915745 6.10724
54.076881204886796 6.07065
54.101878760928514 6.06395
54.12687910187696 6.08101
54.152077577768296 6.02886
54.1770835166946 6.0083400000000005
54.20209224691339 6.014069999999999
54.22710377055121 5.96672
54.25231352511594 5.99065
54.27733066384342 5.94578
54.30235060239643 5.96441
54.32737334290836 5.9301
54.35259441062629 5.9231
54.377622783395324 5.85749
54.40265396455061 5.9133
54.42768795623251 5.85345
54.45292037169559 5.8451699999999995
54.477960012857906 5.79709
54.50300247099511 5.77436
54.52804774825457 5.81015
54.55329154616743 5.7561599999999995
54.57834249018678 5.7599800000000005
54.6033962597977 5.72203
54.6284528571545 5.70081
54.653708072335164 5.66063
54.67877035378786 5.65491
54.70383546947698 5.67692
54.72890342156389 5.62562
54.7541700889442 5.59491
54.77924374251975 5.57681
54.8043202390049 5.5699
54.82959552413022 5.54801
54.8546777351945 5.501119999999999
54.87976279569621 5.5378099999999995
54.90485070780914 5.57456
54.930137506558005 5.45947
54.95523115074295 5.43968
54.98032765308844 5.45591
55.005427015775496 5.42457
55.03072536339621 5.44862
55.05583047570572 5.34366
55.080938454927676 5.35746
55.10604930325027 5.34216
55.131359235107396 5.3627
55.15647585066083 5.26428
55.181595341907496 5.2522400000000005
55.20671771104285 5.24418
55.232039262617704 5.20638
55.25716741665048 5.1978
55.28229845518636 5.2294
55.30743238042802 5.14105
55.33276558731939 5.1431
55.357905315183636 5.12828
55.383047936390035 5.0634
55.40819345314859 5.015630000000001
55.433538351073295 5.0833900000000005
55.458689688238415 5.07719
55.483843927614096 4.98375
55.509197623043605 5.01205
55.53435769621134 4.97506
55.55952067826466 4.93315
55.5846865714265 4.90179
55.61005202069737 4.84915
55.63522376553902 4.9039
55.66039842818645 4.87871
55.68557601087004 4.8175
55.7109532500271 4.7486
55.73613670233794 4.81119
