TT I
1.2716486653135266 7.8034300000000005
1.2939594142134223 7.71917
1.3162702121660406 7.2051300000000005
1.3385810600174564 6.985810000000001
1.3608919586137629 6.775580000000001
1.383202908801069 6.6565199999999995
1.405513911425503 5.91259
1.4278249673332093 6.22611
1.4501343378461518 6.44335
1.4724455028545926 5.9023
1.4947567236847858 6.39267
1.517068001182951 6.5118599999999995
1.5393793361953272 5.48506
1.5616907295681737 5.67552
1.5840021821477681 5.1836199999999995
1.60631369478041 4.79178
1.6286252683124185 5.78492
1.6509369035901333 5.6029599999999995
1.6732468618895553 4.99463
1.695558623192809 4.941730000000001
1.7178704487808514 4.60801
1.7401823395001077 4.22417
1.7625012545597203 4.77656
1.7848028405262486 5.50746
1.8071218901122095 5.35445
1.8294236121921872 4.58535
1.8517427996910911 5.14462
1.8740620574440425 5.0991800000000005
1.8963639900671978 4.98864
1.9186833908139995 4.30869
1.9409854680117449 4.614380000000001
1.9633050151394713 4.96621
1.9856246367570705 4.7952900000000005
2.0079269371922672 4.8886
2.03024671027244 4.8825
2.0525491637446027 4.45622
2.074869091674931 4.69561
2.097171701569106 4.24636
2.1194917877373847 4.96261
2.141811954326636 4.719530000000001
2.164114805233074 4.7626
2.186435135143035 5.37604
2.208738150935709 9.48263
2.231058647554722 17.4801
2.2533792288321184 13.6561
2.275682498336085 7.46085
2.298003251406138 5.61736
2.3203066942619714 4.92075
2.3426276225136022 5.31763
2.3649486396617507 5.18564
2.387252348930071 5.68806
2.4095735463442893 5.5010900000000005
2.4318774374315884 5.74478
2.4541988185014043 5.98302
2.476502894794693 6.86648
2.498824462909887 6.7192
2.521146125856138 6.54821
2.5434504863470337 6.773339999999999
2.5657723414244717 7.147660000000001
2.588076895590662 7.48298
2.610398946189713 7.0755
2.6327210958598384 6.80209
2.6550259469304716 6.97974
2.6773482972090137 7.4744600000000005
2.6996533504259 7.757219999999999
2.7219759047039602 8.29448
2.744298562293959 7.894660000000001
2.7666039251246595 7.850689999999999
2.7889267918020164 8.14936
2.8112323652516555 7.9741800000000005
2.833555444408179 8.29761
2.8558786311183852 8.01424
2.8781845268938557 8.95015
2.9005079311721484 9.11925
2.9228140460410397 8.92323
2.9451376712799635 9.62598
2.967444008632326 9.83617
2.9897678582247247 9.75142
3.0120918213106695 10.5104
3.0343984987899373 10.9962
3.0567226913198637 11.1005
3.079029599759726 11.8277
3.101354025127254 12.1956
3.123678568232338 12.5891
3.145985829517914 13.3205
3.16831061055229 13.4454
3.1906181112775593 13.6455
3.212943133635653 14.2316
3.2352682779763207 14.6077
3.2575761442691227 15.0331
3.2799015350264273 15.6394
3.302209649240067 16.4235
3.3245352898092655 16.5317
3.3468436553365257 17.2236
3.369169549113219 17.5856
3.3914955708171384 18.5595
3.413804319727358 19.0394
3.4361305997334863 19.3713
3.4584396084414553 19.9311
3.4807661501462652 20.3691
3.503092824025881 20.8524
3.5254022288463154 21.2916
3.5477291695206588 21.7011
3.5700388426251948 22.4922
3.5923660534916446 23.2612
3.6146934007816114 31.8296
3.637003482731501 58.2709
3.6593311053109985 63.4309
3.681641464033634 41.5779
3.7039693653009733 27.8742
3.726297407241705 25.7031
3.7486081875460804 25.6378
3.7709365132734978 26.0987
3.793247578841633 26.3108
3.8155761917550093 26.3898
3.8378875459837216 27.2166
3.8602164494827234 27.5727
3.882545499606844 28.3973
3.9048572932539183 29.254
3.9271866390645718 29.3619
3.9494987298666713 29.7831
3.971828374764527 30.3095
3.9941581705403255 31.3434
4.016470713506008 31.9391
4.038800813471445 32.1778
4.061113662089144 32.7746
4.0834440696459176 33.5974
4.105774632334751 33.8736
4.128087945865126 34.7593
4.150418821249301 35.4087
4.172732448931298 36.5226
4.195063640413578 38.0558
4.2173775856475215 40.9229
4.239709096631102 59.6387
4.262040768704612 143.435
4.284355196706267 185.725
4.306687193387355 125.693
4.329001947444346 62.675
4.35133427213731 46.0299
4.373666762177566 44.2269
4.395982011761091 44.2372
4.418314834921175 45.6755
4.44063041906622 50.1645
4.4629635787515625 56.1803
4.4852969080429785 56.5619
4.5076130004776225 52.4634
4.529946671403969 53.4068
4.552263106909177 54.0047
4.574597122877047 53.8375
4.596931312711224 53.7134
4.619248269273446 54.298
4.6415828092605835 55.1997
4.663900117405352 56.7108
4.686235010953232 57.9589
4.708552674085913 59.1658
4.730887924602802 61.1974
4.753223354952695 62.1391
4.775541557023902 64.4088
4.797877349456786 66.1531
4.820195915032126 68.02
4.842532072957498 69.0311
4.864868414979744 71.3438
4.88718753227192 74.5926
4.909524244902505 75.8669
4.931843734218147 77.2862
4.954180820867835 80.111
4.976518095879839 83.3579
4.998838149695359 85.7882
5.021175803844231 90.1588
5.043496238205739 93.5061
5.065834274903528 98.6641
5.088172504230693 104.616
5.1104935158799565 112.00299999999999
5.132832132875765 131.791
5.155153533596801 166.607
5.1774925416746225 225.27900000000002
5.199814334878411 527.349
5.2221537374521505 1411.51
5.244493338631803 3480.92
5.266815727034316 7789.63
5.289155727832427 11749.3
5.311478517248165 8660.75
5.333818921080011 2951.0
5.356159527788849 606.138
5.3784829252032536 206.236
5.400823940070432 155.556
5.423147747031976 134.623
5.445489173474152 123.251
5.467830807066149 119.00200000000001
5.490155234831516 115.471
5.512497285125229 110.887
5.534822130975162 107.321
5.557164601388673 104.79
5.579489868738879 101.59299999999999
5.601832762690846 100.35700000000001
5.6241758697774475 99.4403
5.646501775867269 98.6693
5.668845311622074 97.3322
5.691171647754637 96.6597
5.713515615597765 95.6959
5.735859800852677 94.7177
5.758186788542988 94.4854
5.780531411018185 96.0882
5.802858837297399 95.824
5.825203900414495 95.8463
5.8475491852224 97.7345
5.869877275883075 97.5308
5.892223006467101 98.2428
5.914551544266608 99.102
5.936897724049891 102.915
5.959244129804903 111.84700000000001
5.981573344815301 148.298
6.0039202049061 292.668
6.026249875609095 600.014
6.04859719346037 1184.68
6.070927323278297 2358.94
6.093275102315365 4316.66
6.115623113320588 5207.88
6.137953938319995 3339.87
6.160302415650845 1089.38
6.182633708324452 263.861
6.2049826554078376 120.836
6.227331838745022 95.9854
6.249663839443684 87.6646
6.27201349767565 83.7426
6.294345974611799 84.7686
6.316696111167083 89.5032
6.339046488263839 85.9841
6.361379686074702 77.0972
6.383730546639482 72.3454
6.406064229255215 70.5227
6.428415576718203 70.4121
6.450749747566656 68.9255
6.47310158535871 67.2936
6.495453669698332 66.4818
6.517788579421056 66.1882
6.540141159237969 64.9343
6.562476565766648 63.9728
6.5848296444934045 63.7118
6.607182974060425 63.4451
6.6295191323281015 63.0897
6.651872965955752 64.6472
6.6742096296068985 77.626
6.6965639707294615 101.994
6.71891856698715 101.666
6.741255995248479 78.6173
6.763611104154477 64.2872
6.785949046381137 60.3406
6.808304671371482 59.2005
6.8306605557940046 59.2469
6.852999275508618 58.5462
6.875355681171544 57.9349
6.897694923437771 57.227
6.92005185377892 56.7191
6.9423916220322655 57.0859
6.964749080490181 56.3062
6.987106804399774 56.5136
7.009447368180821 56.5072
7.031805625367033 55.5707
7.054146723727803 56.0723
7.076505517631004 55.3926
7.098864581288365 55.9419
7.121206488070854 55.6197
7.143566093607822 55.3961
7.165908543567245 55.8839
7.188268694426048 55.9273
7.2106291193438095 55.7437
7.232972390625943 56.299
7.255333366030969 62.3975
7.277677189091925 89.7842
7.300038718428332 115.11399999999999
7.322400526130865 103.25399999999999
7.344745183422596 73.3502
7.367107550224791 58.8036
7.389452767901992 55.9749
7.411815697249891 55.4084
7.434161478756298 54.6207
7.456524974096713 54.5034
7.478888753837185 54.6589
7.501235387657368 55.1761
7.523599738562711 55.1596
7.545946944825532 55.4906
7.568311870344528 56.0335
7.5906770845765665 56.0539
7.613025156078678 56.7729
7.635390950099687 57.4362
7.657739602662809 57.0958
7.680105979923558 56.4236
7.702472650212829 56.7989
7.724822180948224 56.7997
7.747189439655568 56.6422
7.769539560075357 57.0696
7.791907410653562 57.6847
7.81425812420825 57.2383
7.836626570110925 57.4637
7.858995315087906 58.65
7.881346924933401 58.6121
7.903716270417482 58.7528
7.926068482028405 59.5674
7.948438431475253 60.2333
7.9708086843180235 60.6875
7.993161805171116 61.321999999999996
8.015532667162402 61.7537
8.037886398416653 62.5098
8.060257873014221 63.2619
8.082629655331942 63.6245
8.104984308787587 64.6057
8.127356708900503 67.1896
8.149711981398308 71.1535
8.172085002766314 73.1906
8.194458336181368 71.1276
8.216814543847752 69.5073
8.23918850371002 70.6798
8.26154533906492 71.7683
8.283919928836452 73.2933
8.306277395339652 74.0688
8.328652618483376 75.529
8.351028159736202 78.1442
8.373386579575245 80.296
8.395762759396959 82.0066
8.418121819038275 86.2595
8.440498640894003 95.5555
8.462875785192262 109.635
8.485235811156207 139.922
8.507613602688501 208.644
8.529974277114228 314.656
8.552352719347912 465.176
8.574731488360351 742.451
8.59709314210385 1231.02
8.619472567021075 1820.4
8.64183487789147 2157.12
8.664214962183097 1827.25
8.686577933647762 1011.46
8.708958680784317 384.311
8.731339760774953 168.158
8.753703729764451 114.397
8.77608547780821 101.78299999999999
8.798450116065078 97.6724
8.820832535634787 94.4283
8.843215292401656 93.0077
8.865580941199045 92.0046
8.887964374703538 90.9091
8.910330701447199 91.051
8.932714815164482 92.0971
8.955099270424924 90.7194
8.977466620733543 88.361
8.999851761421976 86.3727
9.022219798361645 85.4106
9.04460562795561 85.1176
9.066991803441677 84.8033
9.089360876979615 84.9325
9.111747746589993 84.4938
9.13411751544971 83.7777
9.156505082664324 83.1784
9.178875550323522 83.1142
9.20126381862328 83.7924
9.223652438908596 83.7891
9.246023961427412 83.9169
9.26841328802173 83.7929
9.290785518039224 83.6065
9.313175554425882 84.6596
9.335565947154315 85.27
9.357939245086508 85.5304
9.380330352834827 85.4071
9.40270436697103 85.4583
9.425096193225055 85.2393
9.447488380180165 85.63600000000001
9.469863475295412 85.7181
9.492256385987508 86.2478
9.514632206018318 86.5773
9.537025843935714 87.0485
9.559402392368193 87.7543
9.581796761000229 89.5006
9.604191496441521 90.5077
9.626569144158516 93.4312
9.648964615551032 95.3386
9.671343000390081 96.4876
9.693739211225699 95.5986
9.716135793237463 94.3898
9.738515290448102 94.7713
9.760912617143402 96.4752
9.783292860202891 97.8233
9.805690935076182 99.4113
9.828089385495742 100.471
9.850470754023561 102.436
9.872869957865444 107.695
9.89525208097539 116.52600000000001
9.917652041736662 125.665
9.940052382417589 134.931
9.962435644102392 165.618
9.984836746950979 220.83599999999998
10.007220771957746 294.747
10.029622640473708 411.94
10.052007432299963 598.503
10.074410069984072 885.827
10.096813093716005 1278.9
10.119199042482517 1724.31
10.141602840636468 1922.13
10.163989564971628 1625.67
10.186394141051062 934.28
10.208799107559706 407.92800000000005
10.231187001965623 193.328
10.253592751657669 130.041
10.275981430388155 115.65299999999999
10.298387966769793 113.242
10.320794897965431 112.958
10.343184759907361 111.98899999999999
10.36559248305461 108.54
10.387983138083852 108.446
10.410391656691655 116.68
10.432800574501677 131.575
10.455192425893369 150.886
10.47760214443012 179.28400000000002
10.499994797678786 223.283
10.522405320453982 299.957
10.54479877906917 402.38800000000003
10.567210109595656 500.496
10.5896218454736 572.627
10.612016518879773 495.431
10.634429067781074 350.83
10.656824555333241 201.997
10.679237920773568 124.74700000000001
10.701651695961992 97.5145
10.724048411481384 90.8699
10.746463008485165 88.0794
10.768860546937125 86.2298
10.791275969274796 84.3306
10.81369180576079 83.3986
10.836090585366925 82.3798
10.858507252467449 81.1297
10.88090686379991 79.9805
10.903324365036394 79.329
10.925724811614439 78.9808
10.948143150509463 79.5576
10.970561909719066 78.3729
10.992963615930844 77.305
11.015383218085756 75.7904
11.037785768347074 74.0378
11.06020621697282 73.8977
11.082627090322113 73.1532
11.105030913430326 72.6652
11.12745263854165 72.7186
11.149857314510728 74.0754
11.172279894912576 77.2131
11.194702904450653 77.1195
11.217108866490921 74.7576
11.239532736615194 72.2949
11.26193956033512 70.9558
11.284364294577085 70.1046
11.306789462371718 68.6427
11.329197585398376 68.0207
11.351623622610898 67.846
11.37403261614354 66.9396
11.396459526308487 66.9007
11.418869393879497 66.6359
11.441297180532617 66.3223
11.463725406927658 65.7217
11.486136592353875 65.4853
11.508565700543707 65.4875
11.530977768845315 66.6379
11.553407762368774 66.8053
11.575838200059769 66.7639
11.598251599479612 65.3937
11.620682927815501 64.6693
11.64309721895548 64.5564
11.665529441478206 64.0225
11.687962112597958 63.893
11.710377748130886 64.152
11.732811318753434 63.9603
11.755227854859067 63.8636
11.777662328529495 63.2963
11.800079768750786 63.3511
11.822515149015453 63.4988
11.844950984084935 63.6663
11.867369787303163 63.1955
11.889806534289491 63.2592
11.912226250487029 63.6017
11.934663912939751 63.8828
11.9571020346363 64.0404
11.979523127133968 63.918
12.001962169624331 65.4887
12.024384183972964 67.7607
12.046824150809913 72.1325
12.069264581333726 77.7958
12.091687985297767 84.0063
12.11412934550045 93.9304
12.136553680195208 109.26
12.158995973632788 130.357
12.181438735204349 156.451
12.20386447284199 181.985
12.226308172985636 200.498
12.24873485024193 200.524
12.271179492516982 170.926
12.293607112949127 124.038
12.316052700916226 92.1072
12.338498763250042 76.4255
12.360927805303868 69.0688
12.383374818673879 66.4739
12.405804812803074 65.1238
12.428252780773262 64.8295
12.45070122756722 65.2789
12.473132656675375 65.1172
12.49558206341869 65.3531
12.518014453510101 65.4603
12.540464823770117 65.6002
12.562915677315177 65.8206
12.58534951575545 65.8496
12.607801338171472 66.9076
12.630236146511358 70.179
12.652688941369085 72.9312
12.675124723177234 73.5482
12.697578494048786 71.8503
12.720032754458185 69.7951
12.742470003354093 68.7742
12.764925245138771 68.6145
12.787363476431278 69.1756
12.809819703166806 69.4012
12.83227642391173 70.1092
12.854716135692716 70.69
12.877173846755147 72.1123
12.899614549869717 72.433
12.9220732548287 73.4359
12.94453245827299 73.6806
12.966974655289818 74.6194
12.989434858002571 75.4476
13.011878055298721 76.5044
13.034339260862497 77.4782
13.056800969391883 78.803
13.079245674017244 81.5669
13.101708390774869 86.571
13.12415410463411 97.3641
13.146617833206086 109.84100000000001
13.169064559883248 121.956
13.191529303857127 137.993
13.213994557076367 162.81799999999998
13.236442809902437 199.405
13.258909083908291 251.61700000000002
13.28135835851934 305.09
13.30382565690295 366.97
13.326293469022952 417.727
13.348744283242008 423.091
13.371213125129904 357.434
13.39366497011003 264.16200000000003
13.416134845360597 171.79
13.438605238843131 125.186
13.46105863690397 112.073
13.483530069144786 113.645
13.505984506951902 119.975
13.528456981549432 130.746
13.550929978879088 146.989
13.573385983253365 171.736
13.595860028340867 207.715
13.618317081455832 253.079
13.64079217790333 299.89599999999996
13.663250283359057 342.33099999999996
13.685726434770173 369.25300000000004
13.708203115221277 341.464
13.730662806148091 268.193
13.75314054697177 187.18599999999998
13.775601299246777 128.386
13.798080104050406 98.0955
13.820559442405358 86.7249
13.843021793671388 83.1087
13.865502201420897 81.5446
13.887965623051947 80.985
13.910447103807167 79.8843
13.932929122629764 78.4418
13.955394156785959 78.1504
13.977877254034569 76.9974
14.000343367582113 76.1766
14.022827546871707 75.5331
14.045294743423524 75.0297
14.06778000837062 74.237
14.090265817715476 74.0781
14.112734645763819 73.8002
14.13522154619454 73.2564
14.157691466286913 73.0277
14.180179461423874 72.8213
14.202668005486178 72.2477
14.22513957064374 71.8309
14.247629214846473 71.6185
14.270101881097517 71.314
14.29259262906496 71.4473
14.315083930490205 71.6716
14.337558255389705 71.7508
14.360050666019726 71.6672
14.382526101071944 70.9711
14.405019624534942 70.0536
14.427513705993134 69.9349
14.449990813291825 69.9025
14.47248601302899 69.9284
14.49496423954951 69.9882
14.517460561197822 70.0067
14.539939910570322 69.6828
14.562437357763558 70.3963
14.58493536931253 70.852
14.607416409993311 71.1523
14.62991555254159 71.8995
14.652397725157423 72.0015
14.674898002342799 72.054
14.697398848433282 71.7332
14.719882725991326 73.1178
14.74238471217934 75.5855
14.764869730765593 79.8713
14.787372860692983 83.7857
14.809876564079925 88.5405
14.83236330125751 95.161
14.854868153850365 104.385
14.877356041159485 118.344
14.899862046604186 135.841
14.922351087688757 157.57299999999998
14.944858249632887 181.826
14.967365991421232 202.55200000000002
14.989856770231246 217.31400000000002
15.012365673994204 215.696
15.03485761569738 188.00099999999998
15.05736768508665 148.191
15.07987833888692 114.62100000000001
15.102372032001655 90.7143
15.124883856909658 77.6752
15.14737872204565 73.1133
15.169891721717274 71.735
15.192405310371893 71.3798
15.214901940621196 71.3047
15.237416709527137 70.9524
15.259914520936249 71.0514
15.282430473753607 70.0874
15.304947020131227 69.1954
15.327446610371178 68.6851
15.349964346154254 68.0216
15.372465126703139 67.6747
15.394984055556009 67.4942
15.417486030076159 67.3097
15.44000615566487 67.2382
15.462526881230803 67.183
15.485030653812652 66.8554
15.507552581617434 66.8928
15.530057557334603 67.0038
15.55258069104857 67.1967
15.575104429329837 67.5087
15.597611216864632 67.2586
15.620136166564563 68.2304
15.6426441664095 69.9079
15.665170331202765 73.098
15.687697105158826 76.4756
15.710206930593545 80.3815
15.732734925158933 84.8038
15.755245972089478 91.2856
15.77777519094324 100.809
15.800287463046663 113.727
15.822817909869592 130.773
15.84534897229804 148.804
15.867863089299354 169.082
15.890395385222186 184.296
15.912910736597423 192.274
15.935444269699861 182.46099999999998
15.957978423016485 155.458
15.980495633101265 123.333
16.003031029129367 95.4173
16.02554948280019 76.8337
16.048086125229432 68.1722
16.070623392487107 65.395
16.09314371869582 64.3322
16.11568223789321 63.5019
16.13820381691126 62.7613
16.160743591742527 61.9119
16.183283996022084 61.3972
16.205807461423195 60.2116
16.228349126881973 59.6566
16.25087385432698 59.6627
16.27341678466365 58.9901
16.29594277784926 58.903999999999996
16.31848697676433 59.1001
16.341031811604868 58.8621
16.36355971058487 58.8886
16.3861058195587 58.6663
16.40863499352978 57.9204
16.431182380342005 57.2947
16.453730407713202 56.8778
16.476261501364792 56.5555
16.498810812136167 56.3452
16.52134319004079 56.2699
16.54389378792203 56.1662
16.566445031001553 55.8837
16.588979342490088 55.9763
16.61153187824822 55.7953
16.634067483263312 55.7068
16.656621315414416 55.5456
16.679175797408888 55.37
16.701713349928728 55.2004
16.72426913389191 55.547
16.74680798922351 55.434
16.76936507887444 55.6018
16.791905240734874 55.568000000000005
16.814463639794468 55.3684
16.837022695210294 55.5189
16.859564824093756 55.7587
16.882125194503903 56.1729
16.904668639217885 56.6658
16.927230328348003 56.5993
16.949792678493612 56.771
16.972338104193863 56.5631
16.994901778652235 56.3731
17.017448529496576 56.5122
17.040013531998152 56.9951
17.06257920018044 57.9048
17.0851279459922 58.5693
17.107694947817667 59.3804
17.130245028099072 60.3841
17.15281336730298 61.7666
17.17536478578733 63.4898
17.19793446610687 65.7397
17.220504818648422 68.4803
17.243058251703697 71.256
17.265629950971032 75.108
17.288184731571736 78.6023
17.310757781306908 82.4056
17.33333150794385 83.72200000000001
17.355888317140174 82.5877
17.37846339986244 77.7684
17.401021565958885 71.6639
17.42359800851343 66.3635
17.44617513265564 62.978
17.468735341390783 61.0897
17.491261035594565 60.0732
17.51396340099364 59.8743
17.536490463869136 60.0336
17.559018209820174 60.1596
17.58154663977963 60.4288
17.604251766089718 60.601000000000006
17.626781572227713 60.4778
17.64931206518155 60.7829
17.671843245885103 61.2628
17.69455114821572 61.522
17.717083712612634 61.7711
17.739616967569667 62.0808
17.762150914021706 62.4688
17.78486160749854 62.7055
17.807396945166804 63.7651
17.829932977143503 65.2995
17.85246970436452 67.2335
17.875183204129467 69.2047
17.897721330097664 71.3202
17.920260154126645 73.6159
17.942799677153296 76.9991
17.9655159983646 81.1166
17.988056927677544 86.6635
18.010598558807683 93.8274
18.033140892692916 102.83
18.05586005052525 111.77799999999999
18.07840379824407 121.536
18.10094825154059 132.451
18.12366954819864 140.232
18.146215420998306 140.591
18.16876200220057 133.355
18.191309292745153 120.11
18.214033452627167 106.056
18.236582170236648 94.7151
18.259131600016456 88.8549
18.281681742907335 88.5516
18.304408781233683 92.1231
18.32696035875955 96.0489
18.349512652227624 100.772
18.372065662579683 105.709
18.394795594587553 106.917
18.41735004715306 103.902
18.43990521943684 97.4576
18.46246111238171 87.5267
18.485193953325208 78.1364
18.507751296070428 71.0474
18.530309362314178 66.6897
18.552868153000343 64.434
18.57560391815056 63.187
18.59816416623245 62.7525
18.620725141597372 62.1688
18.643286845190268 61.6497
18.666025549835414 61.248000000000005
18.688588718427933 60.7494
18.711152618092243 60.7787
18.73389353884365 60.3531
18.75645890921984 59.7892
18.77902501351406 59.3865
18.801591852673102 59.5108
18.824335739722738 58.8681
18.846904057212626 58.7766
18.8694731124168 58.6103
18.89204290628315 58.6517
18.914789774966803 58.3972
18.937361054791623 58.1122
18.959933076131318 57.998000000000005
18.982505839934877 58.0813
19.00525570560582 58.0456
19.027829963004184 57.7961
19.05040496572238 58.0437
19.072980714710468 58.1195
19.095733592739563 58.3802
19.11831084296757 58.7014
19.140888842324735 58.8973
19.16346759176222 59.2788
19.18622349753803 59.8752
19.208803755869358 60.9936
19.231384767143577 61.9718
19.253966532312948 63.5455
19.276725481241822 65.615
19.29930876296784 67.7717
19.3218928014549 70.4057
19.34465404436217 72.759
19.36723960516257 75.2976
19.389825925592426 76.6083
19.412413006605938 76.2465
19.43517731967805 73.1742
19.457765930683355 68.4687
19.48035530514408 63.8753
19.50294544401556 59.9265
19.525712842708348 57.3756
19.54830451925909 55.8918
19.570896963095727 54.9363
19.593490175174704 54.8217
19.616260674962184 54.8924
19.638855432416964 54.583
19.661450960992624 54.6158
19.68404726164677 54.4609
19.706820878021247 54.3391
19.729418731756834 54.4433
19.752017360452857 54.1084
19.77461676506804 54.4158
19.797393513540218 54.8291
19.819994478951667 54.9976
19.84259622316767 55.4318
19.8651987471481 56.0443
19.887978643247177 56.0431
19.91058273574792 56.6938
19.933187610901943 57.6236
19.955969879466828 58.9821
19.97857632894404 60.3063
20.00118356396599 61.7888
20.023791585494575 63.6284
20.046577028914875 65.9276
20.069186632506966 67.7612
20.091797025500632 69.6957
20.114408208858933 70.4424
20.137196842715273 70.7836
20.159809615886765 69.1073
20.18242318232135 66.8017
20.20503754298326 64.691
20.227829382875154 63.4459
20.250445341109344 62.8597
20.27306209647285 63.272
20.29567964993108 64.2199
20.31847471147704 65.1845
20.34109387027612 65.9175
20.363713830075454 66.0023
20.386334591841646 64.5143
20.409132890679302 61.9055
20.431755265564437 58.5761
20.454378445325528 56.0268
20.477002430930366 54.1445
20.499803982716553 52.9938
20.522429589228004 52.0111
20.54505600449589 51.6163
20.567683229489194 51.5162
20.590488049900088 51.141999999999996
20.61311690359731 51.1127
20.63574656993626 50.7047
20.658553853717297 50.4891
20.681185154618298 50.3502
20.703817271080066 50.1758
20.72645020407368 49.8243
20.749260783967177 49.7376
20.771895359337133 49.9041
20.794530754161617 49.6522
20.817166969412938 49.6196
20.83998086114876 49.5913
20.86261872660049 49.4354
20.885257415405402 49.458
20.90789692853701 49.4293
20.930714147864748 49.376999999999995
20.953355319030678 49.5337
20.97599731745334 49.5085
20.99864014410749 49.5693
21.021460706796564 49.4675
21.044105199328826 49.715
21.06675052302631 49.9247
21.089396678865015 50.0021
21.112220600704806 50.3167
21.134868430275347 50.6308
21.15751709492456 50.7799
21.180166595629693 51.1659
21.202993892429635 51.6323
21.22564507473034 51.7959
21.24829709602816 52.1805
21.27112693608965 52.1434
21.293780644891275 52.2363
21.316435195634053 51.4506
21.339090589297417 50.8113
21.361923832041875 50.2997
21.384580921090404 49.6788
21.407238856007325 49.31100000000001
21.429897637773326 49.1874
21.45273429906592 49.1825
21.475394784108598 49.053000000000004
21.498056118951983 49.1441
21.520718304578022 49.5009
21.543558400304388 49.6786
21.566222297108816 49.7768
21.58888704765135 50.0313
21.61155265291521 50.2828
21.63439619898156 50.6814
21.657063523335786 50.9833
21.67973170537063 51.5236
21.7024007460706 52.0003
21.72524775840385 52.9709
21.747918526116475 54.0625
21.770590155457388 55.2312
21.79326264741238 56.6669
21.816113141960237 58.3582
21.838787368860547 59.836000000000006
21.861462461341976 61.4709
21.884315579735777 63.1239
21.90699241312273 64.6365
21.92967011506078 65.5045
21.95234868653799 65.2876
21.9752053151131 64.1292
21.997885635446785 62.211999999999996
22.020566828293532 60.1109
22.04324889464272 58.3822
22.066109049404666 56.9336
22.088792872571794 56.5008
22.111477572219204 56.6444
22.1341631493376 56.6636
22.157026846313123 56.4713
22.179714188221507 56.0642
22.202402410582668 55.1673
22.22509151438863 53.5322
22.24795876962584 52.1333
22.270649646204486 51.3101
22.293341407213727 50.5407
22.316034053646906 50.1072
22.338904883215342 49.8682
22.36159931041458 49.8284
22.38429462602756 49.5651
22.40699083104897 49.4635
22.429865251039757 49.5959
22.452563244831367 49.4471
22.47526213102522 49.5526
22.49813925616515 49.4992
22.520839937143307 49.2895
22.543541513520587 49.3871
22.56624398629403 49.1694
22.589124730075895 49.2508
22.611829005656723 49.597
22.63453418063466 49.7149
22.657240256008077 49.8486
22.680124634582935 49.9787
22.70283252079775 50.2783
22.725541310413075 50.5602
22.74825100442868 50.7079
22.771139033969575 51.2201
22.79385054687155 51.5038
22.81656296718292 52.1638
22.83927629590484 52.865
22.862167992606945 53.9114
22.88488314827121 54.9031
22.907599215359284 55.5504
22.93031619487366 56.7638
22.953211574954405 57.5419
22.975930389478226 58.1596
22.998650119445763 58.5913
23.02137076586092 58.0486
23.044269845560063 56.7972
23.06699233506288 55.1805
23.089715744034912 53.3884
23.112617610931565 51.8435
23.135342869061212 50.6065
23.158069049684816 49.9056
23.1807961538087 49.5978
23.20370174880544 49.5825
23.226430710184808 49.7721
23.249160598093425 49.8619
23.271891413539002 49.6336
23.294800752937697 49.9189
23.31753343374794 49.913000000000004
23.340267045128353 50.026
23.36300158808808 50.6606
23.38591468821339 50.8386
23.408651104658304 51.3591
23.431388455719986 52.0533
23.454126742409 52.6674
23.4770436196085 53.6859
23.499783787914662 54.8029
23.522524894889884 55.4852
23.54526694154616 56.3874
23.56818761219047 57.3267
23.59093154860734 58.0034
23.613676427751283 58.4075
23.636422250635754 57.6406
23.659346731118656 56.2396
23.68209445191868 54.2925
23.704843119509587 52.4228
23.72759273490623 50.4738
23.750521041644767 49.0253
23.77327256312355 47.9667
23.796025035462787 47.3464
23.818956224555475 46.8735
23.841710609113413 46.7607
23.86446594758979 46.3636
23.887222241002014 46.2383
23.910157285144578 45.8577
23.932915498962537 45.941
23.955674670778713 45.6683
23.978434801611975 45.5068
24.001373717286125 45.4285
24.024135776723917 45.2758
24.046898798245582 45.1727
24.06966278287146 45.1886
24.092605586582614 44.8872
24.115371508023642 44.6905
24.1381383956401 44.5627
24.16090625045381 44.7232
24.183852958731244 44.6408
24.206622758582608 44.5605
24.229393528706886 44.3385
24.252165270127392 44.4404
24.27511589952438 44.2588
24.297889594216997 43.933
24.32066426328598 43.9827
24.34343990775613 43.9529
24.36639447485003 43.9711
24.38917208083877 43.8157
24.41195066531332 43.6648
24.43490819850244 43.6008
24.457688750692377 43.6136
24.48047028445616 43.6168
24.503252800821233 43.5384
24.526214300784112 43.6855
24.548998793132213 43.6721
24.57178427117417 43.641000000000005
24.59457073593893 43.6112
24.617536219319863 43.7713
24.64032466834748 43.6226
24.663114107195035 43.4815
24.685904536893013 43.2529
24.708874020360852 43.3307
24.731666442613744 43.0475
24.754459858818787 42.9556
24.777254270007962 42.9086
24.80022777025625 42.82899999999999
24.82302418230472 42.8203
24.845821592443674 42.9654
24.86862000170663 42.966
24.891597535453727 42.8555
24.914397953892728 42.9411
24.93719937456671 42.9456
24.96000179851076 43.1199
24.98298338249997 43.4621
25.00578782394922 43.5836
25.028593271784167 43.6214
25.05157790644186 44.021
25.07438537804115 44.0354
25.097193859145293 44.2318
25.120003350792075 44.4901
25.142992065061257 44.7361
25.165803588823465 45.0592
25.18861612625217 45.305
25.211429678386736 45.3654
25.234422489079968 45.3971
25.257238081693636 45.4385
25.280054692141732 45.3889
25.3028723214652 45.306999999999995
25.325869245420463 45.4749
25.348688923599397 45.443999999999996
25.371509623787006 45.3851
25.394331347025812 45.2119
25.41733240110666 44.6981
25.440156181590016 44.1565
25.46298098826268 43.5698
25.48580682216873 42.9598
25.50881202326435 42.4847
25.53163992281684 42.1368
25.55446885274561 41.7796
25.577298814096377 41.434
25.600308179121807 41.5003
25.623140214533745 41.5244
25.64597328451537 41.3262
25.66898578564376 41.214
25.691820936010206 41.2985
25.714657124097695 41.1275
25.737494350954734 41.1833
25.760511045684957 41.1096
25.783350361364224 41.2636
25.806190718969255 41.29
25.82903211955018 41.3801
25.852053024868923 41.2201
25.874896522722523 41.4313
25.897741066713106 41.2294
25.920586657892454 41.4768
25.943611790812668 41.5177
25.966459487728237 41.5987
25.989308234998564 41.552
26.01215803367705 41.8245
26.03518741123814 42.0638
26.05803932412957 42.1032
26.080892291600094 42.1445
26.10374631470478 42.2785
26.12677995397268 42.291000000000004
26.14963609978026 42.4429
26.172493304397875 41.9473
26.19535156888223 41.8737
26.218389486949604 41.4148
26.241249882640123 41.153
26.26411134137826 41.0416
26.28715248187403 40.9645
26.31001607820869 40.6195
26.3328807407756 40.5734
26.35574647063438 40.6268
26.37879191991473 40.7477
26.401659795896734 40.8666
26.424528742360263 40.8039
26.447398760366614 41.1406
26.470448535598294 41.3266
26.49332070826805 41.4568
26.516193955675355 41.7588
26.53906827888316 41.79600000000001
26.562122397260108 42.0184
26.584998883685063 42.3592
26.607876449110325 42.5225
26.63075509460056 42.7853
26.65381357334404 42.83
26.67669439061878 42.7941
26.699576291163382 42.7768
26.722459276044212 42.611000000000004
26.745522132402975 42.3189
26.768407297649354 42.0306
26.791293550442003 41.6532
26.814180891848974 41.4478
26.837248143099337 41.0931
26.860137673466657 41.1344
26.88302829566349 40.8417
26.90592001075963 40.6816
26.92899167420566 40.3916
26.951885586870763 40.0773
26.974780595655517 39.9193
26.99785558178161 39.7141
27.020752794605112 39.6511
27.043651106772522 39.4229
27.06655051935668 39.4876
27.089629948036183 39.3563
27.112531573292053 39.2308
27.135434302194138 39.3315
27.158338135817015 39.1538
27.181422024430987 39.1974
27.204328079372566 39.0685
27.22723524226965 39.0999
27.250143514198573 39.1799
27.273231880156334 39.1377
27.296142382065014 38.9916
27.319053996245536 39.0656
27.341966723775965 39.0802
27.365059584515222 39.1587
27.38797455070062 39.1327
27.410890633481237 38.8752
27.433807833936918 38.923
27.456905206923906 39.2052
27.47982465472398 39.1252
27.502745223449743 39.118
27.525666914182825 39.2489
27.548768816912457 39.2755
27.571692763693633 39.09
27.59461783573812 38.9092
27.617723149491244 38.8454
27.640650484125285 38.696
27.66357894728264 38.7612
27.686508540048052 38.6505
27.709618414237887 38.7333
27.732550278321757 38.4164
27.755483275279115 38.4555
27.778417406196485 38.5265
27.801531858397514 38.5556
27.824468269376716 38.5812
27.847405817586786 38.5128
27.870344504116094 38.6956
27.893463551932008 38.6552
27.916404527281053 38.8433
27.93934664422563 38.865
27.962289903855886 39.0011
27.98541356491974 39.1906
28.00835912214229 39.3553
28.03130582533231 39.5634
28.054253675581805 39.658
28.077381967556104 39.5247
28.100332124185126 39.5872
28.123283431160893 39.6136
28.146235889577238 39.3854
28.169368830154156 39.3128
28.192323603752033 39.0261
28.215279532083304 38.72
28.238415973016764 38.5995
28.261374223145094 38.3671
28.284333631303806 38.2678
28.307294198589954 38.1282
28.330435319167677 37.6674
28.353398217078915 37.443000000000005
28.376362277420153 37.2452
28.39932750129032 36.9999
28.422473319286713 36.8018
28.44544088262495 36.924
28.468409612800283 36.7963
28.491379510913497 36.5133
28.51453004413313 36.4945
28.53750229057244 36.548
28.56047570826344 36.4004
28.583450298308804 36.455
28.606605564586562 36.2003
28.629582511831156 36.3242
28.65256063474956 36.2374
28.675539934446338 36.1934
28.698699951647605 36.2914
28.72168161743193 36.0761
28.74466446331978 36.0093
28.767648490417624 35.9978
28.790813276438353 36.0298
28.813799678527303 36.0522
28.836787265157085 35.9886
28.859955641890075 36.0102
28.882945610203045 35.9572
28.905936766392035 35.8957
28.928929111566863 35.8365
28.952102288520145 35.6342
28.975097024308607 35.5132
28.998092952423807 35.5344
29.021090073977508 35.492
29.04426806913204 35.4104
29.067267590245258 35.1848
29.090268308143695 35.111999999999995
29.11327022394099 35.0876
29.13645305530891 35.0073
29.159457379627167 34.8775
29.18246290519685 34.766
29.20546963313352 34.8615
29.22865731875826 34.9247
29.25166646419296 34.7968
29.27467681535305 34.7796
29.29768837335608 34.8219
29.320880931312562 34.8607
29.34389491580634 34.7816
29.366910110507334 34.7755
29.38992651653503 34.7018
29.41312396492981 34.7739
29.436142806456754 34.6915
29.45916286268059 34.5339
29.48236399319994 34.5026
29.50538649169417 34.3004
29.528410208259935 34.3253
29.55143514402014 34.0485
29.574641196749695 33.9937
29.597668583816574 33.7973
29.6206971934585 33.5593
29.64372702680042 33.7207
29.666938019934474 33.6049
29.689970313635285 33.4884
29.713003834422636 33.438
29.73603858342347 33.4806
29.759254535188578 33.2538
29.78229175361658 33.2274
29.80533020365064 33.3552
29.82836988641968 33.4613
29.85159081507472 33.2593
29.874632976355343 33.156
29.89767637376955 33.229
29.920721008448314 33.0936
29.9439469322847 33.1269
29.96699405457564 32.9155
29.9900424175358 33.012
30.013092022298157 33.0034
30.03632295963995 32.9485
30.059375061131373 32.9086
30.08242840783577 32.9945
30.105483000888153 33.0529
30.128718970092244 32.865
30.151776069006917 32.8832
30.17483441768648 32.8533
30.198074175317235 32.9177
30.221135036724256 32.9663
30.24419715131772 32.9598
30.267260520236203 32.8202
30.290505341942243 32.7575
30.313571232750228 32.8011
30.336638381310948 32.7589
30.35970678876503 32.6378
30.38295669299435 32.7011
30.40602763151657 32.6508
30.429099832366074 32.6412
30.452173296685572 32.751
30.47542830191959 32.6309
30.498504306502497 32.4309
30.521581577995562 32.6078
30.544660117543582 32.6533
30.56792024229725 32.6996
30.59100133132069 32.6954
30.614083691845494 32.6557
30.637167325018545 32.6948
30.660432587840603 32.7287
30.683518779717886 32.6212
30.70660624769615 32.6855
30.729694992924372 32.7397
30.75296541239743 32.6862
30.77605672557558 32.5759
30.799149319462742 32.6101
30.8224236211637 32.5459
30.845518789950724 32.3788
30.868615242910597 32.4416
30.891712981195973 32.1408
30.91499247215866 32.0569
30.938092794619365 32.0993
30.96119440587579 32.0496
30.984297307082752 31.9263
31.00758200598383 31.7645
31.030687500658694 31.6912
31.053794288760695 31.7459
31.076902371446767 31.6088
31.100192296997445 31.5919
31.12330298246119 31.4719
31.14641496599209 31.3909
31.169528248749216 31.5414
31.19282341969534 31.4836
31.215939314557186 31.4542
31.239056512134788 31.4231
31.262175013589378 31.3672
31.28547544871168 31.3346
31.30859657161541 31.3526
31.331719001892175 31.3023
31.35484274070538 31.4546
31.378148458819545 31.3535
31.401274828443725 31.3767
31.424402510106933 31.3169
31.447712205419993 31.3782
31.470842524931633 31.1737
31.493974159989783 31.2111
31.51710711176168 31.2155
31.54042212308802 31.2192
31.563557722100917 31.2299
31.586694641341655 31.0436
31.609832881979628 31.0847
31.63315322823208 31.0018
31.656294125521327 30.8934
31.679436347728515 30.8199
31.70257989602529 30.6852
31.725905596152327 30.6028
31.74905181052835 30.506999999999998
31.772199354521323 30.6141
31.79534822930507 30.5844
31.818679302290967 30.5541
31.84183085259981 30.5569
31.864983737233473 30.6299
31.88813795736804 30.6768
31.911474422233013 30.5189
31.934631327356435 30.4655
31.9577895715215 30.5072
31.980949155906522 30.508000000000003
32.004291031706956 30.455
32.027453310562606 30.2932
32.05061693318573 30.2572
32.07396288236386 30.337
32.09712920658542 30.1804
32.12029687812702 30.0068
32.14346589817093 30.0429
32.166817291729984 29.9883
32.18998902288583 29.8067
32.21316210610336 29.8297
32.23633654256711 29.6739
32.259693399663725 29.6647
32.282870556771144 29.5963
32.30604907069099 29.6276
32.329228942610065 29.5757
32.35259128243769 29.5247
32.375773884550505 29.4135
32.398957848235646 29.4547
32.422143174682176 29.3566
32.445511016471215 29.138
32.468699082679954 29.073
32.49188851523011 29.0998
32.51507931531304 29.1029
32.538452678331 29.1115
32.56164622776311 29.0096
32.58484114831493 28.8877
32.60803744118015 28.9091
32.631416344731896 28.8881
32.654615396551876 28.9448
32.67781582427913 28.8989
32.701198898634416 28.7987
32.72440209253756 28.7293
32.747606665947124 28.678
32.77081262006088 28.5797
32.79420126883317 28.5671
32.81740999876112 28.58
32.840620112999424 28.436999999999998
32.86383161274818 28.4506
32.88722585534586 28.5202
32.91044014056596 28.4868
32.933655814909734 28.4931
32.95687287957963 28.4072
32.98027273544904 28.333000000000002
33.00349259526636 28.2862
33.026713849030116 28.2799
33.04993649794511 28.315
33.073341986570746 28.2284
33.09656744032826 28.1893
33.11979429286444 28.224
33.14302254538647 28.2686
33.166433686291185 28.1039
33.18966475336992 28.0262
33.212897224069096 28.0844
33.23613109959831 28.0636
33.259547912343415 27.8988
33.2827846121627 28.0541
33.306022720453775 27.8797
33.32926223842861 27.874000000000002
33.352684742614166 27.776
33.37592709463173 27.8349
33.399170859982064 27.7621
33.422597648419426 27.6546
33.44584425514446 27.4856
33.46909227885668 27.4801
33.4923417207723 27.4065
33.51577423505344 27.4432
33.539026528130385 27.3653
33.56228024307245 27.3315
33.585535381098246 27.2525
33.60897364093058 27.1838
33.63223163992385 27.1707
33.6554910656699 27.081999999999997
33.678751919389796 27.1036
33.702195944520106 27.046999999999997
33.72545966903325 27.0547
33.74872482519663 26.9194
33.771991414233746 26.9143
33.79544122444841 26.8744
33.81871069412428 26.6913
33.84198160035767 26.7108
33.86525394437455 26.837
33.88870955949969 26.6683
33.911984794020626 26.6877
33.93526147001624 26.7559
33.958539588715006 26.4996
33.98200102861669 26.5753
34.0052820477047 26.5008
34.02856451319451 26.4644
34.05203033759056 26.3673
34.07531571090147 26.414
34.09860253431845 26.3988
34.121890809074316 26.3597
34.145362493118924 26.28
34.16865368561615 26.1875
34.191946333164054 26.1725
34.21524043699793 26.1483
34.23871800066799 26.2284
34.26201503218366 26.0237
34.28531352370466 25.9357
34.30861347646881 25.9166
34.33209693978188 25.9893
34.3553998301885 25.8899
34.378704185565205 25.7837
34.402010007152356 25.7401
34.42549939016683 25.7481
34.44880815937748 25.6233
34.472118398533134 25.624000000000002
34.49543010887669 25.651
34.51892543169198 25.5312
34.54224009966052 25.5846
34.56555624255917 25.5915
34.58887386163339 25.4677
34.61237514439016 25.379
34.6356957311114 25.3337
34.65901779775809 25.3478
34.68252356662995 25.3007
34.705848608458616 25.2753
34.72917513396849 25.1377
34.75250314440949 25.1478
34.77601490857862 25.1562
34.799345904259795 25.0453
34.82267838863559 25.0074
34.846012362958525 24.995
34.869530142679984 25.0689
34.89286711232212 25.038
34.91620557568269 24.9833
34.93954553401677 24.9147
34.9630693495876 24.8862
34.986412313340814 24.8773
35.00975677584668 24.898000000000003
35.033102738362956 24.8637
35.05663261012228 24.7777
35.0799815881786 24.6699
35.10333207003229 24.581999999999997
35.12668405694369 24.6561
35.150220005273056 24.6326
35.17357501786656 24.612
35.19693153931268 24.5674
35.220289570874385 24.5053
35.24383161619786 24.4843
35.267192683604904 24.5031
35.290555264930376 24.4637
35.314101899412165 24.4478
35.33746752422433 24.4284
35.36083466676374 24.4299
35.38420332829803 24.3482
35.407756095629054 24.3768
35.43112781085063 24.3586
35.45450104888391 24.2981
35.477875810999194 24.3158
35.50143473172161 24.183000000000003
35.52481255774625 24.2764
35.54819191167777 24.1764
35.57157279478914 24.1087
35.595137889488406 24.0345
35.61852184675279 24.0485
35.641907337029984 23.9099
35.665294361595684 23.9395
35.68886565090076 23.8735
35.7122557598848 23.9108
35.73564740699838 23.886
35.759040593519934 23.8516
35.78261809810353 23.764
35.80601437933051 23.7099
35.829412203814705 23.6868
35.85281157283719 23.5463
35.876395313415884 23.584
35.8997977874528 23.5923
35.92320180988546 23.6054
35.946790244133936 23.5484
35.97019737933222 23.5109
35.993606066789866 23.4285
36.01701630779276 23.3766
36.04061101440684 23.3201
36.06402437852291 23.3621
36.08743930005611 23.3301
36.1108557802951 23.2357
36.13445678011326 23.2641
36.15787639383515 23.2087
36.18129757014299 23.1938
36.20472031032821 23.0707
36.22832762423364 23.0857
36.25175350829375 22.9863
36.275180960119776 23.0114
36.298609981005924 23.0053
36.32222362992669 23.0656
36.34565580510207 22.9451
36.36908955323448 22.9029
36.39252487562093 22.7436
36.416144880530226 22.7086
36.43958336764275 22.758000000000003
36.463023432914625 22.7458
36.486465077645676 22.7086
36.51009145956204 22.7722
36.53353627947859 22.7938
36.55698268276811 22.669
36.58043067073321 22.5673
36.60406345072071 22.5319
36.62751462435344 22.5867
36.65096738658405 22.5251
36.67460498210655 22.4793
36.69806093788647 22.4734
36.72151848619297 22.4132
36.744977628333636 22.311999999999998
36.76862165890998 22.2339
36.79208400512205 22.3381
36.81554794910557 22.2586
36.83901349217101 22.2479
36.862663978991606 22.1477
36.88613273667352 22.0622
36.90960309738324 22.1151
36.933075062434064 22.1015
36.95673202673572 22.0433
36.98020721697122 22.016
37.003684015502365 21.9785
37.027162423645365 21.9193
37.050825886711465 21.8332
37.07430753063053 21.8416
37.09779078812467 21.7813
37.121275660513014 21.7946
37.144945643673694 21.7367
37.16843376245278 21.7103
37.19192350009803 21.6574
37.215414857931435 21.6229
37.239091382563885 21.5261
37.262585997426164 21.5476
37.28608223645736 21.5505
37.309763684451696 21.627
37.33326318851098 21.5052
37.356764320726555 21.4162
37.380267082425526 21.4929
37.40395510942588 21.4059
37.42746114683234 21.3504
37.45096881771841 21.3095
37.474478123414166 21.248
37.49817275092816 21.2315
37.52168534303452 21.275
37.54519957395567 21.1113
37.568715445024665 21.1051
37.592416694607714 21.1108
37.61593586281424 21.1951
37.63945667518264 21.1066
37.66297913304891 20.9725
37.68668702630454 21.0494
37.710212792059274 21.0152
37.733740207334854 20.921999999999997
37.757269273470364 20.7916
37.780983832050374 20.8289
37.80451621684926 20.8777
37.82805025654007 20.7953
37.851585952464795 20.7712
37.8753071980695 20.7094
37.89884622345676 20.6815
37.92238690911902 20.701999999999998
37.94611318753442 20.5735
37.969657210779765 20.569000000000003
37.99320289834801 20.5659
38.016750251586465 20.4496
38.04048325513017 20.4225
38.06403395679343 20.3781
38.087586328183946 20.3527
38.11114037065203 20.3501
38.13488012115898 20.3382
38.1584375229181 20.3262
38.181996599821 20.3196
38.205557353221124 20.2823
38.229303872575656 20.2483
38.2528679961576 20.1487
38.27643380031219 20.1711
38.30000128639589 20.2182
38.32375459653193 20.1148
38.34732546371299 20.0979
38.37089801690786 20.0433
38.39447225747609 19.9839
38.418232380377425 20.018
38.441810012983396 19.9429
38.46538933705673 19.8394
38.488970353960084 19.895
38.51273731166058 19.8461
38.536321731567014 19.8136
38.55990784840681 19.7771
38.58367995004091 19.7657
38.60726947812959 19.6688
38.63086070726198 19.6879
38.654453638806274 19.6173
38.678232613930824 19.5801
38.70182896773327 19.5537
38.72542702806741 19.5585
38.7490267963045 19.5361
38.77281266709232 19.5019
38.79641586862214 19.5175
38.8200207821842 19.3842
38.843627409152944 19.4389
38.86742019782782 19.3947
38.891030269149255 19.3192
38.914642058016156 19.3371
38.938255565806124 19.2589
38.96205529464307 19.2028
38.98567225787121 19.2791
39.00929094417078 19.2368
39.03291135492255 19.1788
39.05671804624804 19.1803
39.080341923549106 19.0977
39.103967529460334 19.0645
39.127594865365744 18.9836
39.15140854155791 18.9786
39.17503935514948 18.9584
39.19867190290282 18.9124
39.22249083587951 18.8423
39.24612686969409 18.9994
39.269764641845306 18.9188
39.293404153722804 18.8046
39.317230110864074 18.8045
39.34087311998506 18.7678
39.36451787301696 18.7211
39.388164371352595 18.6541
39.41199737518003 18.7226
39.43564738196752 18.5546
39.45929913825317 18.5196
39.48295264543308 18.5663
39.506792718520884 18.6137
39.530449745387216 18.4888
39.55410852735203 18.463
39.57776906581474 18.4909
39.60161623079 18.4495
39.625280300200025 18.4051
39.64894613032202 18.3723
39.67261372255866 18.3938
39.6964680021016 18.3461
39.72013913657293 18.3952
39.74381203738292 18.3175
39.76748670593756 18.2464
39.79134812278169 18.2631
39.81502634488497 18.1767
39.83870633896685 18.145
39.862388106436654 18.1116
39.88625668336918 18.0833
39.90994201572829 18.1567
39.933629125719285 18.0436
39.957503091207826 17.9832
39.9811937746168 18.0331
40.00488623990914 17.9482
40.02858048850006 17.882
40.05246165409549 17.8749
40.076159487492085 17.8101
40.099859108448875 17.9074
40.123560518384345 17.7936
40.1474489070226 17.7709
40.171153913178564 17.6617
40.194860712584955 17.7478
40.2185693066637 17.7307
40.242464941335314 17.6287
40.26617714307655 17.6042
40.289891143772046 17.5662
40.3136069448471 17.5926
40.33750984859743 17.5598
40.3612292688043 17.5521
40.3849504936829 17.4947
40.40867352466194 17.5108
40.43258372059144 17.4409
40.45631038219906 17.4186
40.48003885420956 17.3532
40.503769138055105 17.3365
40.52768664931955 17.3539
40.55142057531802 17.3025
40.57515631746428 17.2272
40.599079334038514 17.2766
40.62281872700477 17.2027
40.64655994043941 17.1924
40.67030297578061 17.1766
40.69423334835778 17.1543
40.71798004609188 17.152
40.74172857006355 17.0661
40.76547892171441 17.094
40.7894166736039 16.987000000000002
40.813170699248566 17.0149
40.83692655691388 16.9792
40.86068424804498 17.0177
40.884629402612525 16.895
40.908390779366385 16.9192
40.932153993938 16.8769
40.95591904777605 16.8714
40.979871628443995 16.8386
41.003640379561936 16.7994
41.02741097430883 16.7552
41.05118341413683 16.7476
41.075143444384416 16.7166
41.098919593177826 16.6988
41.1226975914255 16.6646
41.14647744058318 16.6264
41.170444943946755 16.5945
41.19422851378379 16.6148
41.218013938914645 16.5217
41.24198706625173 16.5066
41.26577622087193 16.5315
41.289567235177785 16.4537
41.31336011063129 16.4043
41.337340752422875 16.4018
41.361137369129835 16.3977
41.38493585138705 16.3787
41.40873620066004 16.3146
41.43272438060107 16.2717
41.45652848292052 16.2041
41.48033445666918 16.1562
41.50414230331616 16.1225
41.528138045159764 16.1311
41.551949656675205 16.0797
41.575763145513235 16.1325
41.59957851314666 16.1134
41.62358184070442 16.0493
41.64740098505737 16.0441
41.6712220126409 15.9675
41.69504492493139 15.9473
41.71905586207357 15.9365
41.74288256296395 15.8817
41.766711153007456 15.8503
41.79054163368412 15.8623
41.814560204340054 15.8894
41.838394485526365 15.8072
41.86223066180303 15.8178
41.88625497706819 15.754000000000001
41.910094962812 15.7779
41.93393684811168 15.7666
41.95778063445365 15.62
41.981812625263366 15.693
42.00566023303407 15.6289
42.029509746323676 15.6203
42.05336116662236 15.5682
42.077400857069705 15.6
42.10125611078846 15.519
42.12511327600405 15.4964
42.14897235421036 15.4846
42.173019768448455 15.4644
42.19688269209613 15.4502
42.22074753323349 15.4167
42.24461429335818 15.363
42.268669455600495 15.3261
42.292540073217886 15.3154
42.31641261433284 15.3104
42.34028708044675 15.2736
42.36435001496739 15.2456
42.38822835065557 15.2651
42.41210861586426 15.2369
42.4359908120986 15.2537
42.46006154323262 15.16
42.48394762115317 15.139000000000001
42.507835634632315 15.0984
42.531912233047436 15.0977
42.55580413732265 15.037
42.579697981698 14.9907
42.60359376768525 15.0231
42.62767820545945 14.993
42.65157789440821 14.954
42.67547952952185 14.8934
42.699383112316 14.8715
42.72347541395347 14.7892
42.74738291190531 14.7859
42.771292362102166 14.8391
42.795203766063516 14.8086
42.819303956130405 14.7749
42.843219287476536 14.8021
42.86713657716324 14.7595
42.89105582671383 14.6988
42.91516392983864 14.6726
42.939087119032166 14.6472
42.963012272677304 14.5989
42.98693939230129 14.5592
43.01105543317513 14.6076
43.034986504731386 14.5129
43.05891954686589 14.5338
43.08285456110972 14.5089
43.10697856448665 14.4643
43.130917542983475 14.4058
43.15485849820081 14.3953
43.17880143167367 14.3435
43.20293342237094 14.3801
43.226880332449 14.3435
43.25082922540554 14.3165
43.27496722682525 14.2794
43.29892010567796 14.3192
43.32287497204102 14.2154
43.34683182745632 14.1791
43.370977859791836 14.2132
43.39493871351105 14.1261
43.41890156092628 14.1473
43.44286640358341 14.1644
43.46702049182749 14.1212
43.49098934522816 14.0687
43.51496019852649 14.009
43.5389330532723 14.0004
43.56309522248204 13.9647
43.58707210044314 13.9667
43.61105098451946 13.880999999999998
43.63503187626491 13.8925
43.659202151562134 13.8881
43.68318707902681 13.8921
43.70717401884041 13.8496
43.731162972560874 13.7662
43.75534137913236 13.7689
43.779334381108384 13.7798
43.803329401683186 13.7785
43.82732644241872 13.7808
43.8515130055166 13.7481
43.87551410707659 13.6861
43.89951723350145 13.6743
43.923709934595614 13.6486
43.94771713129917 13.6472
43.97172635758096 13.6075
43.99573761501002 13.5131
44.0199385169922 13.5304
44.04395385732619 13.5148
44.067971233533086 13.4587
44.09199064718605 13.4868
44.11619977548961 13.4734
44.14022328470671 13.4322
44.16424883610785 13.446
44.18827643127035 13.4673
44.21249381139513 13.3388
44.236525514814076 13.323
44.26055926674478 13.3189
44.28459506876863 13.3776
44.3088207262813 13.2464
44.33286064928722 13.2117
44.35690262714919 13.2089
44.38094666145278 13.1977
44.4051806219871 13.2398
44.42922879003185 13.1138
44.45327901929361 13.1424
44.477331311362136 13.0762
44.501573600619416 13.0546
44.525630039221795 13.0279
44.54968854541895 13.0121
44.573937102200176 13.0243
44.5979997645541 13.0182
44.622064499300315 13.0162
44.64613130803592 12.9656
44.67038823869318 12.9734
44.69445921643748 12.8883
44.718532272981385 12.8956
44.742607409926194 12.8646
44.76687274034801 12.8262
44.79095205918753 12.7903
44.81503346325094 12.7924
44.839116954143876 12.7892
44.86339071028742 12.7463
44.88747839599524 12.6964
44.91156817336837 12.6642
44.93566004401666 12.6811
44.959942251908146 12.654000000000002
44.984038330325966 12.6119
45.00813650686762 12.6098
45.03223678314731 12.6198
45.05652746888232 12.5903
45.08063196592069 12.5346
45.104738567558705 12.5388
45.128847275414856 12.5268
45.15314646515866 12.3894
45.17725940679741 12.4056
45.20137445952892 12.4323
45.22568004865265 12.4095
45.24979934496396 12.4053
45.27392075725247 12.3725
45.29804428714431 12.3333
45.322358426247604 12.2937
45.346486212804315 12.3055
45.370616121861914 12.3124
45.39474815505086 12.2822
45.41907087049246 12.242
45.4432071734666 12.2085
45.46734560548283 12.2433
45.49148616817604 12.2106
45.51581748638564 12.1272
45.5399623320197 12.1294
45.56410931325473 12.0887
45.58825843173002 12.095
45.61259837920865 12.0753
45.636751793816 12.0435
45.66090735060093 12.0203
45.68506505120716 11.9975
45.7094136545275 11.9487
45.73357566449271 11.9442
45.75773982322992 11.9456
45.78190613238733 11.9283
45.806263418194064 11.8755
45.83043404997326 11.8736
45.85460683713677 11.8433
45.87897065658495 11.8298
45.90314777634752 11.7955
45.92732705646868 11.7545
45.9515084986045 11.7632
45.97588104735473 11.7433
46.00006683541565 11.7244
46.02425479047904 11.6979
46.04844491420549 11.6863
46.0728262191024 11.6642
46.09702070211635 11.6552
46.12121735879483 11.5961
46.14541619080294 11.6112
46.169806278764455 11.6072
46.194009483459034 11.5936
46.21821486849841 11.565999999999999
46.24242243555223 11.5388
46.266821333570014 11.520999999999999
46.29103328674601 11.4634
46.31524742696538 11.4814
46.33946375590237 11.4102
46.36387149104216 11.4252
46.38809221957392 11.4149
46.41231514186606 11.3677
46.436540259597464 11.3861
46.460956858999374 11.3291
46.48518638983522 11.3559
46.509418121166966 11.2772
46.533652054678114 11.2228
46.55807754555709 11.2462
46.58231590571962 11.2171
46.60655647313217 11.1879
46.630988654873654 11.2112
46.655233659129024 11.1718
46.67948087571551 11.1859
46.70373030632484 11.1273
46.72817142736393 11.1452
46.752425308428684 11.1096
46.77668140861147 11.1197
46.80093972960865 11.0261
46.82538981736788 10.9825
46.849652602470904 10.9786
46.87391761349769 10.9592
46.8981848521493 10.9152
46.9226439341274 10.947000000000001
46.946915650573224 10.8779
46.97118959976749 10.8836
46.99546578341598 10.8603
47.019933887188216 10.844000000000001
47.04421456235744 10.8618
47.06849747711879 10.8006
47.09278263318286 10.7446
47.11725978640143 10.7526
47.14154944775105 10.725
47.165841355555656 10.7114
47.1901355115306 10.7116
47.214621741924994 10.6853
47.23892041698887 10.6611
47.26322134538975 10.627
47.28771440635075 10.6246
47.31201986422527 10.6054
47.33632758061436 10.6059
47.360637557241866 10.595999999999998
47.38513974410611 10.5613
47.40945426407847 10.501
47.43377104948137 10.5107
47.45809010204344 10.4991
47.48260144275502 10.5035
47.506925052572285 10.440999999999999
47.53125093475548 10.4392
47.55557909103813 10.4399
47.58009961361992 10.3769
47.60443234110732 10.3785
47.62876734791564 10.3859
47.65310463578333 10.3534
47.6776343683373 10.3607
47.7019762413987 10.2743
47.72632040075572 10.255999999999998
47.75066684815169 10.2891
47.77520581885936 10.2325
47.799556865477655 10.2463
47.823910205386 10.2116
47.84826584033272 10.182
47.87281407745551 10.1573
47.89717432569297 10.1831
47.92153687423484 10.1439
47.94609208429692 10.127
47.97045925671401 10.1051
47.99482873471275 10.0502
48.01920052005013 10.0605
48.04376504619224 10.057
48.068141469543484 10.0647
48.09252020552573 9.99944
48.11690125590099 9.96143
48.1414751266064 9.95422
48.16586082917454 9.92176
48.19024885144316 9.915510000000001
48.2146391951793 9.92307
48.239222439012764 9.97131
48.26361744916137 9.899289999999999
48.28801478610016 9.86336
48.31241445160131 9.8472
48.337007097209366 9.84244
48.36141144338331 9.84022
48.38581812345755 9.80068
48.41022713920929 9.79386
48.434829215320704 9.76506
48.45924292604658 9.75262
48.48365897780325 9.7427
48.50807737237308 9.65809
48.532688907799276 9.69281
48.55711201168574 9.67327
48.581537463754074 9.6927
48.60615611725119 9.70375
48.63058628942721 9.66918
48.65501881516546 9.59045
48.6794536962573 9.59816
48.70408185970339 9.57207
48.72852147531801 9.54965
48.75296345168211 9.50488
48.77740779059232 9.53525
48.80204549302823 9.53064
48.82649458091802 9.50037
48.85094603676547 9.45524
48.87539986237231 9.42302
48.90004713292306 9.397969999999999
48.92450572200832 9.422839999999999
48.94896668628025 9.41685
48.97343002754588 9.3746
48.99808689542115 9.35032
49.02255501470614 9.338560000000001
49.04702551642794 9.31104
49.0714984023988 9.29171
49.096164896893235 9.28893
49.120642575466796 9.24542
49.145122643748394 9.23118
49.16960510355558 9.22977
49.19428125404938 9.20862
49.2187685210852 9.210510000000001
49.243258185121555 9.16427
49.26794160167084 9.14996
49.2924360839405 9.16745
49.31693296869764 9.15932
49.34143225776915 9.12831
49.36612538195438 9.07812
49.39062950396021 9.077689999999999
49.41513603578346 9.09046
49.4396449792564 9.021519999999999
49.46434784069503 9.011660000000001
49.488861631846454 8.98968
49.513377840166804 8.95443
49.537896467493745 8.93115
49.56260909589029 8.93438
49.587132585683285 8.9208
49.611658500018365 8.923969999999999
49.636186840738596 8.88229
49.66090926588511 8.87002
49.685442483902584 8.85126
49.70997813385706 8.8461
49.734516217597076 8.83276
49.75924846937352 8.79355
49.7837914452858 8.808489999999999
49.80833686055187 8.772680000000001
49.83288471702571 8.75577
49.85762682540054 8.73922
49.882179588965734 8.7309
49.9067347993235 8.71139
49.93129245833333 8.6803
49.95604445336378 8.68324
49.98060703442832 8.68135
50.005172069746266 8.66783
50.02993150438364 8.61186
50.05450147301533 8.61294
50.07907390151433 8.60636
50.10364879174981 8.58671
50.12841816587289 8.60551
50.1529980044635 8.58089
50.17758031042124 8.5479
50.20216508562089 8.51512
50.22694442953363 8.512
50.25153416817468 8.51574
50.27612638170508 8.47218
50.300721072005196 8.4571
50.325510416102105 8.43924
50.350110084975064 8.40001
50.37471223628208 8.40168
50.39931687190919 8.37555
50.424116246675766 8.35922
50.44872587605249 8.37648
50.47333799543065 8.36042
50.49795260670191 8.32302
50.52276204271512 8.29217
50.54738166295838 8.28713
50.57200378079314 8.25715
50.596628398116835 8.233319999999999
50.62144792604559 8.23302
50.646077567609396 8.25287
50.670709714377715 8.197989999999999
50.69553683636198 8.18014
50.72017401885922 8.18158
50.7448137122895 8.191419999999999
50.76945591856022 8.160210000000001
50.79429318636823 8.1484
50.818940443716784 8.12135
50.84359021965163 8.07828
50.868242516085964 8.07894
50.893089960641895 8.076310000000001
50.917747323549435 8.04541
50.94240721271973 8.041730000000001
50.96706963007175 8.01789
50.99192728239342 8.00147
51.01659478166073 8.0194
51.04126481489051 8.01015
51.06593738400761 7.9790600000000005
51.090805275207074 7.941089999999999
51.11548294172845 7.9446
51.14016314993547 7.91062
51.164845901758845 7.9058399999999995
51.18972406304274 7.85855
51.21441192780656 7.86488
51.23910234200271 7.872739999999999
51.2637953075678 7.818910000000001
51.288683770237945 7.80085
51.31338186432707 7.80857
51.33808251561888 7.780589999999999
51.362978729967345 7.76939
51.387684521509755 7.74826
51.41239287610203 7.71029
51.437103795691165 7.689989999999999
51.46201036644977 7.702710000000001
51.486726441956634 7.6967300000000005
51.51144508832545 7.7047300000000005
51.536166307509156 7.65407
51.56108326624387 7.635039999999999
51.58580965706056 7.60425
51.61053862657523 7.613569999999999
51.635270176746864 7.60265
51.66019755512065 7.60447
51.68493429268881 7.57861
51.70967361681515 7.5428
51.73441552946465 7.499789999999999
51.759353359237934 7.5063
51.7841004750961 7.52036
51.80885018539685 7.519260000000001
51.833602492111254 7.49552
51.8585508051424 7.46886
51.883308330926425 7.42167
51.90806845906181 7.444039999999999
51.932831191525715 7.377860000000001
51.95779001977161 7.36136
51.98255798721516 7.33022
52.00732856494335 7.37338
52.03229530577543 7.36857
52.057071130455945 7.3224
52.081849571391054 7.311910000000001
52.106630630568695 7.343310000000001
52.13160794279417 7.263489999999999
52.15639426492067 7.2851300000000005
52.18118321127822 7.262239999999999
52.205974783860896 7.25965
52.23096269971011 7.21783
52.255759551287994 7.19168
52.280559035098186 7.15773
52.30536115314103 7.163310000000001
52.33035970494467 7.1592199999999995
52.35516711807904 7.169630000000001
52.37997717147198 7.127610000000001
52.40478986713005 7.128410000000001
52.42979908731974 7.112769999999999
52.454617094216 7.12082
52.47943774942214 7.088489999999999
52.50426105495102 7.081180000000001
52.529280976059844 7.04201
52.554109609024096 7.0531
52.57894089837482 7.01456
52.60377484613117 7.011539999999999
52.62880550079408 6.967910000000001
52.65364479223379 6.95944
52.67848674816189 6.922000000000001
52.70352547971946 6.96333
52.72837279155837 6.9528
52.753222773982785 6.93887
52.778075429022984 6.891780000000001
52.80312495150885 6.89389
52.827982978797436 6.888789999999999
52.85284368481815 6.858230000000001
52.87770707160767 6.828010000000001
52.90276741793998 6.81923
52.92763619336701 6.83518
52.952507655698504 6.781619999999999
52.977381806977576 6.79131
53.00245301017842 6.79442
53.02733256653592 6.79311
53.052214817996074 6.76863
53.077099766608484 6.72393
53.102181859804446 6.734839999999999
53.127072229988265 6.706910000000001
53.15196530349892 6.6868300000000005
53.17686108239249 6.681589999999999
53.20195409881522 6.65393
53.22685531582556 6.647
53.25175924441303 6.63817
53.27666588664027 6.5853600000000005
53.30176985962693 6.56505
53.3266819565689 6.5865
53.35159677336455 6.60278
53.376514312083096 6.58357
53.40162927507703 6.55221
53.42655228516116 6.51662
53.45147802340193 6.53444
53.47660125628886 6.51726
53.50153247842639 6.4648
53.52646643496923 6.46782
53.55140312799818 6.45985
53.576537409691696 6.48463
53.60147960336152 6.47255
53.626424539786164 6.4324699999999995
53.65137222105307 6.4207
53.67651758529126 6.40609
53.70147078399681 6.35361
53.72642673383343 6.339919999999999
53.75138543689533 6.36978
53.776541917524526 6.3375
53.801506154876755 6.2884199999999995
53.826473151763246 6.27998
53.851442910284916 6.230119999999999
53.87661054126026 6.25836
53.9015858509782 6.27959
53.92656392866066 6.26904
53.95154477641532 6.2742
53.976723591801296 6.22285
54.00171000771266 6.18928
54.02669920004598 6.22939
54.051691170915745 6.20043
54.076881204886796 6.163119999999999
54.101878760928514 6.1620800000000004
54.12687910187696 6.162999999999999
54.152077577768296 6.13468
54.1770835166946 6.14939
54.20209224691339 6.08676
54.22710377055121 6.04922
54.25231352511594 6.0666400000000005
54.27733066384342 6.0458
54.30235060239643 6.0152
54.32737334290836 5.98609
54.35259441062629 5.9449
54.377622783395324 5.95969
54.40265396455061 5.98579
54.42768795623251 5.92782
54.45292037169559 5.9292300000000004
54.477960012857906 5.8559
54.50300247099511 5.89153
54.52804774825457 5.8774
54.55329154616743 5.86344
54.57834249018678 5.865880000000001
54.6033962597977 5.8407800000000005
54.6284528571545 5.816319999999999
54.653708072335164 5.79384
54.67877035378786 5.785419999999999
54.70383546947698 5.723
54.72890342156389 5.75526
54.7541700889442 5.72083
54.77924374251975 5.68476
54.8043202390049 5.66594
54.82959552413022 5.63764
54.8546777351945 5.57247
54.87976279569621 5.5746400000000005
54.90485070780914 5.62144
54.930137506558005 5.56019
54.95523115074295 5.540369999999999
54.98032765308844 5.54636
55.005427015775496 5.54375
55.03072536339621 5.49581
55.05583047570572 5.42244
55.080938454927676 5.46631
55.10604930325027 5.41343
55.131359235107396 5.39816
55.15647585066083 5.33824
55.181595341907496 5.36953
55.20671771104285 5.28835
55.232039262617704 5.2918
55.25716741665048 5.24286
55.28229845518636 5.25361
55.30743238042802 5.26783
55.33276558731939 5.18086
55.357905315183636 5.19754
55.383047936390035 5.15494
55.40819345314859 5.19155
55.433538351073295 5.181719999999999
55.458689688238415 5.12402
55.483843927614096 5.07046
55.509197623043605 5.067740000000001
55.53435769621134 4.99491
55.55952067826466 4.99449
55.5846865714265 4.982069999999999
55.61005202069737 4.96352
55.63522376553902 4.96581
55.66039842818645 4.934069999999999
55.68557601087004 4.92509
55.7109532500271 4.86008
55.73613670233794 4.86757
