TT I
1.2716486653135266 8.98674
1.2939594142134223 8.642710000000001
1.3162702121660406 7.70993
1.3385810600174564 7.47812
1.3608919586137629 7.795
1.383202908801069 7.543239999999999
1.405513911425503 8.06322
1.4278249673332093 7.1005899999999995
1.4501343378461518 7.1771
1.4724455028545926 6.9047
1.4947567236847858 6.75507
1.517068001182951 7.0662899999999995
1.5393793361953272 6.57683
1.5616907295681737 6.0656
1.5840021821477681 6.12909
1.60631369478041 6.18128
1.6286252683124185 6.46379
1.6509369035901333 5.9873199999999995
1.6732468618895553 5.77759
1.695558623192809 5.77308
1.7178704487808514 5.66545
1.7401823395001077 5.67162
1.7625012545597203 5.67937
1.7848028405262486 6.037059999999999
1.8071218901122095 5.95109
1.8294236121921872 5.36068
1.8517427996910911 5.52502
1.8740620574440425 5.95558
1.8963639900671978 5.51485
1.9186833908139995 5.29286
1.9409854680117449 5.29913
1.9633050151394713 6.03005
1.9856246367570705 5.28569
2.0079269371922672 5.19372
2.03024671027244 5.06002
2.0525491637446027 4.69249
2.074869091674931 4.6649199999999995
2.097171701569106 4.79591
2.1194917877373847 6.06451
2.141811954326636 5.87871
2.164114805233074 5.053999999999999
2.186435135143035 5.25595
2.208738150935709 5.106990000000001
2.231058647554722 4.63985
2.2533792288321184 4.813619999999999
2.275682498336085 5.08419
2.298003251406138 4.78057
2.3203066942619714 4.53366
2.3426276225136022 4.25495
2.3649486396617507 3.99381
2.387252348930071 3.7115199999999997
2.4095735463442893 3.66932
2.4318774374315884 4.34295
2.4541988185014043 3.8720199999999996
2.476502894794693 4.28527
2.498824462909887 3.5689
2.521146125856138 3.6345699999999996
2.5434504863470337 3.9673
2.5657723414244717 4.25736
2.588076895590662 4.61461
2.610398946189713 4.9571
2.6327210958598384 4.48798
2.6550259469304716 4.5462
2.6773482972090137 4.53878
2.6996533504259 4.44378
2.7219759047039602 4.9915400000000005
2.744298562293959 5.6481
2.7666039251246595 5.83695
2.7889267918020164 5.9606900000000005
2.8112323652516555 5.996519999999999
2.833555444408179 6.8448199999999995
2.8558786311183852 7.218139999999999
2.8781845268938557 7.60199
2.9005079311721484 8.000680000000001
2.9228140460410397 7.83462
2.9451376712799635 8.56615
2.967444008632326 8.86999
2.9897678582247247 9.7136
3.0120918213106695 10.5973
3.0343984987899373 10.6306
3.0567226913198637 11.01
3.079029599759726 11.4184
3.101354025127254 12.1034
3.123678568232338 12.8273
3.145985829517914 12.9184
3.16831061055229 13.1848
3.1906181112775593 13.8881
3.212943133635653 14.6757
3.2352682779763207 14.9945
3.2575761442691227 15.0666
3.2799015350264273 15.6186
3.302209649240067 16.3076
3.3245352898092655 16.7728
3.3468436553365257 17.0715
3.369169549113219 17.5731
3.3914955708171384 17.9797
3.413804319727358 17.9578
3.4361305997334863 18.4571
3.4584396084414553 19.317
3.4807661501462652 19.8643
3.503092824025881 20.2203
3.5254022288463154 20.0664
3.5477291695206588 20.5922
3.5700388426251948 20.8634
3.5923660534916446 21.3795
3.6146934007816114 21.6255
3.637003482731501 22.3797
3.6593311053109985 22.855
3.681641464033634 23.2567
3.7039693653009733 23.379
3.726297407241705 23.3439
3.7486081875460804 23.8679
3.7709365132734978 24.7129
3.793247578841633 25.2987
3.8155761917550093 25.1602
3.8378875459837216 25.8756
3.8602164494827234 26.0897
3.882545499606844 26.7737
3.9048572932539183 27.4192
3.9271866390645718 27.4927
3.9494987298666713 28.072
3.971828374764527 28.9464
3.9941581705403255 28.9455
4.016470713506008 29.2331
4.038800813471445 30.3837
4.061113662089144 30.8637
4.0834440696459176 31.4119
4.105774632334751 31.6999
4.128087945865126 32.2794
4.150418821249301 32.4552
4.172732448931298 33.3663
4.195063640413578 34.0716
4.2173775856475215 35.0795
4.239709096631102 35.3035
4.262040768704612 35.5563
4.284355196706267 36.3901
4.306687193387355 37.3315
4.329001947444346 38.4774
4.35133427213731 38.9842
4.373666762177566 39.8634
4.395982011761091 40.8468
4.418314834921175 41.2264
4.44063041906622 42.2696
4.4629635787515625 43.1805
4.4852969080429785 44.2897
4.5076130004776225 45.4646
4.529946671403969 46.4286
4.552263106909177 47.6165
4.574597122877047 48.651
4.596931312711224 49.8916
4.619248269273446 51.3824
4.6415828092605835 52.055
4.663900117405352 52.9118
4.686235010953232 54.0441
4.708552674085913 56.0934
4.730887924602802 57.8085
4.753223354952695 59.2092
4.775541557023902 61.0706
4.797877349456786 62.1678
4.820195915032126 64.2961
4.842532072957498 65.5018
4.864868414979744 68.2069
4.88718753227192 70.1549
4.909524244902505 72.964
4.931843734218147 75.9518
4.954180820867835 79.3676
4.976518095879839 84.0848
4.998838149695359 88.5403
5.021175803844231 93.9814
5.043496238205739 99.5327
5.065834274903528 106.31200000000001
5.088172504230693 114.912
5.1104935158799565 126.194
5.132832132875765 143.941
5.155153533596801 173.957
5.1774925416746225 248.94299999999998
5.199814334878411 681.5930000000001
5.2221537374521505 2226.06
5.244493338631803 3790.85
5.266815727034316 4472.71
5.289155727832427 6380.12
5.311478517248165 9007.24
5.333818921080011 7213.77
5.356159527788849 2803.14
5.3784829252032536 726.82
5.400823940070432 289.053
5.423147747031976 195.59599999999998
5.445489173474152 158.52700000000002
5.467830807066149 140.0
5.490155234831516 129.75799999999998
5.512497285125229 121.925
5.534822130975162 117.134
5.557164601388673 112.359
5.579489868738879 107.98200000000001
5.601832762690846 105.525
5.6241758697774475 103.13600000000001
5.646501775867269 101.772
5.668845311622074 100.98700000000001
5.691171647754637 100.14200000000001
5.713515615597765 99.102
5.735859800852677 97.8418
5.758186788542988 97.5413
5.780531411018185 98.1512
5.802858837297399 98.0667
5.825203900414495 99.137
5.8475491852224 100.51899999999999
5.869877275883075 103.28399999999999
5.892223006467101 106.867
5.914551544266608 112.344
5.936897724049891 122.12700000000001
5.959244129804903 138.414
5.981573344815301 180.285
6.0039202049061 345.034
6.026249875609095 852.043
6.04859719346037 1442.27
6.070927323278297 1721.45
6.093275102315365 2091.33
6.115623113320588 3041.39
6.137953938319995 3830.83
6.160302415650845 2618.18
6.182633708324452 970.113
6.2049826554078376 307.06
6.227331838745022 151.99
6.249663839443684 113.285
6.27201349767565 97.1327
6.294345974611799 88.5382
6.316696111167083 82.0272
6.339046488263839 78.0113
6.361379686074702 74.0047
6.383730546639482 71.6507
6.406064229255215 68.9531
6.428415576718203 68.1076
6.450749747566656 66.67699999999999
6.47310158535871 65.4647
6.495453669698332 64.4048
6.517788579421056 62.9882
6.540141159237969 62.0758
6.562476565766648 61.2536
6.5848296444934045 60.5504
6.607182974060425 60.1221
6.6295191323281015 59.1802
6.651872965955752 58.5215
6.6742096296068985 57.8468
6.6965639707294615 57.615
6.71891856698715 56.76
6.741255995248479 56.294
6.763611104154477 56.0702
6.785949046381137 55.5091
6.808304671371482 55.1875
6.8306605557940046 54.6294
6.852999275508618 54.22
6.875355681171544 53.4813
6.897694923437771 53.6378
6.92005185377892 53.2988
6.9423916220322655 53.473
6.964749080490181 52.7093
6.987106804399774 52.7934
7.009447368180821 52.7403
7.031805625367033 52.6807
7.054146723727803 52.5097
7.076505517631004 51.687
7.098864581288365 51.8851
7.121206488070854 51.7726
7.143566093607822 51.7086
7.165908543567245 51.6858
7.188268694426048 51.3745
7.2106291193438095 51.0289
7.232972390625943 51.2364
7.255333366030969 51.2552
7.277677189091925 51.1194
7.300038718428332 51.1755
7.322400526130865 51.1045
7.344745183422596 51.5367
7.367107550224791 51.56
7.389452767901992 51.5695
7.411815697249891 51.651
7.434161478756298 51.2539
7.456524974096713 51.387
7.478888753837185 51.6473
7.501235387657368 52.8204
7.523599738562711 59.324
7.545946944825532 72.8136
7.568311870344528 78.6703
7.5906770845765665 70.9405
7.613025156078678 59.5433
7.635390950099687 54.5831
7.657739602662809 53.0762
7.680105979923558 53.0824
7.702472650212829 53.3243
7.724822180948224 53.3854
7.747189439655568 53.3141
7.769539560075357 53.17100000000001
7.791907410653562 53.8858
7.81425812420825 54.0304
7.836626570110925 54.2193
7.858995315087906 55.1884
7.881346924933401 55.2765
7.903716270417482 55.5412
7.926068482028405 56.0366
7.948438431475253 56.9059
7.9708086843180235 57.5244
7.993161805171116 58.1647
8.015532667162402 58.5852
8.037886398416653 59.4973
8.060257873014221 60.025
8.082629655331942 60.2434
8.104984308787587 61.0085
8.127356708900503 61.8801
8.149711981398308 62.8356
8.172085002766314 63.641000000000005
8.194458336181368 64.3237
8.216814543847752 65.6382
8.23918850371002 67.2309
8.26154533906492 68.0685
8.283919928836452 70.1663
8.306277395339652 71.4169
8.328652618483376 72.9475
8.351028159736202 75.4419
8.373386579575245 78.3523
8.395762759396959 80.4196
8.418121819038275 84.3283
8.440498640894003 89.9386
8.462875785192262 98.6822
8.485235811156207 117.36
8.507613602688501 190.641
8.529974277114228 408.038
8.552352719347912 656.6160000000001
8.574731488360351 772.977
8.59709314210385 740.6260000000001
8.619472567021075 805.693
8.64183487789147 1109.36
8.664214962183097 1624.89
8.686577933647762 1772.98
8.708958680784317 1205.84
8.731339760774953 576.799
8.753703729764451 230.887
8.77608547780821 131.636
8.798450116065078 110.331
8.820832535634787 101.215
8.843215292401656 96.0887
8.865580941199045 92.3392
8.887964374703538 89.7367
8.910330701447199 88.0537
8.932714815164482 86.8653
8.955099270424924 85.1586
8.977466620733543 84.0937
8.999851761421976 83.3346
9.022219798361645 82.7675
9.04460562795561 82.2189
9.066991803441677 81.8771
9.089360876979615 81.7251
9.111747746589993 81.5061
9.13411751544971 80.7518
9.156505082664324 81.0171
9.178875550323522 81.3085
9.20126381862328 83.2975
9.223652438908596 93.4119
9.246023961427412 113.368
9.26841328802173 122.85
9.290785518039224 113.596
9.313175554425882 96.9882
9.335565947154315 85.7789
9.357939245086508 82.266
9.380330352834827 81.5221
9.40270436697103 81.3345
9.425096193225055 81.2024
9.447488380180165 82.0005
9.469863475295412 82.1358
9.492256385987508 82.4907
9.514632206018318 83.0641
9.537025843935714 83.5179
9.559402392368193 83.604
9.581796761000229 84.7013
9.604191496441521 85.1476
9.626569144158516 85.5434
9.648964615551032 86.057
9.671343000390081 87.1401
9.693739211225699 88.5966
9.716135793237463 89.2029
9.738515290448102 90.1106
9.760912617143402 91.5367
9.783292860202891 93.33
9.805690935076182 94.7869
9.828089385495742 95.6036
9.850470754023561 98.3389
9.872869957865444 100.881
9.89525208097539 104.29299999999999
9.917652041736662 109.08200000000001
9.940052382417589 116.94200000000001
9.962435644102392 137.384
9.984836746950979 201.25900000000001
10.007220771957746 377.407
10.029622640473708 596.118
10.052007432299963 695.808
10.074410069984072 665.0310000000001
10.096813093716005 638.285
10.119199042482517 738.752
10.141602840636468 1028.78
10.163989564971628 1437.82
10.186394141051062 1619.53
10.208799107559706 1225.18
10.231187001965623 663.8889999999999
10.253592751657669 290.163
10.275981430388155 154.849
10.298387966769793 123.561
10.320794897965431 115.041
10.343184759907361 109.959
10.36559248305461 106.76700000000001
10.387983138083852 105.604
10.410391656691655 108.47399999999999
10.432800574501677 125.025
10.455192425893369 172.675
10.47760214443012 229.09799999999998
10.499994797678786 255.11900000000003
10.522405320453982 242.667
10.54479877906917 232.019
10.567210109595656 252.93599999999998
10.5896218454736 316.21299999999997
10.612016518879773 422.92800000000005
10.634429067781074 497.347
10.656824555333241 438.282
10.679237920773568 296.712
10.701651695961992 167.357
10.724048411481384 113.59299999999999
10.746463008485165 96.3282
10.768860546937125 88.3602
10.791275969274796 83.65100000000001
10.81369180576079 81.4139
10.836090585366925 79.8644
10.858507252467449 78.4479
10.88090686379991 77.2231
10.903324365036394 75.9292
10.925724811614439 74.8579
10.948143150509463 74.5433
10.970561909719066 73.4147
10.992963615930844 72.3687
11.015383218085756 71.6214
11.037785768347074 70.9294
11.06020621697282 70.3204
11.082627090322113 69.8637
11.105030913430326 69.1599
11.12745263854165 68.5869
11.149857314510728 67.5564
11.172279894912576 67.5162
11.194702904450653 66.4724
11.217108866490921 65.8193
11.239532736615194 65.6192
11.26193956033512 65.2908
11.284364294577085 65.0119
11.306789462371718 64.421
11.329197585398376 64.2982
11.351623622610898 64.3125
11.37403261614354 63.3561
11.396459526308487 63.1679
11.418869393879497 62.8767
11.441297180532617 62.9512
11.463725406927658 62.5167
11.486136592353875 62.0625
11.508565700543707 61.4694
11.530977768845315 61.7681
11.553407762368774 61.1716
11.575838200059769 61.201
11.598251599479612 61.1727
11.620682927815501 60.8724
11.64309721895548 61.1529
11.665529441478206 60.7346
11.687962112597958 60.3622
11.710377748130886 60.5762
11.732811318753434 60.3495
11.755227854859067 60.3918
11.777662328529495 60.0279
11.800079768750786 59.9896
11.822515149015453 60.1941
11.844950984084935 60.3891
11.867369787303163 60.3164
11.889806534289491 60.9395
11.912226250487029 62.4021
11.934663912939751 66.6339
11.9571020346363 70.5529
11.979523127133968 71.285
12.001962169624331 70.2708
12.024384183972964 67.8935
12.046824150809913 69.2854
12.069264581333726 79.3481
12.091687985297767 93.1406
12.11412934550045 104.287
12.136553680195208 106.691
12.158995973632788 103.73100000000001
12.181438735204349 102.236
12.20386447284199 107.574
12.226308172985636 122.141
12.24873485024193 149.336
12.271179492516982 178.28900000000002
12.293607112949127 184.361
12.316052700916226 157.278
12.338498763250042 114.206
12.360927805303868 82.2365
12.383374818673879 68.6933
12.405804812803074 64.2767
12.428252780773262 63.2172
12.45070122756722 62.7916
12.473132656675375 62.2246
12.49558206341869 62.2081
12.518014453510101 61.9365
12.540464823770117 61.9601
12.562915677315177 62.0517
12.58534951575545 62.3896
12.607801338171472 62.3879
12.630236146511358 62.5526
12.652688941369085 63.0471
12.675124723177234 63.2117
12.697578494048786 63.7074
12.720032754458185 64.2157
12.742470003354093 64.5747
12.764925245138771 64.9943
12.787363476431278 65.217
12.809819703166806 65.788
12.83227642391173 66.6237
12.854716135692716 66.9886
12.877173846755147 68.1492
12.899614549869717 68.4279
12.9220732548287 69.1558
12.94453245827299 69.7394
12.966974655289818 70.9205
12.989434858002571 71.6568
13.011878055298721 72.7321
13.034339260862497 74.1637
13.056800969391883 75.6949
13.079245674017244 78.5931
13.101708390774869 81.6018
13.12415410463411 88.03
13.146617833206086 106.331
13.169064559883248 139.783
13.191529303857127 173.808
13.213994557076367 194.774
13.236442809902437 193.22799999999998
13.258909083908291 182.10299999999998
13.28135835851934 178.89700000000002
13.30382565690295 191.204
13.326293469022952 223.715
13.348744283242008 280.863
13.371213125129904 353.60699999999997
13.39366497011003 392.986
13.416134845360597 355.78
13.438605238843131 263.51
13.46105863690397 175.032
13.483530069144786 133.497
13.505984506951902 138.02200000000002
13.528456981549432 163.47899999999998
13.550929978879088 182.19
13.573385983253365 184.14
13.595860028340867 172.903
13.618317081455832 165.34
13.64079217790333 168.375
13.663250283359057 185.578
13.685726434770173 220.217
13.708203115221277 279.503
13.730662806148091 333.315
13.75314054697177 334.16900000000004
13.775601299246777 277.923
13.798080104050406 190.479
13.820559442405358 122.571
13.843021793671388 93.1676
13.865502201420897 83.2502
13.887965623051947 80.4426
13.910447103807167 78.4135
13.932929122629764 76.8524
13.955394156785959 76.1333
13.977877254034569 75.2642
14.000343367582113 74.1899
14.022827546871707 73.4254
14.045294743423524 72.5835
14.06778000837062 71.935
14.090265817715476 72.1462
14.112734645763819 72.6344
14.13522154619454 75.0008
14.157691466286913 77.3688
14.180179461423874 77.0685
14.202668005486178 75.7493
14.22513957064374 73.2855
14.247629214846473 70.8454
14.270101881097517 69.252
14.29259262906496 68.5551
14.315083930490205 68.0749
14.337558255389705 67.8617
14.360050666019726 67.8342
14.382526101071944 67.3557
14.405019624534942 66.9874
14.427513705993134 66.8785
14.449990813291825 67.1382
14.47248601302899 67.012
14.49496423954951 67.0188
14.517460561197822 67.309
14.539939910570322 66.9618
14.562437357763558 67.1002
14.58493536931253 67.5192
14.607416409993311 67.3646
14.62991555254159 67.7911
14.652397725157423 67.9106
14.674898002342799 68.0348
14.697398848433282 68.5051
14.719882725991326 69.4349
14.74238471217934 70.5157
14.764869730765593 73.7349
14.787372860692983 81.0522
14.809876564079925 95.7485
14.83236330125751 110.48
14.854868153850365 119.57600000000001
14.877356041159485 120.155
14.899862046604186 115.39200000000001
14.922351087688757 112.133
14.944858249632887 113.59100000000001
14.967365991421232 120.726
14.989856770231246 134.139
15.012365673994204 159.88299999999998
15.03485761569738 190.856
15.05736768508665 208.197
15.07987833888692 199.235
15.102372032001655 164.321
15.124883856909658 119.648
15.14737872204565 89.8734
15.169891721717274 76.4965
15.192405310371893 71.7742
15.214901940621196 69.646
15.237416709527137 68.447
15.259914520936249 67.8339
15.282430473753607 67.2211
15.304947020131227 66.0935
15.327446610371178 65.8262
15.349964346154254 65.4885
15.372465126703139 65.3579
15.394984055556009 64.9472
15.417486030076159 64.8482
15.44000615566487 64.5769
15.462526881230803 64.5193
15.485030653812652 64.7437
15.507552581617434 64.3337
15.530057557334603 64.0204
15.55258069104857 64.3398
15.575104429329837 64.6622
15.597611216864632 64.567
15.620136166564563 64.9869
15.6426441664095 65.6286
15.665170331202765 68.0887
15.687697105158826 74.1041
15.710206930593545 85.5552
15.732734925158933 98.1021
15.755245972089478 106.054
15.77777519094324 108.26899999999999
15.800287463046663 104.671
15.822817909869592 100.181
15.84534897229804 99.0816
15.867863089299354 103.23299999999999
15.890395385222186 111.09200000000001
15.912910736597423 125.705
15.935444269699861 148.942
15.957978423016485 173.085
15.980495633101265 183.13299999999998
16.003031029129367 171.43400000000003
16.02554948280019 139.41899999999998
16.048086125229432 104.339
16.070623392487107 81.0105
16.09314371869582 70.0837
16.11568223789321 64.7134
16.13820381691126 62.4341
16.160743591742527 61.2118
16.183283996022084 59.8209
16.205807461423195 58.7883
16.228349126881973 58.0859
16.25087385432698 58.0992
16.27341678466365 57.2328
16.29594277784926 56.8699
16.31848697676433 56.5629
16.341031811604868 55.8566
16.36355971058487 55.6091
16.3861058195587 55.4126
16.40863499352978 54.8517
16.431182380342005 54.9178
16.453730407713202 54.7021
16.476261501364792 54.4705
16.498810812136167 53.9867
16.52134319004079 54.0096
16.54389378792203 53.8992
16.566445031001553 53.9611
16.588979342490088 53.7155
16.61153187824822 53.3923
16.634067483263312 53.3927
16.656621315414416 53.3191
16.679175797408888 52.925
16.701713349928728 52.9641
16.72426913389191 53.2131
16.74680798922351 53.2448
16.76936507887444 53.1925
16.791905240734874 53.148
16.814463639794468 52.985
16.837022695210294 53.1813
16.859564824093756 53.3036
16.882125194503903 53.3123
16.904668639217885 53.7714
16.927230328348003 54.151
16.949792678493612 54.5614
16.972338104193863 54.6622
16.994901778652235 54.4536
17.017448529496576 54.5466
17.040013531998152 54.637
17.06257920018044 54.6703
17.0851279459922 55.9702
17.107694947817667 58.3185
17.130245028099072 60.6307
17.15281336730298 62.9733
17.17536478578733 63.916000000000004
17.19793446610687 63.6859
17.220504818648422 62.9568
17.243058251703697 62.2345
17.265629950971032 62.622
17.288184731571736 63.7164
17.310757781306908 65.995
17.33333150794385 68.7536
17.355888317140174 72.9996
17.37846339986244 77.6471
17.401021565958885 80.6938
17.42359800851343 79.5698
17.44617513265564 75.0369
17.468735341390783 68.204
17.491261035594565 62.3905
17.51396340099364 59.4675
17.536490463869136 58.3598
17.559018209820174 57.9183
17.58154663977963 58.0866
17.604251766089718 57.9115
17.626781572227713 58.1398
17.64931206518155 58.3002
17.671843245885103 58.5697
17.69455114821572 58.8444
17.717083712612634 59.1892
17.739616967569667 59.7518
17.762150914021706 60.5625
17.78486160749854 60.6595
17.807396945166804 61.4701
17.829932977143503 62.211999999999996
17.85246970436452 63.0735
17.875183204129467 66.1018
17.897721330097664 72.1943
17.920260154126645 79.1334
17.942799677153296 85.0098
17.9655159983646 87.8133
17.988056927677544 87.3044
18.010598558807683 85.4133
18.033140892692916 83.7714
18.05586005052525 83.4916
18.07840379824407 85.5853
18.10094825154059 90.3665
18.12366954819864 98.1932
18.146215420998306 110.98200000000001
18.16876200220057 127.54899999999999
18.191309292745153 142.851
18.214033452627167 149.377
18.236582170236648 140.838
18.259131600016456 122.616
18.281681742907335 102.20100000000001
18.304408781233683 87.7177
18.32696035875955 81.1083
18.349512652227624 79.5226
18.372065662579683 81.1806
18.394795594587553 84.9031
18.41735004715306 91.0204
18.43990521943684 97.5075
18.46246111238171 101.851
18.485193953325208 100.163
18.507751296070428 92.3957
18.530309362314178 82.1586
18.552868153000343 72.694
18.57560391815056 66.4028
18.59816416623245 63.4618
18.620725141597372 61.8282
18.643286845190268 60.771
18.666025549835414 60.1277
18.688588718427933 59.3451
18.711152618092243 59.0687
18.73389353884365 58.7814
18.75645890921984 58.1696
18.77902501351406 57.9188
18.801591852673102 57.8464
18.824335739722738 57.5254
18.846904057212626 57.3273
18.8694731124168 56.9947
18.89204290628315 56.8242
18.914789774966803 56.4405
18.937361054791623 56.3472
18.959933076131318 56.1956
18.982505839934877 55.9277
19.00525570560582 55.9188
19.027829963004184 55.8504
19.05040496572238 55.8805
19.072980714710468 55.8895
19.095733592739563 55.9935
19.11831084296757 56.5841
19.140888842324735 57.7166
19.16346759176222 59.2364
19.18622349753803 60.3905
19.208803755869358 61.4266
19.231384767143577 61.5185
19.253966532312948 60.9842
19.276725481241822 60.6386
19.29930876296784 60.45
19.3218928014549 61.056999999999995
19.34465404436217 61.8085
19.36723960516257 62.9864
19.389825925592426 64.473
19.412413006605938 66.6984
19.43517731967805 70.0255
19.457765930683355 72.5925
19.48035530514408 73.1153
19.50294544401556 71.014
19.525712842708348 66.6807
19.54830451925909 61.861999999999995
19.570896963095727 57.1842
19.593490175174704 54.7782
19.616260674962184 53.7599
19.638855432416964 53.0394
19.661450960992624 52.9914
19.68404726164677 52.7307
19.706820878021247 52.4949
19.729418731756834 52.7448
19.752017360452857 52.5465
19.77461676506804 52.6497
19.797393513540218 52.5334
19.819994478951667 52.8752
19.84259622316767 53.7728
19.8651987471481 55.416000000000004
19.887978643247177 56.1781
19.91058273574792 57.1011
19.933187610901943 57.6404
19.955969879466828 57.5915
19.97857632894404 57.0514
20.00118356396599 56.5763
20.023791585494575 56.49
20.046577028914875 57.4105
20.069186632506966 58.4267
20.091797025500632 60.3504
20.114408208858933 62.7757
20.137196842715273 65.9683
20.159809615886765 69.2593
20.18242318232135 71.1089
20.20503754298326 71.1635
20.227829382875154 69.3368
20.250445341109344 66.2186
20.27306209647285 62.4822
20.29567964993108 59.3267
20.31847471147704 58.0094
20.34109387027612 58.1323
20.363713830075454 59.2688
20.386334591841646 61.0206
20.409132890679302 63.2583
20.431755265564437 64.1422
20.454378445325528 63.3881
20.477002430930366 61.0437
20.499803982716553 57.7519
20.522429589228004 54.1559
20.54505600449589 51.5213
20.567683229489194 50.416000000000004
20.590488049900088 49.9837
20.61311690359731 49.56399999999999
20.63574656993626 49.3953
20.658553853717297 49.0803
20.681185154618298 48.9803
20.703817271080066 48.8126
20.72645020407368 48.4888
20.749260783967177 48.3651
20.771895359337133 48.5734
20.794530754161617 48.6122
20.817166969412938 48.5469
20.83998086114876 48.3744
20.86261872660049 48.2202
20.885257415405402 48.1433
20.90789692853701 47.772
20.930714147864748 47.6947
20.953355319030678 47.8106
20.97599731745334 48.056999999999995
20.99864014410749 48.1358
21.021460706796564 48.1852
21.044105199328826 48.673
21.06675052302631 48.611999999999995
21.089396678865015 48.63
21.112220600704806 48.6925
21.134868430275347 48.5589
21.15751709492456 48.2639
21.180166595629693 47.9349
21.202993892429635 48.2826
21.22564507473034 48.5112
21.24829709602816 48.5921
21.27112693608965 48.9475
21.293780644891275 49.7087
21.316435195634053 50.0586
21.339090589297417 50.4957
21.361923832041875 50.7609
21.384580921090404 50.3071
21.407238856007325 49.4752
21.429897637773326 48.9753
21.45273429906592 48.4683
21.475394784108598 48.1308
21.498056118951983 47.705
21.520718304578022 47.8261
21.543558400304388 48.0148
21.566222297108816 48.111000000000004
21.58888704765135 48.2737
21.61155265291521 48.7299
21.63439619898156 49.5878
21.657063523335786 50.7033
21.67973170537063 51.8507
21.7024007460706 52.6477
21.72524775840385 53.2699
21.747918526116475 53.224
21.770590155457388 52.801
21.79326264741238 52.5371
21.816113141960237 52.5561
21.838787368860547 53.042
21.861462461341976 53.9929
21.884315579735777 55.2557
21.90699241312273 56.4634
21.92967011506078 57.9019
21.95234868653799 60.1385
21.9752053151131 62.4612
21.997885635446785 64.2589
22.020566828293532 65.3459
22.04324889464272 64.3718
22.066109049404666 61.9471
22.088792872571794 58.8509
22.111477572219204 56.0844
22.1341631493376 54.2482
22.157026846313123 53.9261
22.179714188221507 54.2174
22.202402410582668 55.0342
22.22509151438863 55.4589
22.24795876962584 55.2468
22.270649646204486 54.4223
22.293341407213727 52.9986
22.316034053646906 51.1977
22.338904883215342 49.8884
22.36159931041458 48.9764
22.38429462602756 48.4708
22.40699083104897 48.0871
22.429865251039757 47.9712
22.452563244831367 47.997
22.47526213102522 48.0221
22.49813925616515 47.9463
22.520839937143307 47.8834
22.543541513520587 48.1006
22.56624398629403 47.8524
22.589124730075895 47.9529
22.611829005656723 48.1871
22.63453418063466 47.9066
22.657240256008077 48.341
22.680124634582935 48.7494
22.70283252079775 49.7122
22.725541310413075 50.3024
22.74825100442868 50.8684
22.771139033969575 51.5593
22.79385054687155 51.2276
22.81656296718292 50.9729
22.83927629590484 50.8571
22.862167992606945 50.6571
22.88488314827121 50.7671
22.907599215359284 50.7395
22.93031619487366 51.0333
22.953211574954405 51.3402
22.975930389478226 52.0481
22.998650119445763 53.0147
23.02137076586092 54.2592
23.044269845560063 55.7692
23.06699233506288 57.0819
23.089715744034912 57.6124
23.112617610931565 56.8915
23.135342869061212 55.5356
23.158069049684816 53.1563
23.1807961538087 51.1019
23.20370174880544 49.8058
23.226430710184808 48.8724
23.249160598093425 48.586000000000006
23.271891413539002 48.6021
23.294800752937697 48.9559
23.31753343374794 49.9441
23.340267045128353 50.5665
23.36300158808808 51.2026
23.38591468821339 51.2291
23.408651104658304 51.3262
23.431388455719986 50.8961
23.454126742409 50.376000000000005
23.4770436196085 50.1161
23.499783787914662 50.3373
23.522524894889884 50.3168
23.54526694154616 50.2019
23.56818761219047 50.7364
23.59093154860734 51.2965
23.613676427751283 52.5753
23.636422250635754 53.6486
23.659346731118656 55.0782
23.68209445191868 56.6788
23.704843119509587 57.1787
23.72759273490623 56.5894
23.750521041644767 54.8896
23.77327256312355 52.5369
23.796025035462787 50.0574
23.818956224555475 47.9172
23.841710609113413 46.6673
23.86446594758979 45.8874
23.887222241002014 45.4124
23.910157285144578 45.0181
23.932915498962537 44.9565
23.955674670778713 44.8507
23.978434801611975 44.6602
24.001373717286125 44.2996
24.024135776723917 44.4237
24.046898798245582 44.2277
24.06966278287146 43.9463
24.092605586582614 43.7341
24.115371508023642 43.5859
24.1381383956401 43.5527
24.16090625045381 43.4321
24.183852958731244 43.295
24.206622758582608 43.2352
24.229393528706886 43.0264
24.252165270127392 43.2353
24.27511589952438 43.2615
24.297889594216997 42.8934
24.32066426328598 42.6713
24.34343990775613 42.5952
24.36639447485003 42.6851
24.38917208083877 42.7844
24.41195066531332 42.5741
24.43490819850244 42.5051
24.457688750692377 42.2155
24.48047028445616 42.2265
24.503252800821233 42.2784
24.526214300784112 42.3337
24.548998793132213 42.0813
24.57178427117417 42.1414
24.59457073593893 42.2506
24.617536219319863 42.2681
24.64032466834748 42.3382
24.663114107195035 42.3742
24.685904536893013 42.2704
24.708874020360852 42.3127
24.731666442613744 42.2996
24.754459858818787 42.2217
24.777254270007962 41.9445
24.80022777025625 41.8036
24.82302418230472 41.8678
24.845821592443674 41.9089
24.86862000170663 41.95
24.891597535453727 41.7887
24.914397953892728 42.0533
24.93719937456671 41.9382
24.96000179851076 42.0867
24.98298338249997 42.1354
25.00578782394922 42.1101
25.028593271784167 42.222
25.05157790644186 42.5322
25.07438537804115 42.6753
25.097193859145293 42.8149
25.120003350792075 42.9988
25.142992065061257 43.0771
25.165803588823465 43.058
25.18861612625217 43.2058
25.211429678386736 43.1246
25.234422489079968 43.453
25.257238081693636 43.7565
25.280054692141732 43.9793
25.3028723214652 43.9796
25.325869245420463 43.9249
25.348688923599397 43.6337
25.371509623787006 43.5657
25.394331347025812 43.4878
25.41733240110666 43.6645
25.440156181590016 44.0551
25.46298098826268 44.3909
25.48580682216873 44.3606
25.50881202326435 43.902
25.53163992281684 43.0897
25.55446885274561 42.3473
25.577298814096377 41.4549
25.600308179121807 41.044
25.623140214533745 40.8065
25.64597328451537 40.3691
25.66898578564376 40.1395
25.691820936010206 40.226
25.714657124097695 40.1217
25.737494350954734 40.2746
25.760511045684957 39.9801
25.783350361364224 40.1556
25.806190718969255 40.3554
25.82903211955018 40.5361
25.852053024868923 40.6111
25.874896522722523 40.5433
25.897741066713106 40.2943
25.920586657892454 40.3429
25.943611790812668 40.259
25.966459487728237 40.188
25.989308234998564 40.0345
26.01215803367705 40.1697
26.03518741123814 40.2249
26.05803932412957 40.1674
26.080892291600094 40.272
26.10374631470478 40.1361
26.12677995397268 40.4077
26.14963609978026 40.8053
26.172493304397875 40.8898
26.19535156888223 41.3267
26.218389486949604 41.3764
26.241249882640123 41.4633
26.26411134137826 41.1504
26.28715248187403 41.0802
26.31001607820869 40.6088
26.3328807407756 40.2781
26.35574647063438 40.4199
26.37879191991473 40.3326
26.401659795896734 40.1141
26.424528742360263 40.2012
26.447398760366614 40.2469
26.470448535598294 40.2648
26.49332070826805 40.1244
26.516193955675355 40.2829
26.53906827888316 40.2653
26.562122397260108 40.2583
26.584998883685063 40.4221
26.607876449110325 40.4428
26.63075509460056 40.4294
26.65381357334404 40.507
26.67669439061878 40.6644
26.699576291163382 40.9447
26.722459276044212 41.4103
26.745522132402975 41.6726
26.768407297649354 42.0235
26.791293550442003 41.8859
26.814180891848974 41.6153
26.837248143099337 41.1058
26.860137673466657 40.8332
26.88302829566349 40.3916
26.90592001075963 40.2448
26.92899167420566 40.0964
26.951885586870763 39.9323
26.974780595655517 39.7962
26.99785558178161 39.650999999999996
27.020752794605112 39.458
27.043651106772522 39.1509
27.06655051935668 38.8942
27.089629948036183 38.5598
27.112531573292053 38.4972
27.135434302194138 38.4567
27.158338135817015 38.333
27.181422024430987 38.3202
27.204328079372566 38.2207
27.22723524226965 38.333
27.250143514198573 38.4345
27.273231880156334 38.3571
27.296142382065014 38.1684
27.319053996245536 38.1466
27.341966723775965 38.1579
27.365059584515222 38.148
27.38797455070062 37.9637
27.410890633481237 37.786
27.433807833936918 37.9147
27.456905206923906 37.9176
27.47982465472398 37.9161
27.502745223449743 37.9188
27.525666914182825 37.9936
27.548768816912457 37.9135
27.571692763693633 37.8871
27.59461783573812 37.8104
27.617723149491244 37.9077
27.640650484125285 38.097
27.66357894728264 38.2357
27.686508540048052 38.2734
27.709618414237887 38.3076
27.732550278321757 38.1097
27.755483275279115 38.1001
27.778417406196485 38.0352
27.801531858397514 37.9543
27.824468269376716 37.8407
27.847405817586786 37.7156
27.870344504116094 37.7136
27.893463551932008 37.6534
27.916404527281053 37.8019
27.93934664422563 37.7412
27.962289903855886 37.6405
27.98541356491974 37.856
28.00835912214229 37.8348
28.03130582533231 37.8615
28.054253675581805 37.8448
28.077381967556104 37.8833
28.100332124185126 38.0013
28.123283431160893 38.1992
28.146235889577238 38.3356
28.169368830154156 38.6162
28.192323603752033 38.6527
28.215279532083304 38.5008
28.238415973016764 38.265
28.261374223145094 38.1102
28.284333631303806 37.8524
28.307294198589954 37.7108
28.330435319167677 37.528
28.353398217078915 37.3505
28.376362277420153 37.2391
28.39932750129032 37.010999999999996
28.422473319286713 36.8141
28.44544088262495 36.5934
28.468409612800283 36.3556
28.491379510913497 36.0174
28.51453004413313 35.8831
28.53750229057244 35.7626
28.56047570826344 35.6452
28.583450298308804 35.7728
28.606605564586562 35.419000000000004
28.629582511831156 35.4607
28.65256063474956 35.4827
28.675539934446338 35.4369
28.698699951647605 35.4226
28.72168161743193 35.0837
28.74466446331978 35.1089
28.767648490417624 34.9614
28.790813276438353 34.893
28.813799678527303 34.8355
28.836787265157085 34.8803
28.859955641890075 34.8426
28.882945610203045 34.8046
28.905936766392035 34.7754
28.928929111566863 34.7759
28.952102288520145 34.7138
28.975097024308607 34.5766
28.998092952423807 34.6331
29.021090073977508 34.7143
29.04426806913204 34.8482
29.067267590245258 34.7123
29.090268308143695 34.6225
29.11327022394099 34.5502
29.13645305530891 34.3637
29.159457379627167 34.297
29.18246290519685 34.0306
29.20546963313352 33.9144
29.22865731875826 33.9747
29.25166646419296 33.8884
29.27467681535305 33.71
29.29768837335608 33.7412
29.320880931312562 33.6832
29.34389491580634 33.6026
29.366910110507334 33.5969
29.38992651653503 33.6053
29.41312396492981 33.6972
29.436142806456754 33.5709
29.45916286268059 33.5041
29.48236399319994 33.607
29.50538649169417 33.6569
29.528410208259935 33.6017
29.55143514402014 33.4761
29.574641196749695 33.4927
29.597668583816574 33.4219
29.6206971934585 33.1282
29.64372702680042 33.1148
29.666938019934474 32.8632
29.689970313635285 32.7716
29.713003834422636 32.6333
29.73603858342347 32.4786
29.759254535188578 32.422
29.78229175361658 32.4539
29.80533020365064 32.5845
29.82836988641968 32.5319
29.85159081507472 32.4435
29.874632976355343 32.4213
29.89767637376955 32.4365
29.920721008448314 32.2801
29.9439469322847 32.2321
29.96699405457564 32.1043
29.9900424175358 32.2749
30.013092022298157 32.1284
30.03632295963995 31.9038
30.059375061131373 32.0658
30.08242840783577 32.0831
30.105483000888153 32.0518
30.128718970092244 31.9415
30.151776069006917 31.8139
30.17483441768648 31.9652
30.198074175317235 32.0046
30.221135036724256 31.9621
30.24419715131772 31.8934
30.267260520236203 31.7727
30.290505341942243 31.8489
30.313571232750228 32.0257
30.336638381310948 32.0196
30.35970678876503 32.0774
30.38295669299435 32.0038
30.40602763151657 31.9309
30.429099832366074 32.015
30.452173296685572 31.8732
30.47542830191959 31.7705
30.498504306502497 31.677
30.521581577995562 31.7618
30.544660117543582 31.6824
30.56792024229725 31.7359
30.59100133132069 31.5507
30.614083691845494 31.565
30.637167325018545 31.6611
30.660432587840603 31.6378
30.683518779717886 31.5016
30.70660624769615 31.6393
30.729694992924372 31.5774
30.75296541239743 31.6185
30.77605672557558 31.6077
30.799149319462742 31.6785
30.8224236211637 31.7944
30.845518789950724 31.8117
30.868615242910597 31.807
30.891712981195973 31.589000000000002
30.91499247215866 31.5947
30.938092794619365 31.5377
30.96119440587579 31.4707
30.984297307082752 31.3308
31.00758200598383 31.1812
31.030687500658694 31.0459
31.053794288760695 31.0431
31.076902371446767 30.9565
31.100192296997445 31.0987
31.12330298246119 30.8269
31.14641496599209 30.737
31.169528248749216 30.8144
31.19282341969534 30.7068
31.215939314557186 30.6904
31.239056512134788 30.6677
31.262175013589378 30.5822
31.28547544871168 30.4879
31.30859657161541 30.4706
31.331719001892175 30.4789
31.35484274070538 30.5632
31.378148458819545 30.4864
31.401274828443725 30.3573
31.424402510106933 30.39
31.447712205419993 30.5036
31.470842524931633 30.3391
31.493974159989783 30.2246
31.51710711176168 30.2991
31.54042212308802 30.3344
31.563557722100917 30.4405
31.586694641341655 30.4144
31.609832881979628 30.4017
31.63315322823208 30.4881
31.656294125521327 30.4207
31.679436347728515 30.3641
31.70257989602529 30.264
31.725905596152327 30.09
31.74905181052835 29.9352
31.772199354521323 29.8797
31.79534822930507 29.7765
31.818679302290967 29.7523
31.84183085259981 29.784000000000002
31.864983737233473 29.7192
31.88813795736804 29.7313
31.911474422233013 29.6533
31.934631327356435 29.618000000000002
31.9577895715215 29.6123
31.980949155906522 29.607
32.004291031706956 29.6194
32.027453310562606 29.6132
32.05061693318573 29.535999999999998
32.07396288236386 29.6099
32.09712920658542 29.5427
32.12029687812702 29.4468
32.14346589817093 29.4073
32.166817291729984 29.4493
32.18998902288583 29.4113
32.21316210610336 29.2164
32.23633654256711 29.1481
32.259693399663725 29.1034
32.282870556771144 29.0394
32.30604907069099 28.9341
32.329228942610065 28.9395
32.35259128243769 28.7759
32.375773884550505 28.6873
32.398957848235646 28.6976
32.422143174682176 28.6427
32.445511016471215 28.5352
32.468699082679954 28.3936
32.49188851523011 28.3474
32.51507931531304 28.3647
32.538452678331 28.4221
32.56164622776311 28.25
32.58484114831493 28.2263
32.60803744118015 28.1693
32.631416344731896 28.1974
32.654615396551876 28.2088
32.67781582427913 28.1797
32.701198898634416 28.0285
32.72440209253756 28.0481
32.747606665947124 27.9966
32.77081262006088 27.868000000000002
32.79420126883317 27.9015
32.81740999876112 27.8473
32.840620112999424 27.7256
32.86383161274818 27.7029
32.88722585534586 27.642
32.91044014056596 27.7185
32.933655814909734 27.7106
32.95687287957963 27.7142
32.98027273544904 27.5946
33.00349259526636 27.4768
33.026713849030116 27.566999999999997
33.04993649794511 27.5477
33.073341986570746 27.4682
33.09656744032826 27.4379
33.11979429286444 27.3736
33.14302254538647 27.3334
33.166433686291185 27.3495
33.18966475336992 27.2047
33.212897224069096 27.2019
33.23613109959831 27.2646
33.259547912343415 27.2261
33.2827846121627 27.3283
33.306022720453775 27.2805
33.32926223842861 27.1457
33.352684742614166 27.189
33.37592709463173 27.0927
33.399170859982064 27.1209
33.422597648419426 27.0569
33.44584425514446 26.9261
33.46909227885668 26.8704
33.4923417207723 26.8222
33.51577423505344 26.874000000000002
33.539026528130385 26.7161
33.56228024307245 26.6852
33.585535381098246 26.5988
33.60897364093058 26.5066
33.63223163992385 26.4592
33.6554910656699 26.3723
33.678751919389796 26.3741
33.702195944520106 26.3303
33.72545966903325 26.3685
33.74872482519663 26.1719
33.771991414233746 26.2058
33.79544122444841 26.1952
33.81871069412428 26.0285
33.84198160035767 26.0434
33.86525394437455 26.1007
33.88870955949969 26.0375
33.911984794020626 25.9779
33.93526147001624 25.9015
33.958539588715006 25.8803
33.98200102861669 25.8223
34.0052820477047 25.7629
34.02856451319451 25.7385
34.05203033759056 25.7203
34.07531571090147 25.8221
34.09860253431845 25.6727
34.121890809074316 25.5704
34.145362493118924 25.5986
34.16865368561615 25.4695
34.191946333164054 25.5001
34.21524043699793 25.447
34.23871800066799 25.4622
34.26201503218366 25.2895
34.28531352370466 25.3199
34.30861347646881 25.2425
34.33209693978188 25.1664
34.3553998301885 25.2038
34.378704185565205 25.1383
34.402010007152356 25.0801
34.42549939016683 25.0819
34.44880815937748 24.9522
34.472118398533134 24.9804
34.49543010887669 24.9208
34.51892543169198 24.9265
34.54224009966052 24.8646
34.56555624255917 24.9452
34.58887386163339 24.7924
34.61237514439016 24.6833
34.6356957311114 24.6897
34.65901779775809 24.7144
34.68252356662995 24.6142
34.705848608458616 24.587
34.72917513396849 24.5487
34.75250314440949 24.5309
34.77601490857862 24.4268
34.799345904259795 24.4023
34.82267838863559 24.4473
34.846012362958525 24.3798
34.869530142679984 24.3282
34.89286711232212 24.2841
34.91620557568269 24.2877
34.93954553401677 24.1818
34.9630693495876 24.1472
34.986412313340814 24.2066
35.00975677584668 24.22
35.033102738362956 24.1329
35.05663261012228 24.0028
35.0799815881786 24.0746
35.10333207003229 24.0265
35.12668405694369 23.936
35.150220005273056 23.9855
35.17357501786656 23.9573
35.19693153931268 23.8775
35.220289570874385 23.8418
35.24383161619786 23.8394
35.267192683604904 23.7692
35.290555264930376 23.8182
35.314101899412165 23.7384
35.33746752422433 23.7037
35.36083466676374 23.6664
35.38420332829803 23.7246
35.407756095629054 23.6244
35.43112781085063 23.6314
35.45450104888391 23.529
35.477875810999194 23.5558
35.50143473172161 23.5451
35.52481255774625 23.5907
35.54819191167777 23.4551
35.57157279478914 23.522
35.595137889488406 23.4579
35.61852184675279 23.4372
35.641907337029984 23.4025
35.665294361595684 23.4304
35.68886565090076 23.3685
35.7122557598848 23.2864
35.73564740699838 23.2639
35.759040593519934 23.2138
35.78261809810353 23.147
35.80601437933051 23.0217
35.829412203814705 23.0828
35.85281157283719 23.0744
35.876395313415884 22.9824
35.8997977874528 22.9075
35.92320180988546 22.8968
35.946790244133936 22.8198
35.97019737933222 22.8196
35.993606066789866 22.8673
36.01701630779276 22.7251
36.04061101440684 22.6872
36.06402437852291 22.7374
36.08743930005611 22.6853
36.1108557802951 22.6101
36.13445678011326 22.6523
36.15787639383515 22.5235
36.18129757014299 22.6184
36.20472031032821 22.5015
36.22832762423364 22.3676
36.25175350829375 22.4096
36.275180960119776 22.3509
36.298609981005924 22.3716
36.32222362992669 22.3379
36.34565580510207 22.3565
36.36908955323448 22.33
36.39252487562093 22.194000000000003
36.416144880530226 22.197
36.43958336764275 22.0676
36.463023432914625 22.1686
36.486465077645676 22.101
36.51009145956204 22.1174
36.53353627947859 22.1418
36.55698268276811 22.0848
36.58043067073321 22.0042
36.60406345072071 21.9208
36.62751462435344 21.9365
36.65096738658405 21.8991
36.67460498210655 21.7824
36.69806093788647 21.8217
36.72151848619297 21.7619
36.744977628333636 21.8295
36.76862165890998 21.738000000000003
36.79208400512205 21.8088
36.81554794910557 21.7093
36.83901349217101 21.6616
36.862663978991606 21.6088
36.88613273667352 21.572
36.90960309738324 21.5623
36.933075062434064 21.5278
36.95673202673572 21.5132
36.98020721697122 21.4176
37.003684015502365 21.3009
37.027162423645365 21.3456
37.050825886711465 21.340999999999998
37.07430753063053 21.2716
37.09779078812467 21.1829
37.121275660513014 21.1999
37.144945643673694 21.1431
37.16843376245278 21.1713
37.19192350009803 21.2071
37.215414857931435 21.0591
37.239091382563885 21.0089
37.262585997426164 21.0117
37.28608223645736 20.9439
37.309763684451696 20.9065
37.33326318851098 20.9073
37.356764320726555 20.8717
37.380267082425526 20.8625
37.40395510942588 20.8816
37.42746114683234 20.7306
37.45096881771841 20.6792
37.474478123414166 20.7012
37.49817275092816 20.7356
37.52168534303452 20.7112
37.54519957395567 20.6144
37.568715445024665 20.5675
37.592416694607714 20.5535
37.61593586281424 20.5055
37.63945667518264 20.5544
37.66297913304891 20.5212
37.68668702630454 20.4914
37.710212792059274 20.3564
37.733740207334854 20.3709
37.757269273470364 20.3173
37.780983832050374 20.3041
37.80451621684926 20.3544
37.82805025654007 20.2337
37.851585952464795 20.2007
37.8753071980695 20.2055
37.89884622345676 20.1157
37.92238690911902 20.117
37.94611318753442 20.0415
37.969657210779765 20.0372
37.99320289834801 20.0048
38.016750251586465 19.9719
38.04048325513017 19.9553
38.06403395679343 19.8957
38.087586328183946 19.8459
38.11114037065203 19.8358
38.13488012115898 19.8527
38.1584375229181 19.7687
38.181996599821 19.7318
38.205557353221124 19.6563
38.229303872575656 19.6918
38.2528679961576 19.6386
38.27643380031219 19.6032
38.30000128639589 19.6216
38.32375459653193 19.5855
38.34732546371299 19.5798
38.37089801690786 19.5025
38.39447225747609 19.507
38.418232380377425 19.3918
38.441810012983396 19.3543
38.46538933705673 19.3798
38.488970353960084 19.3321
38.51273731166058 19.3009
38.536321731567014 19.2913
38.55990784840681 19.2316
38.58367995004091 19.2038
38.60726947812959 19.149
38.63086070726198 19.1595
38.654453638806274 19.1219
38.678232613930824 19.0733
38.70182896773327 19.0036
38.72542702806741 19.0285
38.7490267963045 19.0595
38.77281266709232 18.9672
38.79641586862214 18.9248
38.8200207821842 18.913
38.843627409152944 18.9536
38.86742019782782 18.8603
38.891030269149255 18.8207
38.914642058016156 18.7941
38.938255565806124 18.7966
38.96205529464307 18.7725
38.98567225787121 18.7629
39.00929094417078 18.7329
39.03291135492255 18.6511
39.05671804624804 18.6566
39.080341923549106 18.5425
39.103967529460334 18.5571
39.127594865365744 18.4927
39.15140854155791 18.494
39.17503935514948 18.4333
39.19867190290282 18.4321
39.22249083587951 18.4186
39.24612686969409 18.3957
39.269764641845306 18.4027
39.293404153722804 18.3013
39.317230110864074 18.2623
39.34087311998506 18.2346
39.36451787301696 18.2663
39.388164371352595 18.1914
39.41199737518003 18.1911
39.43564738196752 18.1268
39.45929913825317 18.0953
39.48295264543308 18.0906
39.506792718520884 18.0575
39.530449745387216 18.0058
39.55410852735203 18.0175
39.57776906581474 18.057000000000002
39.60161623079 17.9945
39.625280300200025 17.9557
39.64894613032202 17.8913
39.67261372255866 17.8815
39.6964680021016 17.8461
39.72013913657293 17.8315
39.74381203738292 17.798
39.76748670593756 17.7471
39.79134812278169 17.7434
39.81502634488497 17.6893
39.83870633896685 17.644000000000002
39.862388106436654 17.6047
39.88625668336918 17.6347
39.90994201572829 17.6408
39.933629125719285 17.6018
39.957503091207826 17.5282
39.9811937746168 17.6077
40.00488623990914 17.5073
40.02858048850006 17.4225
40.05246165409549 17.4253
40.076159487492085 17.3641
40.099859108448875 17.3668
40.123560518384345 17.3447
40.1474489070226 17.3147
40.171153913178564 17.2733
40.194860712584955 17.221
40.2185693066637 17.24
40.242464941335314 17.2053
40.26617714307655 17.1717
40.289891143772046 17.1799
40.3136069448471 17.1534
40.33750984859743 17.0973
40.3612292688043 17.0797
40.3849504936829 16.9856
40.40867352466194 17.0614
40.43258372059144 17.0032
40.45631038219906 17.0264
40.48003885420956 16.9292
40.503769138055105 16.9036
40.52768664931955 16.8659
40.55142057531802 16.9173
40.57515631746428 16.8268
40.599079334038514 16.8147
40.62281872700477 16.7262
40.64655994043941 16.7063
40.67030297578061 16.6901
40.69423334835778 16.7281
40.71798004609188 16.7229
40.74172857006355 16.6689
40.76547892171441 16.6371
40.7894166736039 16.6291
40.813170699248566 16.5924
40.83692655691388 16.52
40.86068424804498 16.5354
40.884629402612525 16.5352
40.908390779366385 16.5045
40.932153993938 16.523
40.95591904777605 16.3949
40.979871628443995 16.4257
41.003640379561936 16.3684
41.02741097430883 16.3162
41.05118341413683 16.3072
41.075143444384416 16.2988
41.098919593177826 16.2769
41.1226975914255 16.262
41.14647744058318 16.2454
41.170444943946755 16.1855
41.19422851378379 16.1831
41.218013938914645 16.0875
41.24198706625173 16.0416
41.26577622087193 16.0643
41.289567235177785 16.0436
41.31336011063129 16.0315
41.337340752422875 15.9258
41.361137369129835 15.9567
41.38493585138705 15.9899
41.40873620066004 15.8512
41.43272438060107 15.8891
41.45652848292052 15.8897
41.48033445666918 15.7881
41.50414230331616 15.7868
41.528138045159764 15.8044
41.551949656675205 15.6932
41.575763145513235 15.6705
41.59957851314666 15.7386
41.62358184070442 15.6707
41.64740098505737 15.6075
41.6712220126409 15.5439
41.69504492493139 15.5675
41.71905586207357 15.5471
41.74288256296395 15.5387
41.766711153007456 15.5561
41.79054163368412 15.4923
41.814560204340054 15.4746
41.838394485526365 15.4372
41.86223066180303 15.3609
41.88625497706819 15.2955
41.910094962812 15.3237
41.93393684811168 15.2889
41.95778063445365 15.2623
41.981812625263366 15.2948
42.00566023303407 15.2771
42.029509746323676 15.2374
42.05336116662236 15.1854
42.077400857069705 15.225
42.10125611078846 15.1961
42.12511327600405 15.1403
42.14897235421036 15.099
42.173019768448455 15.0529
42.19688269209613 15.0155
42.22074753323349 14.965
42.24461429335818 14.9991
42.268669455600495 14.9755
42.292540073217886 14.9793
42.31641261433284 14.9298
42.34028708044675 14.8873
42.36435001496739 14.8584
42.38822835065557 14.8219
42.41210861586426 14.8292
42.4359908120986 14.770999999999999
42.46006154323262 14.7722
42.48394762115317 14.7379
42.507835634632315 14.7497
42.531912233047436 14.6637
42.55580413732265 14.6336
42.579697981698 14.6004
42.60359376768525 14.559000000000001
42.62767820545945 14.5558
42.65157789440821 14.584000000000001
42.67547952952185 14.5557
42.699383112316 14.5459
42.72347541395347 14.4273
42.74738291190531 14.42
42.771292362102166 14.4515
42.795203766063516 14.3878
42.819303956130405 14.3755
42.843219287476536 14.3944
42.86713657716324 14.3573
42.89105582671383 14.3237
42.91516392983864 14.2946
42.939087119032166 14.2738
42.963012272677304 14.2664
42.98693939230129 14.164000000000001
43.01105543317513 14.1626
43.034986504731386 14.1645
43.05891954686589 14.1497
43.08285456110972 14.1722
43.10697856448665 14.1405
43.130917542983475 14.05
43.15485849820081 14.1026
43.17880143167367 13.9995
43.20293342237094 13.9748
43.226880332449 13.9698
43.25082922540554 14.0203
43.27496722682525 13.972999999999999
43.29892010567796 13.8715
43.32287497204102 13.897
43.34683182745632 13.8388
43.370977859791836 13.8001
43.39493871351105 13.8381
43.41890156092628 13.875
43.44286640358341 13.7831
43.46702049182749 13.7529
43.49098934522816 13.7178
43.51496019852649 13.692
43.5389330532723 13.645
43.56309522248204 13.6494
43.58707210044314 13.6554
43.61105098451946 13.5998
43.63503187626491 13.5545
43.659202151562134 13.5597
43.68318707902681 13.5534
43.70717401884041 13.5712
43.731162972560874 13.4719
43.75534137913236 13.4318
43.779334381108384 13.4278
43.803329401683186 13.4201
43.82732644241872 13.4013
43.8515130055166 13.3884
43.87551410707659 13.3176
43.89951723350145 13.3528
43.923709934595614 13.2859
43.94771713129917 13.2878
43.97172635758096 13.2613
43.99573761501002 13.2202
44.0199385169922 13.2044
44.04395385732619 13.1459
44.067971233533086 13.1491
44.09199064718605 13.1386
44.11619977548961 13.1111
44.14022328470671 13.0963
44.16424883610785 13.1337
44.18827643127035 13.0953
44.21249381139513 13.0666
44.236525514814076 12.9964
44.26055926674478 12.964
44.28459506876863 12.9996
44.3088207262813 12.9145
44.33286064928722 12.9446
44.35690262714919 12.8854
44.38094666145278 12.8205
44.4051806219871 12.8729
44.42922879003185 12.8024
44.45327901929361 12.7623
44.477331311362136 12.7923
44.501573600619416 12.7495
44.525630039221795 12.7045
44.54968854541895 12.7355
44.573937102200176 12.7146
44.5979997645541 12.6696
44.622064499300315 12.6414
44.64613130803592 12.6173
44.67038823869318 12.6163
44.69445921643748 12.5746
44.718532272981385 12.5333
44.742607409926194 12.5282
44.76687274034801 12.5363
44.79095205918753 12.5042
44.81503346325094 12.5074
44.839116954143876 12.4665
44.86339071028742 12.4399
44.88747839599524 12.4173
44.91156817336837 12.3498
44.93566004401666 12.3778
44.959942251908146 12.335
44.984038330325966 12.3035
45.00813650686762 12.2603
45.03223678314731 12.2912
45.05652746888232 12.2517
45.08063196592069 12.2129
45.104738567558705 12.1497
45.128847275414856 12.1934
45.15314646515866 12.1424
45.17725940679741 12.1256
45.20137445952892 12.1087
45.22568004865265 12.095999999999998
45.24979934496396 12.0622
45.27392075725247 12.0531
45.29804428714431 12.0587
45.322358426247604 12.0023
45.346486212804315 11.950999999999999
45.370616121861914 11.9721
45.39474815505086 11.954
45.41907087049246 11.9016
45.4432071734666 11.8895
45.46734560548283 11.9036
45.49148616817604 11.8353
45.51581748638564 11.8336
45.5399623320197 11.7958
45.56410931325473 11.8319
45.58825843173002 11.8236
45.61259837920865 11.7355
45.636751793816 11.7929
45.66090735060093 11.7508
45.68506505120716 11.679
45.7094136545275 11.6481
45.73357566449271 11.6023
45.75773982322992 11.6262
45.78190613238733 11.6105
45.806263418194064 11.5497
45.83043404997326 11.5795
45.85460683713677 11.5454
45.87897065658495 11.5086
45.90314777634752 11.4859
45.92732705646868 11.508
45.9515084986045 11.4704
45.97588104735473 11.4831
46.00006683541565 11.4431
46.02425479047904 11.4288
46.04844491420549 11.3808
46.0728262191024 11.362
46.09702070211635 11.409
46.12121735879483 11.3174
46.14541619080294 11.3119
46.169806278764455 11.3189
46.194009483459034 11.3125
46.21821486849841 11.2648
46.24242243555223 11.235999999999999
46.266821333570014 11.2081
46.29103328674601 11.2321
46.31524742696538 11.1538
46.33946375590237 11.1584
46.36387149104216 11.1598
46.38809221957392 11.0639
46.41231514186606 11.0886
46.436540259597464 11.0852
46.460956858999374 11.0377
46.48518638983522 11.0453
46.509418121166966 11.0152
46.533652054678114 11.0021
46.55807754555709 10.9476
46.58231590571962 10.932
46.60655647313217 10.8799
46.630988654873654 10.8593
46.655233659129024 10.8664
46.67948087571551 10.8614
46.70373030632484 10.8143
46.72817142736393 10.8306
46.752425308428684 10.8141
46.77668140861147 10.7926
46.80093972960865 10.7756
46.82538981736788 10.7354
46.849652602470904 10.6959
46.87391761349769 10.6956
46.8981848521493 10.6835
46.9226439341274 10.675
46.946915650573224 10.6251
46.97118959976749 10.6298
46.99546578341598 10.5798
47.019933887188216 10.6086
47.04421456235744 10.5844
47.06849747711879 10.5618
47.09278263318286 10.5254
47.11725978640143 10.4829
47.14154944775105 10.4745
47.165841355555656 10.4701
47.1901355115306 10.4172
47.214621741924994 10.437999999999999
47.23892041698887 10.411
47.26322134538975 10.3699
47.28771440635075 10.3532
47.31201986422527 10.3198
47.33632758061436 10.3122
47.360637557241866 10.2938
47.38513974410611 10.3304
47.40945426407847 10.3048
47.43377104948137 10.2669
47.45809010204344 10.2237
47.48260144275502 10.2164
47.506925052572285 10.2058
47.53125093475548 10.1787
47.55557909103813 10.1432
47.58009961361992 10.1318
47.60443234110732 10.1092
47.62876734791564 10.1
47.65310463578333 10.1121
47.6776343683373 10.1016
47.7019762413987 10.0512
47.72632040075572 10.025
47.75066684815169 10.004
47.77520581885936 10.006
47.799556865477655 9.97194
47.823910205386 9.98473
47.84826584033272 9.91947
47.87281407745551 9.90191
47.89717432569297 9.90333
47.92153687423484 9.89439
47.94609208429692 9.87205
47.97045925671401 9.84667
47.99482873471275 9.82588
48.01920052005013 9.80425
48.04376504619224 9.77542
48.068141469543484 9.79527
48.09252020552573 9.7715
48.11690125590099 9.73202
48.1414751266064 9.74691
48.16586082917454 9.75005
48.19024885144316 9.70784
48.2146391951793 9.6903
48.239222439012764 9.66169
48.26361744916137 9.65289
48.28801478610016 9.62365
48.31241445160131 9.62429
48.337007097209366 9.57846
48.36141144338331 9.55894
48.38581812345755 9.55873
48.41022713920929 9.54396
48.434829215320704 9.51327
48.45924292604658 9.54209
48.48365897780325 9.525689999999999
48.50807737237308 9.48612
48.532688907799276 9.43768
48.55711201168574 9.4437
48.581537463754074 9.43267
48.60615611725119 9.419989999999999
48.63058628942721 9.36924
48.65501881516546 9.4066
48.6794536962573 9.35277
48.70408185970339 9.350710000000001
48.72852147531801 9.3248
48.75296345168211 9.27932
48.77740779059232 9.28032
48.80204549302823 9.30759
48.82649458091802 9.267389999999999
48.85094603676547 9.233260000000001
48.87539986237231 9.20449
48.90004713292306 9.18259
48.92450572200832 9.17458
48.94896668628025 9.17543
48.97343002754588 9.16669
48.99808689542115 9.13799
49.02255501470614 9.12871
49.04702551642794 9.10138
49.0714984023988 9.09657
49.096164896893235 9.0882
49.120642575466796 9.04265
49.145122643748394 9.060319999999999
49.16960510355558 9.02288
49.19428125404938 9.0153
49.2187685210852 8.99516
49.243258185121555 8.943480000000001
49.26794160167084 8.9049
49.2924360839405 8.939689999999999
49.31693296869764 8.91173
49.34143225776915 8.8708
49.36612538195438 8.85435
49.39062950396021 8.8474
49.41513603578346 8.8524
49.4396449792564 8.81964
49.46434784069503 8.80017
49.488861631846454 8.77778
49.513377840166804 8.76732
49.537896467493745 8.79321
49.56260909589029 8.73167
49.587132585683285 8.71283
49.611658500018365 8.71165
49.636186840738596 8.68554
49.66090926588511 8.64737
49.685442483902584 8.651660000000001
49.70997813385706 8.6273
49.734516217597076 8.57047
49.75924846937352 8.57245
49.7837914452858 8.59274
49.80833686055187 8.566360000000001
49.83288471702571 8.53549
49.85762682540054 8.56104
49.882179588965734 8.52856
49.9067347993235 8.537560000000001
49.93129245833333 8.51027
49.95604445336378 8.50387
49.98060703442832 8.4757
50.005172069746266 8.465019999999999
50.02993150438364 8.44389
50.05450147301533 8.43545
50.07907390151433 8.387080000000001
50.10364879174981 8.40983
50.12841816587289 8.34586
50.1529980044635 8.36838
50.17758031042124 8.32953
50.20216508562089 8.34044
50.22694442953363 8.31867
50.25153416817468 8.264389999999999
50.27612638170508 8.28472
50.300721072005196 8.27246
50.325510416102105 8.23802
50.350110084975064 8.22145
50.37471223628208 8.22258
50.39931687190919 8.22856
50.424116246675766 8.19563
50.44872587605249 8.14621
50.47333799543065 8.15972
50.49795260670191 8.16085
50.52276204271512 8.125810000000001
50.54738166295838 8.11247
50.57200378079314 8.10005
50.596628398116835 8.05557
50.62144792604559 8.04813
50.646077567609396 8.07115
50.670709714377715 8.05524
50.69553683636198 8.0293
50.72017401885922 7.99185
50.7448137122895 7.9658
50.76945591856022 7.993460000000001
50.79429318636823 7.94008
50.818940443716784 7.97805
50.84359021965163 7.9511199999999995
50.868242516085964 7.9321
50.893089960641895 7.89715
50.917747323549435 7.878439999999999
50.94240721271973 7.8699699999999995
50.96706963007175 7.8301
50.99192728239342 7.8127
51.01659478166073 7.8282300000000005
51.04126481489051 7.776560000000001
51.06593738400761 7.747789999999999
51.090805275207074 7.7587
51.11548294172845 7.75563
51.14016314993547 7.7497
51.164845901758845 7.723389999999999
51.18972406304274 7.705889999999999
51.21441192780656 7.6726
51.23910234200271 7.68357
51.2637953075678 7.65422
51.288683770237945 7.644310000000001
51.31338186432707 7.612830000000001
51.33808251561888 7.60998
51.362978729967345 7.59192
51.387684521509755 7.59673
51.41239287610203 7.5856
51.437103795691165 7.53903
51.46201036644977 7.49932
51.486726441956634 7.487589999999999
51.51144508832545 7.50197
51.536166307509156 7.51927
51.56108326624387 7.47974
51.58580965706056 7.477869999999999
51.61053862657523 7.45253
51.635270176746864 7.4059
51.66019755512065 7.403460000000001
51.68493429268881 7.3837600000000005
51.70967361681515 7.39317
51.73441552946465 7.3828
51.759353359237934 7.3636800000000004
51.7841004750961 7.36327
51.80885018539685 7.3086899999999995
51.833602492111254 7.299760000000001
51.8585508051424 7.296760000000001
51.883308330926425 7.3
51.90806845906181 7.2487699999999995
51.932831191525715 7.22116
51.95779001977161 7.17357
51.98255798721516 7.20449
52.00732856494335 7.203119999999999
52.03229530577543 7.17192
52.057071130455945 7.1432
52.081849571391054 7.146139999999999
52.106630630568695 7.125
52.13160794279417 7.09978
52.15639426492067 7.0906199999999995
52.18118321127822 7.11338
52.205974783860896 7.05461
52.23096269971011 7.09293
52.255759551287994 7.053889999999999
52.280559035098186 7.004630000000001
52.30536115314103 7.00592
52.33035970494467 7.02911
52.35516711807904 6.993060000000001
52.37997717147198 6.95973
52.40478986713005 6.98014
52.42979908731974 6.96744
52.454617094216 6.938610000000001
52.47943774942214 6.89094
52.50426105495102 6.8847
52.529280976059844 6.88092
52.554109609024096 6.8474699999999995
52.57894089837482 6.87581
52.60377484613117 6.8438
52.62880550079408 6.823110000000001
52.65364479223379 6.7995399999999995
52.67848674816189 6.8017199999999995
52.70352547971946 6.79679
52.72837279155837 6.748069999999999
52.753222773982785 6.7438
52.778075429022984 6.729769999999999
52.80312495150885 6.7197
52.827982978797436 6.67932
52.85284368481815 6.67046
52.87770707160767 6.70395
52.90276741793998 6.71488
52.92763619336701 6.6741399999999995
52.952507655698504 6.61643
52.977381806977576 6.63908
53.00245301017842 6.62535
53.02733256653592 6.62743
53.052214817996074 6.57972
53.077099766608484 6.53736
53.102181859804446 6.53545
53.127072229988265 6.5636
53.15196530349892 6.49642
53.17686108239249 6.50324
53.20195409881522 6.50729
53.22685531582556 6.51644
53.25175924441303 6.4932099999999995
53.27666588664027 6.490130000000001
53.30176985962693 6.455509999999999
53.3266819565689 6.4118699999999995
53.35159677336455 6.43432
53.376514312083096 6.44913
53.40162927507703 6.39844
53.42655228516116 6.40015
53.45147802340193 6.40064
53.47660125628886 6.35663
53.50153247842639 6.3251800000000005
53.52646643496923 6.3167
53.55140312799818 6.3064
53.576537409691696 6.31979
53.60147960336152 6.30716
53.626424539786164 6.2718
53.65137222105307 6.24065
53.67651758529126 6.23013
53.70147078399681 6.20645
53.72642673383343 6.20999
53.75138543689533 6.22315
53.776541917524526 6.18478
53.801506154876755 6.20205
53.826473151763246 6.17085
53.851442910284916 6.13258
53.87661054126026 6.1344
53.9015858509782 6.11394
53.92656392866066 6.08867
53.95154477641532 6.06694
53.976723591801296 6.0525199999999995
54.00171000771266 6.02904
54.02669920004598 6.03235
54.051691170915745 6.04475
54.076881204886796 6.00893
54.101878760928514 6.00336
54.12687910187696 5.98531
54.152077577768296 5.99579
54.1770835166946 5.9301699999999995
54.20209224691339 5.924919999999999
54.22710377055121 5.8699900000000005
54.25231352511594 5.87838
54.27733066384342 5.841419999999999
54.30235060239643 5.91338
54.32737334290836 5.88631
54.35259441062629 5.78766
54.377622783395324 5.85858
54.40265396455061 5.79805
54.42768795623251 5.77463
54.45292037169559 5.74031
54.477960012857906 5.72882
54.50300247099511 5.7268099999999995
54.52804774825457 5.70374
54.55329154616743 5.6365099999999995
54.57834249018678 5.60649
54.6033962597977 5.5681199999999995
54.6284528571545 5.55649
54.653708072335164 5.50928
54.67877035378786 5.54788
54.70383546947698 5.54678
54.72890342156389 5.55125
54.7541700889442 5.49897
54.77924374251975 5.46852
54.8043202390049 5.4777
54.82959552413022 5.40859
54.8546777351945 5.392580000000001
54.87976279569621 5.38778
54.90485070780914 5.40129
54.930137506558005 5.34669
54.95523115074295 5.3593
54.98032765308844 5.28367
55.005427015775496 5.26194
55.03072536339621 5.216880000000001
55.05583047570572 5.23169
55.080938454927676 5.22115
55.10604930325027 5.171869999999999
55.131359235107396 5.15714
55.15647585066083 5.10723
55.181595341907496 5.1233900000000006
55.20671771104285 5.06198
55.232039262617704 5.102930000000001
55.25716741665048 5.00669
55.28229845518636 5.03187
55.30743238042802 4.99792
55.33276558731939 4.9541900000000005
55.357905315183636 4.96555
55.383047936390035 4.90261
55.40819345314859 4.86659
55.433538351073295 4.87614
55.458689688238415 4.86279
55.483843927614096 4.848730000000001
55.509197623043605 4.7941
55.53435769621134 4.76206
55.55952067826466 4.76484
55.5846865714265 4.74075
55.61005202069737 4.688680000000001
55.63522376553902 4.73263
55.66039842818645 4.67663
55.68557601087004 4.7333
55.7109532500271 4.64864
55.73613670233794 4.70832
