TT I
1.2716486653135266 7.7929699999999995
1.2939594142134223 7.59465
1.3162702121660406 6.94976
1.3385810600174564 7.09399
1.3608919586137629 6.8681
1.383202908801069 6.49531
1.405513911425503 5.8477
1.4278249673332093 6.00478
1.4501343378461518 5.80395
1.4724455028545926 6.29176
1.4947567236847858 5.82711
1.517068001182951 6.552980000000001
1.5393793361953272 6.46371
1.5616907295681737 5.77409
1.5840021821477681 4.9898
1.60631369478041 5.123480000000001
1.6286252683124185 5.14231
1.6509369035901333 4.74645
1.6732468618895553 4.80365
1.695558623192809 5.2831
1.7178704487808514 5.39246
1.7401823395001077 5.023219999999999
1.7625012545597203 5.142530000000001
1.7848028405262486 5.59931
1.8071218901122095 4.8071
1.8294236121921872 4.878419999999999
1.8517427996910911 4.71574
1.8740620574440425 5.30235
1.8963639900671978 4.60841
1.9186833908139995 4.78111
1.9409854680117449 5.00611
1.9633050151394713 4.62327
1.9856246367570705 4.68746
2.0079269371922672 4.87136
2.03024671027244 4.759469999999999
2.0525491637446027 4.5136199999999995
2.074869091674931 4.24035
2.097171701569106 4.22898
2.1194917877373847 4.7626
2.141811954326636 5.31634
2.164114805233074 4.92512
2.186435135143035 5.8285800000000005
2.208738150935709 9.656410000000001
2.231058647554722 18.0468
2.2533792288321184 13.8472
2.275682498336085 7.6037300000000005
2.298003251406138 5.39714
2.3203066942619714 5.601319999999999
2.3426276225136022 4.52015
2.3649486396617507 5.37659
2.387252348930071 5.70636
2.4095735463442893 5.64026
2.4318774374315884 5.19947
2.4541988185014043 5.41775
2.476502894794693 6.2677
2.498824462909887 6.0854
2.521146125856138 6.28285
2.5434504863470337 6.2552
2.5657723414244717 6.903760000000001
2.588076895590662 7.290660000000001
2.610398946189713 6.756689999999999
2.6327210958598384 7.32919
2.6550259469304716 7.020589999999999
2.6773482972090137 7.8457
2.6996533504259 7.285889999999999
2.7219759047039602 7.302460000000001
2.744298562293959 7.862189999999999
2.7666039251246595 7.41546
2.7889267918020164 7.3848
2.8112323652516555 7.32757
2.833555444408179 7.9070800000000006
2.8558786311183852 8.70407
2.8781845268938557 8.15173
2.9005079311721484 8.9011
2.9228140460410397 8.85326
2.9451376712799635 9.64969
2.967444008632326 9.64816
2.9897678582247247 9.94013
3.0120918213106695 10.1859
3.0343984987899373 10.808
3.0567226913198637 10.9587
3.079029599759726 11.5742
3.101354025127254 12.3636
3.123678568232338 12.9404
3.145985829517914 12.9126
3.16831061055229 13.4181
3.1906181112775593 14.1133
3.212943133635653 14.9609
3.2352682779763207 14.9825
3.2575761442691227 15.1369
3.2799015350264273 15.9328
3.302209649240067 16.4521
3.3245352898092655 16.7672
3.3468436553365257 17.605
3.369169549113219 18.0499
3.3914955708171384 18.8179
3.413804319727358 18.8959
3.4361305997334863 19.2531
3.4584396084414553 19.6411
3.4807661501462652 20.4905
3.503092824025881 20.7712
3.5254022288463154 20.8972
3.5477291695206588 21.3458
3.5700388426251948 22.7582
3.5923660534916446 23.8087
3.6146934007816114 33.0809
3.637003482731501 62.0607
3.6593311053109985 66.7621
3.681641464033634 43.0238
3.7039693653009733 28.7189
3.726297407241705 26.318
3.7486081875460804 25.7412
3.7709365132734978 25.8859
3.793247578841633 26.4618
3.8155761917550093 26.9212
3.8378875459837216 27.1173
3.8602164494827234 27.7086
3.882545499606844 28.6812
3.9048572932539183 29.3092
3.9271866390645718 29.6289
3.9494987298666713 30.1261
3.971828374764527 30.5021
3.9941581705403255 31.5521
4.016470713506008 32.0309
4.038800813471445 32.6853
4.061113662089144 33.2668
4.0834440696459176 33.9585
4.105774632334751 34.4381
4.128087945865126 35.105
4.150418821249301 35.9712
4.172732448931298 37.2375
4.195063640413578 38.9615
4.2173775856475215 42.3054
4.239709096631102 62.4649
4.262040768704612 157.559
4.284355196706267 197.44
4.306687193387355 135.282
4.329001947444346 65.5764
4.35133427213731 47.2582
4.373666762177566 44.7229
4.395982011761091 45.1987
4.418314834921175 45.9879
4.44063041906622 50.9002
4.4629635787515625 57.9682
4.4852969080429785 58.0434
4.5076130004776225 53.8209
4.529946671403969 53.7787
4.552263106909177 53.1712
4.574597122877047 53.1918
4.596931312711224 54.2621
4.619248269273446 54.5745
4.6415828092605835 55.95399999999999
4.663900117405352 57.0142
4.686235010953232 58.4046
4.708552674085913 59.4612
4.730887924602802 61.388000000000005
4.753223354952695 63.2671
4.775541557023902 64.6839
4.797877349456786 66.5306
4.820195915032126 68.1483
4.842532072957498 69.4042
4.864868414979744 72.0254
4.88718753227192 74.5636
4.909524244902505 76.4204
4.931843734218147 78.3841
4.954180820867835 80.9843
4.976518095879839 84.2186
4.998838149695359 87.8094
5.021175803844231 91.302
5.043496238205739 95.2198
5.065834274903528 99.834
5.088172504230693 106.22200000000001
5.1104935158799565 114.524
5.132832132875765 135.376
5.155153533596801 172.649
5.1774925416746225 231.49900000000002
5.199814334878411 543.698
5.2221537374521505 1498.34
5.244493338631803 3582.27
5.266815727034316 7392.1
5.289155727832427 11120.3
5.311478517248165 8861.31
5.333818921080011 3577.65
5.356159527788849 800.337
5.3784829252032536 231.533
5.400823940070432 162.621
5.423147747031976 139.833
5.445489173474152 127.77799999999999
5.467830807066149 121.94
5.490155234831516 117.40899999999999
5.512497285125229 112.406
5.534822130975162 109.464
5.557164601388673 106.75
5.579489868738879 103.598
5.601832762690846 102.256
5.6241758697774475 101.288
5.646501775867269 100.444
5.668845311622074 98.9733
5.691171647754637 98.3409
5.713515615597765 97.4663
5.735859800852677 96.4829
5.758186788542988 96.3571
5.780531411018185 97.1795
5.802858837297399 96.2329
5.825203900414495 96.6125
5.8475491852224 98.0203
5.869877275883075 98.2128
5.892223006467101 99.3886
5.914551544266608 101.04899999999999
5.936897724049891 104.788
5.959244129804903 114.3
5.981573344815301 148.592
6.0039202049061 294.601
6.026249875609095 635.682
6.04859719346037 1259.17
6.070927323278297 2319.67
6.093275102315365 3988.02
6.115623113320588 4681.45
6.137953938319995 3403.33
6.160302415650845 1232.09
6.182633708324452 308.57599999999996
6.2049826554078376 131.129
6.227331838745022 100.71
6.249663839443684 90.6079
6.27201349767565 85.6513
6.294345974611799 87.7489
6.316696111167083 92.5761
6.339046488263839 88.4859
6.361379686074702 78.902
6.383730546639482 73.7221
6.406064229255215 71.574
6.428415576718203 71.1739
6.450749747566656 69.3744
6.47310158535871 67.9896
6.495453669698332 67.1235
6.517788579421056 66.5412
6.540141159237969 65.3208
6.562476565766648 64.5055
6.5848296444934045 64.2022
6.607182974060425 63.9162
6.6295191323281015 63.9358
6.651872965955752 65.907
6.6742096296068985 80.7544
6.6965639707294615 106.757
6.71891856698715 106.59700000000001
6.741255995248479 80.9799
6.763611104154477 65.7915
6.785949046381137 61.0623
6.808304671371482 60.0912
6.8306605557940046 59.7239
6.852999275508618 58.4497
6.875355681171544 57.9632
6.897694923437771 58.3901
6.92005185377892 58.0083
6.9423916220322655 57.9141
6.964749080490181 56.9768
6.987106804399774 56.9005
7.009447368180821 56.7937
7.031805625367033 56.5442
7.054146723727803 56.6542
7.076505517631004 56.4357
7.098864581288365 56.5739
7.121206488070854 56.4404
7.143566093607822 55.8156
7.165908543567245 56.6009
7.188268694426048 56.5204
7.2106291193438095 56.3556
7.232972390625943 57.3856
7.255333366030969 64.9836
7.277677189091925 96.5607
7.300038718428332 123.152
7.322400526130865 107.90299999999999
7.344745183422596 75.9936
7.367107550224791 59.9985
7.389452767901992 56.7407
7.411815697249891 56.0093
7.434161478756298 55.2213
7.456524974096713 55.2298
7.478888753837185 55.5147
7.501235387657368 55.7178
7.523599738562711 55.8061
7.545946944825532 55.9433
7.568311870344528 56.3423
7.5906770845765665 56.7279
7.613025156078678 57.6896
7.635390950099687 58.2646
7.657739602662809 57.6614
7.680105979923558 57.2076
7.702472650212829 57.5559
7.724822180948224 57.3383
7.747189439655568 57.6293
7.769539560075357 57.6611
7.791907410653562 57.9988
7.81425812420825 57.9295
7.836626570110925 58.2579
7.858995315087906 59.2078
7.881346924933401 59.1675
7.903716270417482 59.8019
7.926068482028405 60.25899999999999
7.948438431475253 60.9999
7.9708086843180235 61.6143
7.993161805171116 62.1906
8.015532667162402 62.3857
8.037886398416653 63.917
8.060257873014221 64.2522
8.082629655331942 64.9793
8.104984308787587 65.385
8.127356708900503 68.1215
8.149711981398308 72.3951
8.172085002766314 73.7986
8.194458336181368 72.2954
8.216814543847752 71.045
8.23918850371002 71.4975
8.26154533906492 72.4863
8.283919928836452 74.1896
8.306277395339652 75.2674
8.328652618483376 76.592
8.351028159736202 79.0321
8.373386579575245 81.783
8.395762759396959 83.5474
8.418121819038275 88.0331
8.440498640894003 98.1399
8.462875785192262 111.45
8.485235811156207 138.799
8.507613602688501 206.43400000000003
8.529974277114228 322.199
8.552352719347912 487.36699999999996
8.574731488360351 763.222
8.59709314210385 1193.96
8.619472567021075 1667.77
8.64183487789147 2036.42
8.664214962183097 1899.29
8.686577933647762 1115.39
8.708958680784317 468.841
8.731339760774953 199.627
8.753703729764451 122.339
8.77608547780821 105.046
8.798450116065078 100.189
8.820832535634787 96.8152
8.843215292401656 94.9053
8.865580941199045 92.9398
8.887964374703538 91.9649
8.910330701447199 92.1486
8.932714815164482 93.1089
8.955099270424924 92.0688
8.977466620733543 89.7709
8.999851761421976 87.584
9.022219798361645 86.5152
9.04460562795561 86.2624
9.066991803441677 85.8462
9.089360876979615 86.0791
9.111747746589993 85.725
9.13411751544971 84.68799999999999
9.156505082664324 84.5269
9.178875550323522 84.3901
9.20126381862328 84.6953
9.223652438908596 84.8787
9.246023961427412 84.6464
9.26841328802173 84.4163
9.290785518039224 85.2874
9.313175554425882 85.7884
9.335565947154315 86.0948
9.357939245086508 86.1018
9.380330352834827 85.7977
9.40270436697103 85.9269
9.425096193225055 85.8664
9.447488380180165 86.8945
9.469863475295412 86.8515
9.492256385987508 87.0773
9.514632206018318 88.3861
9.537025843935714 88.369
9.559402392368193 89.6256
9.581796761000229 90.5723
9.604191496441521 91.4326
9.626569144158516 94.1881
9.648964615551032 96.82799999999999
9.671343000390081 98.0023
9.693739211225699 97.0534
9.716135793237463 95.9562
9.738515290448102 96.3455
9.760912617143402 97.7649
9.783292860202891 98.8705
9.805690935076182 100.491
9.828089385495742 101.33
9.850470754023561 103.37200000000001
9.872869957865444 109.113
9.89525208097539 119.414
9.917652041736662 128.60299999999998
9.940052382417589 134.94799999999998
9.962435644102392 161.821
9.984836746950979 218.458
10.007220771957746 303.605
10.029622640473708 429.76599999999996
10.052007432299963 619.471
10.074410069984072 874.6619999999999
10.096813093716005 1207.26
10.119199042482517 1552.28
10.141602840636468 1788.91
10.163989564971628 1647.63
10.186394141051062 1066.38
10.208799107559706 512.885
10.231187001965623 231.91299999999998
10.253592751657669 141.713
10.275981430388155 119.82799999999999
10.298387966769793 116.06299999999999
10.320794897965431 116.711
10.343184759907361 114.287
10.36559248305461 110.56700000000001
10.387983138083852 109.536
10.410391656691655 116.932
10.432800574501677 132.137
10.455192425893369 152.722
10.47760214443012 184.636
10.499994797678786 230.86599999999999
10.522405320453982 302.041
10.54479877906917 386.24800000000005
10.567210109595656 472.375
10.5896218454736 533.122
10.612016518879773 511.725
10.634429067781074 384.97
10.656824555333241 231.657
10.679237920773568 138.054
10.701651695961992 102.304
10.724048411481384 93.0138
10.746463008485165 90.0036
10.768860546937125 88.0554
10.791275969274796 85.9623
10.81369180576079 84.5517
10.836090585366925 83.6111
10.858507252467449 82.4396
10.88090686379991 81.4431
10.903324365036394 80.6254
10.925724811614439 80.0859
10.948143150509463 80.9418
10.970561909719066 80.0757
10.992963615930844 78.3922
11.015383218085756 76.6888
11.037785768347074 75.3674
11.06020621697282 74.6635
11.082627090322113 74.0039
11.105030913430326 73.3798
11.12745263854165 73.9189
11.149857314510728 75.5702
11.172279894912576 78.9201
11.194702904450653 79.0091
11.217108866490921 76.3039
11.239532736615194 73.4878
11.26193956033512 72.0813
11.284364294577085 71.1301
11.306789462371718 69.7421
11.329197585398376 69.0539
11.351623622610898 68.9098
11.37403261614354 67.8638
11.396459526308487 68.0779
11.418869393879497 67.5706
11.441297180532617 67.2191
11.463725406927658 66.389
11.486136592353875 66.4112
11.508565700543707 66.7381
11.530977768845315 67.5269
11.553407762368774 68.0127
11.575838200059769 67.7265
11.598251599479612 66.4309
11.620682927815501 65.7634
11.64309721895548 65.4668
11.665529441478206 64.9605
11.687962112597958 64.5932
11.710377748130886 64.6611
11.732811318753434 64.4187
11.755227854859067 64.6459
11.777662328529495 64.3398
11.800079768750786 64.2358
11.822515149015453 64.3045
11.844950984084935 64.6015
11.867369787303163 64.4364
11.889806534289491 64.4046
11.912226250487029 64.4619
11.934663912939751 64.5954
11.9571020346363 64.6732
11.979523127133968 64.8538
12.001962169624331 65.9782
12.024384183972964 67.9264
12.046824150809913 72.5149
12.069264581333726 78.7514
12.091687985297767 85.9832
12.11412934550045 95.9193
12.136553680195208 110.302
12.158995973632788 129.65200000000002
12.181438735204349 150.214
12.20386447284199 173.734
12.226308172985636 196.982
12.24873485024193 199.857
12.271179492516982 178.38400000000001
12.293607112949127 138.792
12.316052700916226 101.456
12.338498763250042 80.7192
12.360927805303868 71.0998
12.383374818673879 67.5324
12.405804812803074 66.2032
12.428252780773262 65.8447
12.45070122756722 65.8054
12.473132656675375 65.8562
12.49558206341869 66.2244
12.518014453510101 66.2168
12.540464823770117 66.3443
12.562915677315177 66.7523
12.58534951575545 67.1546
12.607801338171472 68.6003
12.630236146511358 71.5204
12.652688941369085 74.67
12.675124723177234 74.8516
12.697578494048786 73.1699
12.720032754458185 70.5412
12.742470003354093 69.6857
12.764925245138771 69.775
12.787363476431278 69.8697
12.809819703166806 70.2509
12.83227642391173 71.0952
12.854716135692716 71.5178
12.877173846755147 73.0201
12.899614549869717 73.2862
12.9220732548287 73.7765
12.94453245827299 74.391
12.966974655289818 75.7394
12.989434858002571 76.5633
13.011878055298721 77.3856
13.034339260862497 78.3925
13.056800969391883 79.7512
13.079245674017244 82.6182
13.101708390774869 86.669
13.12415410463411 96.6676
13.146617833206086 110.065
13.169064559883248 124.78399999999999
13.191529303857127 142.446
13.213994557076367 167.475
13.236442809902437 203.72
13.258909083908291 248.235
13.28135835851934 294.8
13.30382565690295 345.284
13.326293469022952 388.81699999999995
13.348744283242008 410.151
13.371213125129904 374.436
13.39366497011003 293.988
13.416134845360597 199.702
13.438605238843131 139.224
13.46105863690397 116.712
13.483530069144786 116.14399999999999
13.505984506951902 122.639
13.528456981549432 134.713
13.550929978879088 151.076
13.573385983253365 174.847
13.595860028340867 206.835
13.618317081455832 245.21200000000002
13.64079217790333 283.377
13.663250283359057 321.195
13.685726434770173 347.879
13.708203115221277 342.274
13.730662806148091 286.961
13.75314054697177 214.602
13.775601299246777 147.815
13.798080104050406 107.633
13.820559442405358 90.3211
13.843021793671388 84.9325
13.865502201420897 83.0584
13.887965623051947 82.4061
13.910447103807167 81.1451
13.932929122629764 79.6638
13.955394156785959 79.3041
13.977877254034569 78.4475
14.000343367582113 77.3874
14.022827546871707 76.7875
14.045294743423524 76.0105
14.06778000837062 75.298
14.090265817715476 75.0883
14.112734645763819 74.6043
14.13522154619454 74.2229
14.157691466286913 74.2166
14.180179461423874 74.0221
14.202668005486178 73.7143
14.22513957064374 73.0942
14.247629214846473 72.655
14.270101881097517 72.335
14.29259262906496 72.5394
14.315083930490205 72.7326
14.337558255389705 73.0104
14.360050666019726 72.7696
14.382526101071944 72.0223
14.405019624534942 71.3747
14.427513705993134 70.9942
14.449990813291825 70.9292
14.47248601302899 70.8215
14.49496423954951 71.1096
14.517460561197822 71.1369
14.539939910570322 70.82300000000001
14.562437357763558 71.0771
14.58493536931253 72.0688
14.607416409993311 72.6821
14.62991555254159 73.1639
14.652397725157423 72.9898
14.674898002342799 72.7974
14.697398848433282 72.8294
14.719882725991326 74.023
14.74238471217934 75.975
14.764869730765593 80.6449
14.787372860692983 84.89299999999999
14.809876564079925 90.4036
14.83236330125751 97.3652
14.854868153850365 106.95100000000001
14.877356041159485 120.42200000000001
14.899862046604186 136.192
14.922351087688757 155.52100000000002
14.944858249632887 174.058
14.967365991421232 193.396
14.989856770231246 208.065
15.012365673994204 212.23
15.03485761569738 195.445
15.05736768508665 160.52100000000002
15.07987833888692 127.005
15.102372032001655 98.9196
15.124883856909658 81.6054
15.14737872204565 75.2876
15.169891721717274 73.1164
15.192405310371893 72.6116
15.214901940621196 72.4846
15.237416709527137 72.1155
15.259914520936249 72.2023
15.282430473753607 71.3755
15.304947020131227 70.5501
15.327446610371178 69.694
15.349964346154254 69.2397
15.372465126703139 68.7538
15.394984055556009 68.507
15.417486030076159 68.4318
15.44000615566487 68.1421
15.462526881230803 68.1347
15.485030653812652 68.3777
15.507552581617434 68.0939
15.530057557334603 67.9658
15.55258069104857 68.2138
15.575104429329837 68.2946
15.597611216864632 67.8738
15.620136166564563 68.6632
15.6426441664095 70.541
15.665170331202765 73.6908
15.687697105158826 77.4849
15.710206930593545 81.7877
15.732734925158933 86.9084
15.755245972089478 94.0069
15.77777519094324 103.37799999999999
15.800287463046663 115.11
15.822817909869592 129.97899999999998
15.84534897229804 143.997
15.867863089299354 161.6
15.890395385222186 175.003
15.912910736597423 186.33599999999998
15.935444269699861 185.55900000000003
15.957978423016485 166.705
15.980495633101265 137.273
16.003031029129367 108.473
16.02554948280019 84.2111
16.048086125229432 71.7714
16.070623392487107 67.4568
16.09314371869582 65.9702
16.11568223789321 64.5554
16.13820381691126 63.6966
16.160743591742527 63.0935
16.183283996022084 62.1664
16.205807461423195 61.1107
16.228349126881973 60.6841
16.25087385432698 60.5631
16.27341678466365 59.8273
16.29594277784926 59.9691
16.31848697676433 59.9102
16.341031811604868 59.8593
16.36355971058487 59.8768
16.3861058195587 59.6195
16.40863499352978 58.7709
16.431182380342005 58.2986
16.453730407713202 57.7266
16.476261501364792 57.2996
16.498810812136167 57.0895
16.52134319004079 57.2525
16.54389378792203 57.0365
16.566445031001553 57.0162
16.588979342490088 56.8316
16.61153187824822 56.5858
16.634067483263312 56.6288
16.656621315414416 56.494
16.679175797408888 56.1732
16.701713349928728 56.1271
16.72426913389191 56.4742
16.74680798922351 56.4777
16.76936507887444 56.3256
16.791905240734874 56.3765
16.814463639794468 56.3022
16.837022695210294 56.4937
16.859564824093756 56.675
16.882125194503903 56.9926
16.904668639217885 57.3776
16.927230328348003 57.6135
16.949792678493612 57.8039
16.972338104193863 57.1307
16.994901778652235 57.1916
17.017448529496576 57.3122
17.040013531998152 57.6801
17.06257920018044 58.1991
17.0851279459922 59.1043
17.107694947817667 60.3586
17.130245028099072 61.0969
17.15281336730298 62.7567
17.17536478578733 64.7043
17.19793446610687 66.7457
17.220504818648422 69.2447
17.243058251703697 71.5884
17.265629950971032 74.9419
17.288184731571736 78.048
17.310757781306908 81.4828
17.33333150794385 83.0651
17.355888317140174 83.2652
17.37846339986244 79.8285
17.401021565958885 74.5118
17.42359800851343 69.5142
17.44617513265564 65.5703
17.468735341390783 62.6503
17.491261035594565 61.2581
17.51396340099364 61.0824
17.536490463869136 61.0716
17.559018209820174 61.0301
17.58154663977963 61.0302
17.604251766089718 61.3337
17.626781572227713 61.4386
17.64931206518155 61.6262
17.671843245885103 62.1238
17.69455114821572 62.363
17.717083712612634 62.6599
17.739616967569667 62.7319
17.762150914021706 63.0103
17.78486160749854 63.2259
17.807396945166804 64.1648
17.829932977143503 65.6598
17.85246970436452 67.797
17.875183204129467 69.8418
17.897721330097664 72.3041
17.920260154126645 75.1426
17.942799677153296 78.6456
17.9655159983646 82.5168
17.988056927677544 87.8975
18.010598558807683 94.839
18.033140892692916 102.52
18.05586005052525 109.90100000000001
18.07840379824407 117.73899999999999
18.10094825154059 126.101
18.12366954819864 134.72899999999998
18.146215420998306 138.884
18.16876200220057 135.75799999999998
18.191309292745153 125.959
18.214033452627167 113.85700000000001
18.236582170236648 100.434
18.259131600016456 93.117
18.281681742907335 90.8903
18.304408781233683 92.3697
18.32696035875955 95.1244
18.349512652227624 98.0711
18.372065662579683 101.84299999999999
18.394795594587553 103.738
18.41735004715306 103.516
18.43990521943684 99.0301
18.46246111238171 90.9139
18.485193953325208 81.4527
18.507751296070428 73.6827
18.530309362314178 68.8402
18.552868153000343 65.6965
18.57560391815056 64.0957
18.59816416623245 63.513999999999996
18.620725141597372 63.1115
18.643286845190268 62.5117
18.666025549835414 62.3233
18.688588718427933 61.5395
18.711152618092243 61.3526
18.73389353884365 61.1158
18.75645890921984 60.7631
18.77902501351406 60.4021
18.801591852673102 60.5922
18.824335739722738 59.8787
18.846904057212626 59.7983
18.8694731124168 59.5463
18.89204290628315 59.6124
18.914789774966803 59.1967
18.937361054791623 58.8487
18.959933076131318 58.5964
18.982505839934877 58.7165
19.00525570560582 58.6997
19.027829963004184 58.617
19.05040496572238 58.8298
19.072980714710468 58.9445
19.095733592739563 59.2316
19.11831084296757 59.2705
19.140888842324735 59.7829
19.16346759176222 60.1977
19.18622349753803 60.8662
19.208803755869358 61.7728
19.231384767143577 63.1632
19.253966532312948 64.5158
19.276725481241822 66.2755
19.29930876296784 67.9338
19.3218928014549 69.836
19.34465404436217 71.9477
19.36723960516257 74.3351
19.389825925592426 75.684
19.412413006605938 75.944
19.43517731967805 74.2038
19.457765930683355 70.692
19.48035530514408 66.3122
19.50294544401556 62.4278
19.525712842708348 59.4188
19.54830451925909 57.4619
19.570896963095727 56.077
19.593490175174704 55.4829
19.616260674962184 55.3584
19.638855432416964 55.1509
19.661450960992624 55.2177
19.68404726164677 55.2517
19.706820878021247 54.9558
19.729418731756834 55.3806
19.752017360452857 55.0279
19.77461676506804 55.2874
19.797393513540218 55.3837
19.819994478951667 55.7572
19.84259622316767 56.3542
19.8651987471481 56.9293
19.887978643247177 57.0485
19.91058273574792 57.669
19.933187610901943 58.5565
19.955969879466828 59.8048
19.97857632894404 61.2428
20.00118356396599 62.3951
20.023791585494575 63.9114
20.046577028914875 66.0947
20.069186632506966 67.5109
20.091797025500632 69.0152
20.114408208858933 70.5754
20.137196842715273 71.4798
20.159809615886765 71.1095
20.18242318232135 68.8945
20.20503754298326 66.74
20.227829382875154 65.079
20.250445341109344 64.171
20.27306209647285 63.9768
20.29567964993108 64.184
20.31847471147704 64.8803
20.34109387027612 65.7387
20.363713830075454 66.3016
20.386334591841646 65.8713
20.409132890679302 63.9624
20.431755265564437 61.0685
20.454378445325528 58.2102
20.477002430930366 55.8727
20.499803982716553 54.2765
20.522429589228004 53.175
20.54505600449589 52.5899
20.567683229489194 52.1956
20.590488049900088 51.9412
20.61311690359731 51.6373
20.63574656993626 51.5563
20.658553853717297 51.0837
20.681185154618298 51.1493
20.703817271080066 51.0345
20.72645020407368 50.6169
20.749260783967177 50.5737
20.771895359337133 50.4144
20.794530754161617 50.464
20.817166969412938 50.4553
20.83998086114876 50.467
20.86261872660049 50.3273
20.885257415405402 50.1802
20.90789692853701 50.1773
20.930714147864748 50.005
20.953355319030678 49.953
20.97599731745334 50.2715
20.99864014410749 50.059
21.021460706796564 50.1719
21.044105199328826 50.4361
21.06675052302631 50.5648
21.089396678865015 50.7839
21.112220600704806 51.0702
21.134868430275347 51.5181
21.15751709492456 51.4429
21.180166595629693 51.7957
21.202993892429635 51.9957
21.22564507473034 52.2264
21.24829709602816 52.5941
21.27112693608965 52.7905
21.293780644891275 52.925
21.316435195634053 52.2784
21.339090589297417 51.7168
21.361923832041875 51.4238
21.384580921090404 50.6963
21.407238856007325 50.2513
21.429897637773326 50.0753
21.45273429906592 49.9486
21.475394784108598 50.0729
21.498056118951983 49.876999999999995
21.520718304578022 50.0019
21.543558400304388 50.1059
21.566222297108816 50.5319
21.58888704765135 50.7357
21.61155265291521 50.9982
21.63439619898156 51.5864
21.657063523335786 51.8546
21.67973170537063 52.3887
21.7024007460706 53.0263
21.72524775840385 53.7507
21.747918526116475 54.7806
21.770590155457388 55.8339
21.79326264741238 57.1437
21.816113141960237 58.5656
21.838787368860547 60.113
21.861462461341976 61.4708
21.884315579735777 62.9257
21.90699241312273 64.1437
21.92967011506078 65.4023
21.95234868653799 65.9194
21.9752053151131 65.4968
21.997885635446785 64.0481
22.020566828293532 62.1681
22.04324889464272 60.1339
22.066109049404666 58.36600000000001
22.088792872571794 57.4093
22.111477572219204 57.0249
22.1341631493376 57.0657
22.157026846313123 57.2701
22.179714188221507 56.9492
22.202402410582668 56.178000000000004
22.22509151438863 54.8829
22.24795876962584 53.3597
22.270649646204486 52.4206
22.293341407213727 51.602
22.316034053646906 51.0727
22.338904883215342 50.5455
22.36159931041458 50.5532
22.38429462602756 50.4512
22.40699083104897 50.2371
22.429865251039757 50.185
22.452563244831367 50.2542
22.47526213102522 50.2838
22.49813925616515 50.0873
22.520839937143307 50.0521
22.543541513520587 50.1286
22.56624398629403 50.0561
22.589124730075895 49.9314
22.611829005656723 50.3876
22.63453418063466 50.3657
22.657240256008077 50.5933
22.680124634582935 50.6448
22.70283252079775 51.0804
22.725541310413075 51.2496
22.74825100442868 51.5938
22.771139033969575 51.9865
22.79385054687155 52.2899
22.81656296718292 53.1081
22.83927629590484 53.7915
22.862167992606945 54.577
22.88488314827121 55.3764
22.907599215359284 56.0013
22.93031619487366 56.7678
22.953211574954405 57.36600000000001
22.975930389478226 58.2691
22.998650119445763 58.8545
23.02137076586092 58.7348
23.044269845560063 57.9396
23.06699233506288 56.8096
23.089715744034912 55.0355
23.112617610931565 53.2736
23.135342869061212 51.7468
23.158069049684816 51.013999999999996
23.1807961538087 50.4461
23.20370174880544 50.41
23.226430710184808 50.4665
23.249160598093425 50.5874
23.271891413539002 50.5845
23.294800752937697 50.6247
23.31753343374794 50.8117
23.340267045128353 50.7462
23.36300158808808 51.3789
23.38591468821339 51.7928
23.408651104658304 52.1354
23.431388455719986 52.5801
23.454126742409 53.4382
23.4770436196085 53.9951
23.499783787914662 55.1371
23.522524894889884 55.8696
23.54526694154616 56.2824
23.56818761219047 57.2914
23.59093154860734 57.8067
23.613676427751283 58.5027
23.636422250635754 58.2798
23.659346731118656 57.4552
23.68209445191868 55.8586
23.704843119509587 53.8542
23.72759273490623 51.9002
23.750521041644767 50.1365
23.77327256312355 48.9783
23.796025035462787 48.2364
23.818956224555475 47.4816
23.841710609113413 47.37
23.86446594758979 47.1579
23.887222241002014 46.9118
23.910157285144578 46.5328
23.932915498962537 46.5244
23.955674670778713 46.4557
23.978434801611975 46.1243
24.001373717286125 46.1033
24.024135776723917 46.0255
24.046898798245582 45.6598
24.06966278287146 45.6002
24.092605586582614 45.4706
24.115371508023642 45.3289
24.1381383956401 45.2273
24.16090625045381 45.227
24.183852958731244 45.3051
24.206622758582608 45.0436
24.229393528706886 44.8329
24.252165270127392 44.9445
24.27511589952438 44.998000000000005
24.297889594216997 44.724
24.32066426328598 44.6764
24.34343990775613 44.7233
24.36639447485003 44.54
24.38917208083877 44.5533
24.41195066531332 44.3463
24.43490819850244 44.3661
24.457688750692377 44.3002
24.48047028445616 44.3708
24.503252800821233 44.3546
24.526214300784112 44.2481
24.548998793132213 44.3697
24.57178427117417 44.2522
24.59457073593893 44.3262
24.617536219319863 44.2324
24.64032466834748 44.3751
24.663114107195035 44.0306
24.685904536893013 43.8335
24.708874020360852 43.736999999999995
24.731666442613744 43.7114
24.754459858818787 43.7183
24.777254270007962 43.6022
24.80022777025625 43.5327
24.82302418230472 43.4435
24.845821592443674 43.4887
24.86862000170663 43.4303
24.891597535453727 43.3453
24.914397953892728 43.5264
24.93719937456671 43.5256
24.96000179851076 43.7456
24.98298338249997 43.9829
25.00578782394922 44.165
25.028593271784167 44.1013
25.05157790644186 44.5042
25.07438537804115 44.5929
25.097193859145293 44.7367
25.120003350792075 45.0008
25.142992065061257 45.3613
25.165803588823465 45.5986
25.18861612625217 45.8215
25.211429678386736 45.943999999999996
25.234422489079968 46.1989
25.257238081693636 46.0867
25.280054692141732 46.0623
25.3028723214652 45.7728
25.325869245420463 45.7914
25.348688923599397 45.7482
25.371509623787006 45.6943
25.394331347025812 45.6798
25.41733240110666 45.568999999999996
25.440156181590016 45.0309
25.46298098826268 44.4887
25.48580682216873 43.8194
25.50881202326435 43.4608
25.53163992281684 42.9706
25.55446885274561 42.4599
25.577298814096377 42.0283
25.600308179121807 42.0207
25.623140214533745 42.1298
25.64597328451537 41.976000000000006
25.66898578564376 41.6637
25.691820936010206 41.797
25.714657124097695 41.7946
25.737494350954734 41.7371
25.760511045684957 41.6276
25.783350361364224 41.6574
25.806190718969255 41.8281
25.82903211955018 41.9269
25.852053024868923 41.8164
25.874896522722523 41.9014
25.897741066713106 41.7591
25.920586657892454 41.8361
25.943611790812668 42.0752
25.966459487728237 42.1773
25.989308234998564 42.1394
26.01215803367705 42.4806
26.03518741123814 42.4733
26.05803932412957 42.50899999999999
26.080892291600094 42.5998
26.10374631470478 42.553000000000004
26.12677995397268 42.8279
26.14963609978026 42.8257
26.172493304397875 42.6327
26.19535156888223 42.4479
26.218389486949604 42.1132
26.241249882640123 41.9183
26.26411134137826 41.6013
26.28715248187403 41.5121
26.31001607820869 41.3383
26.3328807407756 41.2677
26.35574647063438 41.43899999999999
26.37879191991473 41.3945
26.401659795896734 41.4832
26.424528742360263 41.5857
26.447398760366614 41.7156
26.470448535598294 41.8688
26.49332070826805 42.0159
26.516193955675355 42.3587
26.53906827888316 42.3527
26.562122397260108 42.4399
26.584998883685063 42.6202
26.607876449110325 42.8686
26.63075509460056 43.0038
26.65381357334404 43.11
26.67669439061878 43.2932
26.699576291163382 43.1122
26.722459276044212 43.1831
26.745522132402975 42.9897
26.768407297649354 42.7797
26.791293550442003 42.3098
26.814180891848974 41.9256
26.837248143099337 41.6147
26.860137673466657 41.6989
26.88302829566349 41.3887
26.90592001075963 41.2525
26.92899167420566 41.2388
26.951885586870763 40.7875
26.974780595655517 40.5588
26.99785558178161 40.5643
27.020752794605112 40.2625
27.043651106772522 40.0632
27.06655051935668 40.1125
27.089629948036183 39.7299
27.112531573292053 39.8846
27.135434302194138 39.9222
27.158338135817015 39.8131
27.181422024430987 39.8083
27.204328079372566 39.6247
27.22723524226965 39.6281
27.250143514198573 39.7912
27.273231880156334 39.6925
27.296142382065014 39.5302
27.319053996245536 39.4777
27.341966723775965 39.4991
27.365059584515222 39.5648
27.38797455070062 39.6715
27.410890633481237 39.5731
27.433807833936918 39.3973
27.456905206923906 39.5546
27.47982465472398 39.5226
27.502745223449743 39.5994
27.525666914182825 39.7606
27.548768816912457 39.7169
27.571692763693633 39.5026
27.59461783573812 39.4342
27.617723149491244 39.2766
27.640650484125285 39.2776
27.66357894728264 39.2643
27.686508540048052 39.3906
27.709618414237887 39.2824
27.732550278321757 38.8981
27.755483275279115 38.9545
27.778417406196485 39.0755
27.801531858397514 38.958
27.824468269376716 39.0769
27.847405817586786 38.8693
27.870344504116094 39.2052
27.893463551932008 39.2645
27.916404527281053 39.4994
27.93934664422563 39.4622
27.962289903855886 39.5082
27.98541356491974 39.5997
28.00835912214229 39.6398
28.03130582533231 39.9468
28.054253675581805 40.0714
28.077381967556104 40.034
28.100332124185126 40.1227
28.123283431160893 40.0012
28.146235889577238 39.9313
28.169368830154156 39.7786
28.192323603752033 39.7422
28.215279532083304 39.2099
28.238415973016764 39.008
28.261374223145094 38.8618
28.284333631303806 38.7198
28.307294198589954 38.6188
28.330435319167677 38.2911
28.353398217078915 38.0891
28.376362277420153 37.7051
28.39932750129032 37.6132
28.422473319286713 37.5396
28.44544088262495 37.4845
28.468409612800283 37.3009
28.491379510913497 37.1384
28.51453004413313 36.9696
28.53750229057244 36.9682
28.56047570826344 36.8972
28.583450298308804 36.9455
28.606605564586562 36.8097
28.629582511831156 36.8337
28.65256063474956 36.6085
28.675539934446338 36.6847
28.698699951647605 36.6073
28.72168161743193 36.5248
28.74466446331978 36.5024
28.767648490417624 36.5149
28.790813276438353 36.5383
28.813799678527303 36.4829
28.836787265157085 36.3455
28.859955641890075 36.489000000000004
28.882945610203045 36.272
28.905936766392035 36.2836
28.928929111566863 36.2134
28.952102288520145 36.2809
28.975097024308607 36.2394
28.998092952423807 36.0209
29.021090073977508 35.9247
29.04426806913204 35.8453
29.067267590245258 35.7535
29.090268308143695 35.6661
29.11327022394099 35.6062
29.13645305530891 35.4928
29.159457379627167 35.3814
29.18246290519685 35.22
29.20546963313352 35.3072
29.22865731875826 35.3015
29.25166646419296 35.3096
29.27467681535305 35.2181
29.29768837335608 35.1035
29.320880931312562 35.1622
29.34389491580634 35.1427
29.366910110507334 35.1565
29.38992651653503 35.0773
29.41312396492981 35.1719
29.436142806456754 35.0804
29.45916286268059 34.8574
29.48236399319994 35.0104
29.50538649169417 34.7708
29.528410208259935 34.7456
29.55143514402014 34.5084
29.574641196749695 34.2934
29.597668583816574 34.3596
29.6206971934585 34.0347
29.64372702680042 34.0935
29.666938019934474 34.0022
29.689970313635285 33.954
29.713003834422636 33.8722
29.73603858342347 33.8599
29.759254535188578 33.7979
29.78229175361658 33.6862
29.80533020365064 33.7465
29.82836988641968 33.8242
29.85159081507472 33.8189
29.874632976355343 33.6474
29.89767637376955 33.7028
29.920721008448314 33.5788
29.9439469322847 33.4764
29.96699405457564 33.5182
29.9900424175358 33.5236
30.013092022298157 33.5261
30.03632295963995 33.3948
30.059375061131373 33.4148
30.08242840783577 33.4321
30.105483000888153 33.3579
30.128718970092244 33.3008
30.151776069006917 33.278
30.17483441768648 33.3118
30.198074175317235 33.3266
30.221135036724256 33.3928
30.24419715131772 33.2237
30.267260520236203 33.2005
30.290505341942243 33.3178
30.313571232750228 33.3419
30.336638381310948 33.2328
30.35970678876503 33.1095
30.38295669299435 33.2036
30.40602763151657 33.1159
30.429099832366074 33.1503
30.452173296685572 32.9974
30.47542830191959 32.9903
30.498504306502497 32.9272
30.521581577995562 33.0604
30.544660117543582 33.0685
30.56792024229725 33.0696
30.59100133132069 32.9518
30.614083691845494 33.055
30.637167325018545 33.0182
30.660432587840603 33.1181
30.683518779717886 32.9838
30.70660624769615 33.1576
30.729694992924372 33.0922
30.75296541239743 33.1389
30.77605672557558 33.0333
30.799149319462742 33.0299
30.8224236211637 32.9258
30.845518789950724 32.7831
30.868615242910597 32.7896
30.891712981195973 32.6597
30.91499247215866 32.5621
30.938092794619365 32.4667
30.96119440587579 32.4515
30.984297307082752 32.3113
31.00758200598383 32.2052
31.030687500658694 32.1151
31.053794288760695 32.1368
31.076902371446767 32.0183
31.100192296997445 32.0751
31.12330298246119 31.9859
31.14641496599209 31.8301
31.169528248749216 31.8442
31.19282341969534 31.8656
31.215939314557186 31.8789
31.239056512134788 31.9307
31.262175013589378 31.7865
31.28547544871168 31.6804
31.30859657161541 31.6678
31.331719001892175 31.7158
31.35484274070538 31.8166
31.378148458819545 31.7373
31.401274828443725 31.8067
31.424402510106933 31.833000000000002
31.447712205419993 31.8136
31.470842524931633 31.7514
31.493974159989783 31.6662
31.51710711176168 31.6611
31.54042212308802 31.6546
31.563557722100917 31.5843
31.586694641341655 31.5214
31.609832881979628 31.4806
31.63315322823208 31.3636
31.656294125521327 31.2561
31.679436347728515 31.1305
31.70257989602529 31.0374
31.725905596152327 31.0885
31.74905181052835 31.0345
31.772199354521323 31.0134
31.79534822930507 31.0501
31.818679302290967 31.0871
31.84183085259981 31.0227
31.864983737233473 30.8948
31.88813795736804 31.0497
31.911474422233013 30.9615
31.934631327356435 30.9202
31.9577895715215 30.8374
31.980949155906522 30.8495
32.004291031706956 30.8246
32.027453310562606 30.7832
32.05061693318573 30.5913
32.07396288236386 30.5831
32.09712920658542 30.5567
32.12029687812702 30.445999999999998
32.14346589817093 30.4207
32.166817291729984 30.4412
32.18998902288583 30.3955
32.21316210610336 30.2611
32.23633654256711 30.1453
32.259693399663725 30.1347
32.282870556771144 30.089000000000002
32.30604907069099 30.0654
32.329228942610065 30.0086
32.35259128243769 29.8328
32.375773884550505 29.7238
32.398957848235646 29.7549
32.422143174682176 29.6886
32.445511016471215 29.6096
32.468699082679954 29.5435
32.49188851523011 29.5588
32.51507931531304 29.5058
32.538452678331 29.4725
32.56164622776311 29.3818
32.58484114831493 29.2341
32.60803744118015 29.413
32.631416344731896 29.2332
32.654615396551876 29.2369
32.67781582427913 29.2433
32.701198898634416 29.1696
32.72440209253756 29.1705
32.747606665947124 29.0734
32.77081262006088 28.9677
32.79420126883317 28.9277
32.81740999876112 28.9277
32.840620112999424 28.8356
32.86383161274818 28.766
32.88722585534586 28.8478
32.91044014056596 28.8312
32.933655814909734 28.834
32.95687287957963 28.8853
32.98027273544904 28.6902
33.00349259526636 28.6898
33.026713849030116 28.7699
33.04993649794511 28.6358
33.073341986570746 28.5433
33.09656744032826 28.5856
33.11979429286444 28.6268
33.14302254538647 28.5687
33.166433686291185 28.5292
33.18966475336992 28.4901
33.212897224069096 28.3389
33.23613109959831 28.3524
33.259547912343415 28.308000000000003
33.2827846121627 28.235
33.306022720453775 28.2171
33.32926223842861 28.1073
33.352684742614166 28.1125
33.37592709463173 28.148000000000003
33.399170859982064 28.0933
33.422597648419426 28.026999999999997
33.44584425514446 27.885
33.46909227885668 27.8177
33.4923417207723 27.7227
33.51577423505344 27.7105
33.539026528130385 27.5764
33.56228024307245 27.7032
33.585535381098246 27.6089
33.60897364093058 27.4792
33.63223163992385 27.4916
33.6554910656699 27.4133
33.678751919389796 27.4587
33.702195944520106 27.433000000000003
33.72545966903325 27.3171
33.74872482519663 27.3118
33.771991414233746 27.3835
33.79544122444841 27.2778
33.81871069412428 27.2206
33.84198160035767 27.162
33.86525394437455 27.159000000000002
33.88870955949969 26.9963
33.911984794020626 27.0311
33.93526147001624 27.026999999999997
33.958539588715006 26.9894
33.98200102861669 26.8444
34.0052820477047 26.8301
34.02856451319451 26.8062
34.05203033759056 26.739
34.07531571090147 26.7676
34.09860253431845 26.7232
34.121890809074316 26.6353
34.145362493118924 26.6075
34.16865368561615 26.5803
34.191946333164054 26.561
34.21524043699793 26.5415
34.23871800066799 26.459
34.26201503218366 26.3066
34.28531352370466 26.305
34.30861347646881 26.3047
34.33209693978188 26.3489
34.3553998301885 26.2607
34.378704185565205 26.1585
34.402010007152356 26.1335
34.42549939016683 26.1612
34.44880815937748 26.0331
34.472118398533134 26.0532
34.49543010887669 25.9923
34.51892543169198 25.8967
34.54224009966052 25.8629
34.56555624255917 25.85
34.58887386163339 25.7788
34.61237514439016 25.680999999999997
34.6356957311114 25.7357
34.65901779775809 25.6458
34.68252356662995 25.6721
34.705848608458616 25.6068
34.72917513396849 25.5341
34.75250314440949 25.5783
34.77601490857862 25.4779
34.799345904259795 25.4109
34.82267838863559 25.4075
34.846012362958525 25.4041
34.869530142679984 25.3196
34.89286711232212 25.263
34.91620557568269 25.2535
34.93954553401677 25.2239
34.9630693495876 25.2061
34.986412313340814 25.2572
35.00975677584668 25.2502
35.033102738362956 25.1415
35.05663261012228 25.0765
35.0799815881786 25.0518
35.10333207003229 24.9621
35.12668405694369 24.9763
35.150220005273056 24.9423
35.17357501786656 24.8977
35.19693153931268 24.9617
35.220289570874385 24.8614
35.24383161619786 24.854
35.267192683604904 24.8548
35.290555264930376 24.7779
35.314101899412165 24.7604
35.33746752422433 24.7041
35.36083466676374 24.7019
35.38420332829803 24.6818
35.407756095629054 24.6746
35.43112781085063 24.5948
35.45450104888391 24.5115
35.477875810999194 24.5197
35.50143473172161 24.4853
35.52481255774625 24.5471
35.54819191167777 24.4726
35.57157279478914 24.4356
35.595137889488406 24.391
35.61852184675279 24.3458
35.641907337029984 24.2838
35.665294361595684 24.2546
35.68886565090076 24.2243
35.7122557598848 24.2405
35.73564740699838 24.176
35.759040593519934 24.1069
35.78261809810353 24.0532
35.80601437933051 24.0357
35.829412203814705 23.9977
35.85281157283719 23.9005
35.876395313415884 23.9388
35.8997977874528 23.9456
35.92320180988546 23.9171
35.946790244133936 23.7284
35.97019737933222 23.7937
35.993606066789866 23.7495
36.01701630779276 23.7695
36.04061101440684 23.5612
36.06402437852291 23.6331
36.08743930005611 23.6366
36.1108557802951 23.519000000000002
36.13445678011326 23.5744
36.15787639383515 23.4422
36.18129757014299 23.4224
36.20472031032821 23.3844
36.22832762423364 23.3777
36.25175350829375 23.3239
36.275180960119776 23.276999999999997
36.298609981005924 23.2958
36.32222362992669 23.2898
36.34565580510207 23.2724
36.36908955323448 23.2286
36.39252487562093 23.1006
36.416144880530226 23.0855
36.43958336764275 23.0392
36.463023432914625 23.0326
36.486465077645676 22.9509
36.51009145956204 23.0093
36.53353627947859 22.9975
36.55698268276811 22.9742
36.58043067073321 22.9334
36.60406345072071 22.7935
36.62751462435344 22.7712
36.65096738658405 22.7748
36.67460498210655 22.8349
36.69806093788647 22.7341
36.72151848619297 22.6552
36.744977628333636 22.6399
36.76862165890998 22.53
36.79208400512205 22.6355
36.81554794910557 22.5943
36.83901349217101 22.526999999999997
36.862663978991606 22.4828
36.88613273667352 22.4102
36.90960309738324 22.3693
36.933075062434064 22.3729
36.95673202673572 22.3263
36.98020721697122 22.2739
37.003684015502365 22.272
37.027162423645365 22.2002
37.050825886711465 22.1467
37.07430753063053 22.116999999999997
37.09779078812467 22.1047
37.121275660513014 22.0705
37.144945643673694 22.0095
37.16843376245278 21.9818
37.19192350009803 21.944000000000003
37.215414857931435 21.8914
37.239091382563885 21.8072
37.262585997426164 21.8152
37.28608223645736 21.8044
37.309763684451696 21.8022
37.33326318851098 21.7179
37.356764320726555 21.6801
37.380267082425526 21.6801
37.40395510942588 21.649
37.42746114683234 21.6005
37.45096881771841 21.5247
37.474478123414166 21.5926
37.49817275092816 21.5042
37.52168534303452 21.5189
37.54519957395567 21.4376
37.568715445024665 21.4548
37.592416694607714 21.3864
37.61593586281424 21.3998
37.63945667518264 21.3927
37.66297913304891 21.2575
37.68668702630454 21.2841
37.710212792059274 21.1663
37.733740207334854 21.2138
37.757269273470364 21.1699
37.780983832050374 21.1014
37.80451621684926 21.041999999999998
37.82805025654007 21.1195
37.851585952464795 21.01
37.8753071980695 20.9957
37.89884622345676 20.8608
37.92238690911902 20.8795
37.94611318753442 20.8704
37.969657210779765 20.9372
37.99320289834801 20.8139
38.016750251586465 20.764
38.04048325513017 20.7562
38.06403395679343 20.6952
38.087586328183946 20.736
38.11114037065203 20.6676
38.13488012115898 20.7035
38.1584375229181 20.5405
38.181996599821 20.4826
38.205557353221124 20.486
38.229303872575656 20.4974
38.2528679961576 20.448
38.27643380031219 20.4034
38.30000128639589 20.4468
38.32375459653193 20.3879
38.34732546371299 20.3259
38.37089801690786 20.2593
38.39447225747609 20.1936
38.418232380377425 20.2156
38.441810012983396 20.171
38.46538933705673 20.1289
38.488970353960084 20.189
38.51273731166058 20.1317
38.536321731567014 20.0787
38.55990784840681 20.0111
38.58367995004091 19.9903
38.60726947812959 19.9221
38.63086070726198 19.9423
38.654453638806274 19.9843
38.678232613930824 19.8573
38.70182896773327 19.8562
38.72542702806741 19.8011
38.7490267963045 19.8175
38.77281266709232 19.7532
38.79641586862214 19.7286
38.8200207821842 19.6709
38.843627409152944 19.6214
38.86742019782782 19.6602
38.891030269149255 19.5465
38.914642058016156 19.5705
38.938255565806124 19.5552
38.96205529464307 19.5216
38.98567225787121 19.4981
39.00929094417078 19.5467
39.03291135492255 19.4699
39.05671804624804 19.3757
39.080341923549106 19.382
39.103967529460334 19.3098
39.127594865365744 19.2697
39.15140854155791 19.2521
39.17503935514948 19.239
39.19867190290282 19.2232
39.22249083587951 19.1511
39.24612686969409 19.1811
39.269764641845306 19.1148
39.293404153722804 19.0297
39.317230110864074 18.9364
39.34087311998506 18.918
39.36451787301696 19.0009
39.388164371352595 18.9371
39.41199737518003 18.8602
39.43564738196752 18.8411
39.45929913825317 18.8402
39.48295264543308 18.9051
39.506792718520884 18.8059
39.530449745387216 18.7763
39.55410852735203 18.7465
39.57776906581474 18.7752
39.60161623079 18.7142
39.625280300200025 18.7275
39.64894613032202 18.6427
39.67261372255866 18.5897
39.6964680021016 18.5866
39.72013913657293 18.5454
39.74381203738292 18.4987
39.76748670593756 18.4973
39.79134812278169 18.445999999999998
39.81502634488497 18.4217
39.83870633896685 18.3945
39.862388106436654 18.3915
39.88625668336918 18.3317
39.90994201572829 18.3619
39.933629125719285 18.3096
39.957503091207826 18.2157
39.9811937746168 18.2883
40.00488623990914 18.2018
40.02858048850006 18.1458
40.05246165409549 18.0663
40.076159487492085 18.049
40.099859108448875 18.1023
40.123560518384345 18.0862
40.1474489070226 18.0512
40.171153913178564 17.9909
40.194860712584955 17.9835
40.2185693066637 17.9357
40.242464941335314 17.8967
40.26617714307655 17.8875
40.289891143772046 17.8994
40.3136069448471 17.8128
40.33750984859743 17.8159
40.3612292688043 17.7821
40.3849504936829 17.713
40.40867352466194 17.719
40.43258372059144 17.6004
40.45631038219906 17.6699
40.48003885420956 17.5892
40.503769138055105 17.657
40.52768664931955 17.576
40.55142057531802 17.4865
40.57515631746428 17.4794
40.599079334038514 17.5371
40.62281872700477 17.4816
40.64655994043941 17.4194
40.67030297578061 17.3938
40.69423334835778 17.4032
40.71798004609188 17.3371
40.74172857006355 17.3621
40.76547892171441 17.3075
40.7894166736039 17.2351
40.813170699248566 17.1952
40.83692655691388 17.1236
40.86068424804498 17.149
40.884629402612525 17.1473
40.908390779366385 17.1255
40.932153993938 17.1035
40.95591904777605 17.0597
40.979871628443995 17.0739
41.003640379561936 17.0544
41.02741097430883 16.9908
41.05118341413683 16.9796
41.075143444384416 16.9884
41.098919593177826 16.9065
41.1226975914255 16.8912
41.14647744058318 16.8224
41.170444943946755 16.8115
41.19422851378379 16.7676
41.218013938914645 16.7747
41.24198706625173 16.6807
41.26577622087193 16.6508
41.289567235177785 16.6368
41.31336011063129 16.6852
41.337340752422875 16.6223
41.361137369129835 16.5649
41.38493585138705 16.577
41.40873620066004 16.5362
41.43272438060107 16.4848
41.45652848292052 16.4679
41.48033445666918 16.4563
41.50414230331616 16.4435
41.528138045159764 16.4327
41.551949656675205 16.3384
41.575763145513235 16.3255
41.59957851314666 16.2937
41.62358184070442 16.2288
41.64740098505737 16.2483
41.6712220126409 16.2102
41.69504492493139 16.2053
41.71905586207357 16.1868
41.74288256296395 16.1655
41.766711153007456 16.1243
41.79054163368412 16.1129
41.814560204340054 16.1114
41.838394485526365 16.0307
41.86223066180303 15.9884
41.88625497706819 15.9789
41.910094962812 16.0572
41.93393684811168 15.9554
41.95778063445365 15.8984
41.981812625263366 15.8892
42.00566023303407 15.8869
42.029509746323676 15.8397
42.05336116662236 15.8124
42.077400857069705 15.8195
42.10125611078846 15.7096
42.12511327600405 15.7031
42.14897235421036 15.6775
42.173019768448455 15.6511
42.19688269209613 15.5929
42.22074753323349 15.623
42.24461429335818 15.6384
42.268669455600495 15.5959
42.292540073217886 15.5385
42.31641261433284 15.5109
42.34028708044675 15.5121
42.36435001496739 15.5248
42.38822835065557 15.4957
42.41210861586426 15.3864
42.4359908120986 15.3886
42.46006154323262 15.3634
42.48394762115317 15.3483
42.507835634632315 15.2781
42.531912233047436 15.2731
42.55580413732265 15.2595
42.579697981698 15.2108
42.60359376768525 15.1604
42.62767820545945 15.1551
42.65157789440821 15.1671
42.67547952952185 15.1271
42.699383112316 15.119000000000002
42.72347541395347 15.0875
42.74738291190531 15.0516
42.771292362102166 15.0346
42.795203766063516 15.0075
42.819303956130405 14.944
42.843219287476536 14.914000000000001
42.86713657716324 14.9495
42.89105582671383 14.9039
42.91516392983864 14.8214
42.939087119032166 14.7994
42.963012272677304 14.8385
42.98693939230129 14.780999999999999
43.01105543317513 14.7696
43.034986504731386 14.7579
43.05891954686589 14.6932
43.08285456110972 14.6466
43.10697856448665 14.6104
43.130917542983475 14.6042
43.15485849820081 14.6442
43.17880143167367 14.6255
43.20293342237094 14.5979
43.226880332449 14.5279
43.25082922540554 14.48
43.27496722682525 14.4691
43.29892010567796 14.5042
43.32287497204102 14.4614
43.34683182745632 14.3922
43.370977859791836 14.390999999999998
43.39493871351105 14.3848
43.41890156092628 14.3618
43.44286640358341 14.3092
43.46702049182749 14.2758
43.49098934522816 14.251
43.51496019852649 14.231
43.5389330532723 14.1892
43.56309522248204 14.1999
43.58707210044314 14.1405
43.61105098451946 14.1528
43.63503187626491 14.0896
43.659202151562134 14.0922
43.68318707902681 14.0575
43.70717401884041 14.0683
43.731162972560874 13.9619
43.75534137913236 13.9972
43.779334381108384 13.9904
43.803329401683186 13.9178
43.82732644241872 13.9218
43.8515130055166 13.9391
43.87551410707659 13.8923
43.89951723350145 13.8264
43.923709934595614 13.8621
43.94771713129917 13.7773
43.97172635758096 13.7722
43.99573761501002 13.7689
44.0199385169922 13.7429
44.04395385732619 13.7134
44.067971233533086 13.6926
44.09199064718605 13.6555
44.11619977548961 13.6681
44.14022328470671 13.6035
44.16424883610785 13.6077
44.18827643127035 13.5267
44.21249381139513 13.5302
44.236525514814076 13.4921
44.26055926674478 13.5049
44.28459506876863 13.4701
44.3088207262813 13.4227
44.33286064928722 13.4164
44.35690262714919 13.3748
44.38094666145278 13.3748
44.4051806219871 13.3347
44.42922879003185 13.3222
44.45327901929361 13.3059
44.477331311362136 13.2558
44.501573600619416 13.2232
44.525630039221795 13.2
44.54968854541895 13.2418
44.573937102200176 13.2286
44.5979997645541 13.2057
44.622064499300315 13.1183
44.64613130803592 13.0995
44.67038823869318 13.1067
44.69445921643748 13.0634
44.718532272981385 13.0016
44.742607409926194 13.001
44.76687274034801 13.0299
44.79095205918753 12.9564
44.81503346325094 13.0023
44.839116954143876 12.9782
44.86339071028742 12.9241
44.88747839599524 12.8974
44.91156817336837 12.8732
44.93566004401666 12.8747
44.959942251908146 12.882
44.984038330325966 12.8217
45.00813650686762 12.7537
45.03223678314731 12.7583
45.05652746888232 12.7336
45.08063196592069 12.7063
45.104738567558705 12.693
45.128847275414856 12.6826
45.15314646515866 12.6217
45.17725940679741 12.5769
45.20137445952892 12.5858
45.22568004865265 12.5673
45.24979934496396 12.5206
45.27392075725247 12.5561
45.29804428714431 12.5315
45.322358426247604 12.4876
45.346486212804315 12.4426
45.370616121861914 12.4339
45.39474815505086 12.3926
45.41907087049246 12.3763
45.4432071734666 12.38
45.46734560548283 12.3507
45.49148616817604 12.3647
45.51581748638564 12.3751
45.5399623320197 12.2542
45.56410931325473 12.2691
45.58825843173002 12.255999999999998
45.61259837920865 12.2124
45.636751793816 12.2163
45.66090735060093 12.1497
45.68506505120716 12.142999999999999
45.7094136545275 12.0963
45.73357566449271 12.0914
45.75773982322992 12.083
45.78190613238733 12.1316
45.806263418194064 12.0509
45.83043404997326 12.0382
45.85460683713677 11.9871
45.87897065658495 11.9741
45.90314777634752 11.937999999999999
45.92732705646868 11.9452
45.9515084986045 11.9161
45.97588104735473 11.9294
46.00006683541565 11.9025
46.02425479047904 11.8806
46.04844491420549 11.8674
46.0728262191024 11.8314
46.09702070211635 11.8039
46.12121735879483 11.7665
46.14541619080294 11.7858
46.169806278764455 11.7493
46.194009483459034 11.7346
46.21821486849841 11.6924
46.24242243555223 11.6467
46.266821333570014 11.6269
46.29103328674601 11.6391
46.31524742696538 11.604000000000001
46.33946375590237 11.5785
46.36387149104216 11.542
46.38809221957392 11.5367
46.41231514186606 11.5404
46.436540259597464 11.5286
46.460956858999374 11.495
46.48518638983522 11.4764
46.509418121166966 11.4531
46.533652054678114 11.4272
46.55807754555709 11.3959
46.58231590571962 11.3899
46.60655647313217 11.3668
46.630988654873654 11.3327
46.655233659129024 11.295
46.67948087571551 11.2586
46.70373030632484 11.2822
46.72817142736393 11.2823
46.752425308428684 11.2296
46.77668140861147 11.2153
46.80093972960865 11.1338
46.82538981736788 11.1586
46.849652602470904 11.1091
46.87391761349769 11.0832
46.8981848521493 11.067
46.9226439341274 11.0519
46.946915650573224 11.0886
46.97118959976749 11.0299
46.99546578341598 10.989
47.019933887188216 11.0149
47.04421456235744 10.9844
47.06849747711879 10.9352
47.09278263318286 10.9182
47.11725978640143 10.9188
47.14154944775105 10.8939
47.165841355555656 10.8831
47.1901355115306 10.8357
47.214621741924994 10.8623
47.23892041698887 10.8344
47.26322134538975 10.7806
47.28771440635075 10.7658
47.31201986422527 10.769
47.33632758061436 10.7073
47.360637557241866 10.7082
47.38513974410611 10.6881
47.40945426407847 10.6413
47.43377104948137 10.6832
47.45809010204344 10.6094
47.48260144275502 10.6186
47.506925052572285 10.5861
47.53125093475548 10.5664
47.55557909103813 10.5961
47.58009961361992 10.5473
47.60443234110732 10.5286
47.62876734791564 10.5159
47.65310463578333 10.4716
47.6776343683373 10.484000000000002
47.7019762413987 10.4274
47.72632040075572 10.429
47.75066684815169 10.367
47.77520581885936 10.3666
47.799556865477655 10.3938
47.823910205386 10.3498
47.84826584033272 10.2995
47.87281407745551 10.3016
47.89717432569297 10.3007
47.92153687423484 10.2922
47.94609208429692 10.2655
47.97045925671401 10.2207
47.99482873471275 10.1675
48.01920052005013 10.1644
48.04376504619224 10.1553
48.068141469543484 10.2014
48.09252020552573 10.1621
48.11690125590099 10.1604
48.1414751266064 10.1387
48.16586082917454 10.1268
48.19024885144316 10.0497
48.2146391951793 10.0422
48.239222439012764 10.0301
48.26361744916137 10.0285
48.28801478610016 10.0125
48.31241445160131 10.0052
48.337007097209366 9.98511
48.36141144338331 9.95988
48.38581812345755 9.9021
48.41022713920929 9.90715
48.434829215320704 9.877839999999999
48.45924292604658 9.88423
48.48365897780325 9.88313
48.50807737237308 9.86058
48.532688907799276 9.83014
48.55711201168574 9.79387
48.581537463754074 9.78191
48.60615611725119 9.78916
48.63058628942721 9.765239999999999
48.65501881516546 9.73152
48.6794536962573 9.72385
48.70408185970339 9.68703
48.72852147531801 9.71066
48.75296345168211 9.64229
48.77740779059232 9.65037
48.80204549302823 9.646519999999999
48.82649458091802 9.61394
48.85094603676547 9.55521
48.87539986237231 9.525
48.90004713292306 9.52582
48.92450572200832 9.54572
48.94896668628025 9.52166
48.97343002754588 9.500960000000001
48.99808689542115 9.49886
49.02255501470614 9.44331
49.04702551642794 9.46909
49.0714984023988 9.44605
49.096164896893235 9.413210000000001
49.120642575466796 9.36755
49.145122643748394 9.39903
49.16960510355558 9.327010000000001
49.19428125404938 9.33105
49.2187685210852 9.341289999999999
49.243258185121555 9.3039
49.26794160167084 9.28636
49.2924360839405 9.278889999999999
49.31693296869764 9.23965
49.34143225776915 9.22767
49.36612538195438 9.17202
49.39062950396021 9.16664
49.41513603578346 9.18269
49.4396449792564 9.15077
49.46434784069503 9.1648
49.488861631846454 9.07041
49.513377840166804 9.12898
49.537896467493745 9.07832
49.56260909589029 9.05282
49.587132585683285 9.04255
49.611658500018365 9.04664
49.636186840738596 9.0214
49.66090926588511 9.00689
49.685442483902584 8.9647
49.70997813385706 8.93437
49.734516217597076 8.93103
49.75924846937352 8.94096
49.7837914452858 8.8972
49.80833686055187 8.85825
49.83288471702571 8.864510000000001
49.85762682540054 8.8502
49.882179588965734 8.81987
49.9067347993235 8.8172
49.93129245833333 8.79095
49.95604445336378 8.86156
49.98060703442832 8.765830000000001
50.005172069746266 8.78849
50.02993150438364 8.7741
50.05450147301533 8.741530000000001
50.07907390151433 8.701080000000001
50.10364879174981 8.682830000000001
50.12841816587289 8.67469
50.1529980044635 8.66888
50.17758031042124 8.655
50.20216508562089 8.63405
50.22694442953363 8.6149
50.25153416817468 8.587069999999999
50.27612638170508 8.56555
50.300721072005196 8.55533
50.325510416102105 8.55906
50.350110084975064 8.542119999999999
50.37471223628208 8.51507
50.39931687190919 8.50412
50.424116246675766 8.456489999999999
50.44872587605249 8.44023
50.47333799543065 8.44443
50.49795260670191 8.43498
50.52276204271512 8.39878
50.54738166295838 8.40726
50.57200378079314 8.39385
50.596628398116835 8.35699
50.62144792604559 8.33595
50.646077567609396 8.329130000000001
50.670709714377715 8.3434
50.69553683636198 8.31851
50.72017401885922 8.26194
50.7448137122895 8.22325
50.76945591856022 8.26246
50.79429318636823 8.220939999999999
50.818940443716784 8.239980000000001
50.84359021965163 8.19439
50.868242516085964 8.19587
50.893089960641895 8.18941
50.917747323549435 8.178560000000001
50.94240721271973 8.168660000000001
50.96706963007175 8.12754
50.99192728239342 8.14274
51.01659478166073 8.11991
51.04126481489051 8.08496
51.06593738400761 8.058010000000001
51.090805275207074 8.03351
51.11548294172845 8.0289
51.14016314993547 8.007
51.164845901758845 8.00558
51.18972406304274 7.98758
51.21441192780656 7.96081
51.23910234200271 7.94229
51.2637953075678 7.94035
51.288683770237945 7.93642
51.31338186432707 7.871560000000001
51.33808251561888 7.878989999999999
51.362978729967345 7.86447
51.387684521509755 7.87113
51.41239287610203 7.8667300000000004
51.437103795691165 7.793639999999999
51.46201036644977 7.7715
51.486726441956634 7.781000000000001
51.51144508832545 7.78003
51.536166307509156 7.7412399999999995
51.56108326624387 7.767760000000001
51.58580965706056 7.734139999999999
51.61053862657523 7.693239999999999
51.635270176746864 7.66506
51.66019755512065 7.657489999999999
51.68493429268881 7.65775
51.70967361681515 7.64439
51.73441552946465 7.60955
51.759353359237934 7.58395
51.7841004750961 7.56693
51.80885018539685 7.5689
51.833602492111254 7.5871
51.8585508051424 7.53745
51.883308330926425 7.547960000000001
51.90806845906181 7.53746
51.932831191525715 7.480119999999999
51.95779001977161 7.478680000000001
51.98255798721516 7.45224
52.00732856494335 7.44353
52.03229530577543 7.46231
52.057071130455945 7.4365
52.081849571391054 7.412939999999999
52.106630630568695 7.368939999999999
52.13160794279417 7.3622
52.15639426492067 7.37357
52.18118321127822 7.38865
52.205974783860896 7.35555
52.23096269971011 7.324739999999999
52.255759551287994 7.323869999999999
52.280559035098186 7.2577300000000005
52.30536115314103 7.25845
52.33035970494467 7.250839999999999
52.35516711807904 7.237989999999999
52.37997717147198 7.206980000000001
52.40478986713005 7.1644
52.42979908731974 7.21585
52.454617094216 7.17703
52.47943774942214 7.12023
52.50426105495102 7.120939999999999
52.529280976059844 7.10217
52.554109609024096 7.09478
52.57894089837482 7.0707
52.60377484613117 7.07655
52.62880550079408 7.121519999999999
52.65364479223379 7.0771
52.67848674816189 7.039280000000001
52.70352547971946 7.00363
52.72837279155837 6.98085
52.753222773982785 6.9459
52.778075429022984 6.988239999999999
52.80312495150885 6.963760000000001
52.827982978797436 6.979310000000001
52.85284368481815 6.91598
52.87770707160767 6.93922
52.90276741793998 6.88713
52.92763619336701 6.911969999999999
52.952507655698504 6.8711199999999995
52.977381806977576 6.907610000000001
53.00245301017842 6.883319999999999
53.02733256653592 6.84448
53.052214817996074 6.83157
53.077099766608484 6.79165
53.102181859804446 6.834060000000001
53.127072229988265 6.7833
53.15196530349892 6.748410000000001
53.17686108239249 6.750939999999999
53.20195409881522 6.713760000000001
53.22685531582556 6.73398
53.25175924441303 6.69827
53.27666588664027 6.69186
53.30176985962693 6.68364
53.3266819565689 6.63426
53.35159677336455 6.64319
53.376514312083096 6.6379
53.40162927507703 6.6066
53.42655228516116 6.63385
53.45147802340193 6.59576
53.47660125628886 6.57066
53.50153247842639 6.5742199999999995
53.52646643496923 6.53998
53.55140312799818 6.57182
53.576537409691696 6.5141800000000005
53.60147960336152 6.50665
53.626424539786164 6.48979
53.65137222105307 6.473730000000001
53.67651758529126 6.4612300000000005
53.70147078399681 6.45405
53.72642673383343 6.42773
53.75138543689533 6.450419999999999
53.776541917524526 6.43271
53.801506154876755 6.40949
53.826473151763246 6.42557
53.851442910284916 6.33324
53.87661054126026 6.34424
53.9015858509782 6.37846
53.92656392866066 6.27856
53.95154477641532 6.3119
53.976723591801296 6.25676
54.00171000771266 6.28127
54.02669920004598 6.27243
54.051691170915745 6.2699300000000004
54.076881204886796 6.1888
54.101878760928514 6.232530000000001
54.12687910187696 6.20162
54.152077577768296 6.1576699999999995
54.1770835166946 6.2054
54.20209224691339 6.18241
54.22710377055121 6.11921
54.25231352511594 6.1474400000000005
54.27733066384342 6.12263
54.30235060239643 6.10732
54.32737334290836 6.1153
54.35259441062629 6.07501
54.377622783395324 6.05502
54.40265396455061 6.02844
54.42768795623251 6.00186
54.45292037169559 5.9793400000000005
54.477960012857906 5.97893
54.50300247099511 5.96077
54.52804774825457 5.9534
54.55329154616743 5.94046
54.57834249018678 5.89461
54.6033962597977 5.8674
54.6284528571545 5.8545300000000005
54.653708072335164 5.82899
54.67877035378786 5.82412
54.70383546947698 5.81439
54.72890342156389 5.7701
54.7541700889442 5.72396
54.77924374251975 5.72801
54.8043202390049 5.7163900000000005
54.82959552413022 5.64302
54.8546777351945 5.68015
54.87976279569621 5.64974
54.90485070780914 5.68464
54.930137506558005 5.6083099999999995
54.95523115074295 5.64499
54.98032765308844 5.61808
55.005427015775496 5.55035
55.03072536339621 5.59281
55.05583047570572 5.53719
55.080938454927676 5.51945
55.10604930325027 5.47475
55.131359235107396 5.46323
55.15647585066083 5.40766
55.181595341907496 5.43283
55.20671771104285 5.41389
55.232039262617704 5.38911
55.25716741665048 5.3727800000000006
55.28229845518636 5.34152
55.30743238042802 5.29354
55.33276558731939 5.29973
55.357905315183636 5.25241
55.383047936390035 5.21399
55.40819345314859 5.2274400000000005
55.433538351073295 5.221830000000001
55.458689688238415 5.1820699999999995
55.483843927614096 5.16376
55.509197623043605 5.13214
55.53435769621134 5.11428
55.55952067826466 5.07251
55.5846865714265 5.07826
55.61005202069737 5.04668
55.63522376553902 5.01241
55.66039842818645 4.9787099999999995
55.68557601087004 4.96916
55.7109532500271 4.90575
55.73613670233794 4.94036
