TT I
1.2716486653135266 7.3389
1.2939594142134223 6.95701
1.3162702121660406 6.5749699999999995
1.3385810600174564 6.638039999999999
1.3608919586137629 7.0663
1.383202908801069 6.4999400000000005
1.405513911425503 6.176069999999999
1.4278249673332093 6.945860000000001
1.4501343378461518 6.53472
1.4724455028545926 6.167000000000001
1.4947567236847858 5.9711
1.517068001182951 5.90878
1.5393793361953272 6.14837
1.5616907295681737 5.686640000000001
1.5840021821477681 5.94485
1.60631369478041 6.18765
1.6286252683124185 5.43854
1.6509369035901333 5.6569199999999995
1.6732468618895553 5.51306
1.695558623192809 5.11041
1.7178704487808514 5.44638
1.7401823395001077 4.98297
1.7625012545597203 5.3512900000000005
1.7848028405262486 5.3288400000000005
1.8071218901122095 4.8285
1.8294236121921872 4.84281
1.8517427996910911 5.1001199999999995
1.8740620574440425 4.69921
1.8963639900671978 4.64991
1.9186833908139995 4.959169999999999
1.9409854680117449 4.80756
1.9633050151394713 5.23197
1.9856246367570705 5.1333
2.0079269371922672 5.33671
2.03024671027244 4.68516
2.0525491637446027 4.79415
2.074869091674931 4.7691099999999995
2.097171701569106 4.5771
2.1194917877373847 4.87191
2.141811954326636 5.32848
2.164114805233074 5.5191099999999995
2.186435135143035 6.44505
2.208738150935709 15.0317
2.231058647554722 30.8277
2.2533792288321184 23.8534
2.275682498336085 10.5769
2.298003251406138 6.2004
2.3203066942619714 5.60164
2.3426276225136022 5.060630000000001
2.3649486396617507 5.2773699999999995
2.387252348930071 5.950080000000001
2.4095735463442893 5.35479
2.4318774374315884 5.67488
2.4541988185014043 5.95587
2.476502894794693 7.274789999999999
2.498824462909887 6.69486
2.521146125856138 6.55823
2.5434504863470337 6.79895
2.5657723414244717 7.172739999999999
2.588076895590662 8.27625
2.610398946189713 8.29807
2.6327210958598384 7.28666
2.6550259469304716 6.46322
2.6773482972090137 7.768510000000001
2.6996533504259 8.375739999999999
2.7219759047039602 8.22039
2.744298562293959 8.28273
2.7666039251246595 8.03144
2.7889267918020164 8.16276
2.8112323652516555 8.091389999999999
2.833555444408179 8.50504
2.8558786311183852 8.1228
2.8781845268938557 8.79987
2.9005079311721484 8.60017
2.9228140460410397 8.51655
2.9451376712799635 8.94288
2.967444008632326 9.68972
2.9897678582247247 10.064
3.0120918213106695 10.4726
3.0343984987899373 10.8528
3.0567226913198637 11.2761
3.079029599759726 12.1317
3.101354025127254 12.5868
3.123678568232338 12.843
3.145985829517914 12.6377
3.16831061055229 13.6821
3.1906181112775593 14.4104
3.212943133635653 15.0974
3.2352682779763207 15.5
3.2575761442691227 15.4161
3.2799015350264273 15.8002
3.302209649240067 16.3099
3.3245352898092655 17.0016
3.3468436553365257 17.4758
3.369169549113219 17.6174
3.3914955708171384 19.2199
3.413804319727358 19.3009
3.4361305997334863 19.2118
3.4584396084414553 19.829
3.4807661501462652 20.2505
3.503092824025881 20.9249
3.5254022288463154 21.3854
3.5477291695206588 22.2497
3.5700388426251948 22.6389
3.5923660534916446 24.3618
3.6146934007816114 40.687
3.637003482731501 97.1599
3.6593311053109985 107.51700000000001
3.681641464033634 60.2927
3.7039693653009733 31.4325
3.726297407241705 26.5952
3.7486081875460804 26.096999999999998
3.7709365132734978 26.1759
3.793247578841633 27.0056
3.8155761917550093 26.8338
3.8378875459837216 27.0413
3.8602164494827234 27.7332
3.882545499606844 28.8248
3.9048572932539183 29.4705
3.9271866390645718 30.1192
3.9494987298666713 30.1623
3.971828374764527 30.9366
3.9941581705403255 31.6318
4.016470713506008 31.9462
4.038800813471445 32.4772
4.061113662089144 33.1649
4.0834440696459176 34.3155
4.105774632334751 34.4807
4.128087945865126 35.4644
4.150418821249301 36.4304
4.172732448931298 37.7001
4.195063640413578 39.3576
4.2173775856475215 44.2595
4.239709096631102 79.6512
4.262040768704612 259.253
4.284355196706267 349.406
4.306687193387355 222.465
4.329001947444346 85.8918
4.35133427213731 49.8606
4.373666762177566 45.7067
4.395982011761091 45.2897
4.418314834921175 46.5852
4.44063041906622 55.0809
4.4629635787515625 67.2262
4.4852969080429785 66.6714
4.5076130004776225 55.4903
4.529946671403969 51.1165
4.552263106909177 50.8675
4.574597122877047 51.7123
4.596931312711224 52.5644
4.619248269273446 53.4447
4.6415828092605835 54.5349
4.663900117405352 56.364
4.686235010953232 57.5105
4.708552674085913 58.7986
4.730887924602802 60.6581
4.753223354952695 61.6523
4.775541557023902 63.0289
4.797877349456786 64.4632
4.820195915032126 66.6614
4.842532072957498 67.9414
4.864868414979744 70.2316
4.88718753227192 72.5357
4.909524244902505 73.7613
4.931843734218147 75.8955
4.954180820867835 78.3796
4.976518095879839 81.8184
4.998838149695359 84.2431
5.021175803844231 87.9991
5.043496238205739 91.9708
5.065834274903528 96.339
5.088172504230693 100.773
5.1104935158799565 107.961
5.132832132875765 132.185
5.155153533596801 180.795
5.1774925416746225 218.65400000000002
5.199814334878411 390.843
5.2221537374521505 1112.6
5.244493338631803 2979.73
5.266815727034316 7386.13
5.289155727832427 12165.7
5.311478517248165 9109.44
5.333818921080011 3280.01
5.356159527788849 670.5369999999999
5.3784829252032536 205.088
5.400823940070432 153.15
5.423147747031976 134.217
5.445489173474152 123.22
5.467830807066149 117.463
5.490155234831516 112.36200000000001
5.512497285125229 107.848
5.534822130975162 105.90299999999999
5.557164601388673 104.205
5.579489868738879 101.334
5.601832762690846 100.54799999999999
5.6241758697774475 99.6348
5.646501775867269 98.5223
5.668845311622074 96.8551
5.691171647754637 95.9227
5.713515615597765 94.9256
5.735859800852677 93.43299999999999
5.758186788542988 92.6532
5.780531411018185 93.2054
5.802858837297399 92.2184
5.825203900414495 92.4307
5.8475491852224 93.6875
5.869877275883075 93.8113
5.892223006467101 94.8259
5.914551544266608 95.664
5.936897724049891 99.0034
5.959244129804903 104.61200000000001
5.981573344815301 124.323
6.0039202049061 218.84599999999998
6.026249875609095 481.26199999999994
6.04859719346037 1011.11
6.070927323278297 2195.79
6.093275102315365 4103.63
6.115623113320588 5171.91
6.137953938319995 3512.76
6.160302415650845 1220.05
6.182633708324452 294.027
6.2049826554078376 124.509
6.227331838745022 97.2547
6.249663839443684 88.4415
6.27201349767565 84.9701
6.294345974611799 91.9397
6.316696111167083 104.729
6.339046488263839 98.3866
6.361379686074702 81.8629
6.383730546639482 73.3008
6.406064229255215 70.3242
6.428415576718203 69.4308
6.450749747566656 68.104
6.47310158535871 67.2321
6.495453669698332 66.2797
6.517788579421056 66.1228
6.540141159237969 64.8873
6.562476565766648 64.4344
6.5848296444934045 63.9937
6.607182974060425 63.7419
6.6295191323281015 63.6241
6.651872965955752 67.6906
6.6742096296068985 96.90299999999999
6.6965639707294615 149.035
6.71891856698715 148.642
6.741255995248479 98.9785
6.763611104154477 69.9378
6.785949046381137 61.4182
6.808304671371482 59.6957
6.8306605557940046 59.1799
6.852999275508618 58.3221
6.875355681171544 57.8308
6.897694923437771 57.6686
6.92005185377892 57.5696
6.9423916220322655 57.7201
6.964749080490181 56.8047
6.987106804399774 56.6055
7.009447368180821 56.4465
7.031805625367033 56.4369
7.054146723727803 56.239
7.076505517631004 56.3737
7.098864581288365 56.5
7.121206488070854 56.0528
7.143566093607822 55.9736
7.165908543567245 56.4089
7.188268694426048 56.2058
7.2106291193438095 56.2688
7.232972390625943 58.163999999999994
7.255333366030969 72.1301
7.277677189091925 132.57399999999998
7.300038718428332 186.08700000000002
7.322400526130865 155.094
7.344745183422596 93.3389
7.367107550224791 63.7325
7.389452767901992 57.5488
7.411815697249891 56.8012
7.434161478756298 55.3137
7.456524974096713 55.2346
7.478888753837185 55.2446
7.501235387657368 55.5137
7.523599738562711 55.8111
7.545946944825532 55.9857
7.568311870344528 56.1444
7.5906770845765665 56.4639
7.613025156078678 57.8944
7.635390950099687 59.3036
7.657739602662809 57.9686
7.680105979923558 56.945
7.702472650212829 57.1284
7.724822180948224 56.7715
7.747189439655568 56.7858
7.769539560075357 57.1975
7.791907410653562 57.8189
7.81425812420825 57.6255
7.836626570110925 57.5578
7.858995315087906 58.218999999999994
7.881346924933401 58.4874
7.903716270417482 59.3086
7.926068482028405 59.5615
7.948438431475253 60.1466
7.9708086843180235 60.6408
7.993161805171116 61.4254
8.015532667162402 61.7739
8.037886398416653 62.883
8.060257873014221 63.0124
8.082629655331942 63.7316
8.104984308787587 64.5875
8.127356708900503 68.1034
8.149711981398308 74.7906
8.172085002766314 77.2425
8.194458336181368 73.4695
8.216814543847752 70.7034
8.23918850371002 70.6772
8.26154533906492 71.0712
8.283919928836452 72.5166
8.306277395339652 73.6096
8.328652618483376 75.0561
8.351028159736202 77.2873
8.373386579575245 79.3776
8.395762759396959 81.2574
8.418121819038275 86.7007
8.440498640894003 101.04299999999999
8.462875785192262 116.77
8.485235811156207 128.592
8.507613602688501 169.047
8.529974277114228 260.741
8.552352719347912 401.87800000000004
8.574731488360351 668.6139999999999
8.59709314210385 1151.6
8.619472567021075 1776.13
8.64183487789147 2142.81
8.664214962183097 1877.27
8.686577933647762 1066.52
8.708958680784317 411.34
8.731339760774953 180.325
8.753703729764451 117.40700000000001
8.77608547780821 102.238
8.798450116065078 97.7949
8.820832535634787 94.5774
8.843215292401656 92.7544
8.865580941199045 90.9608
8.887964374703538 90.2436
8.910330701447199 91.0652
8.932714815164482 93.75200000000001
8.955099270424924 93.1532
8.977466620733543 89.5994
8.999851761421976 86.7331
9.022219798361645 84.9087
9.04460562795561 84.3574
9.066991803441677 83.96700000000001
9.089360876979615 83.8598
9.111747746589993 83.5353
9.13411751544971 82.7494
9.156505082664324 82.6407
9.178875550323522 83.0031
9.20126381862328 83.5557
9.223652438908596 83.4652
9.246023961427412 83.4225
9.26841328802173 82.8691
9.290785518039224 83.0524
9.313175554425882 83.6382
9.335565947154315 83.4033
9.357939245086508 83.9276
9.380330352834827 83.8793
9.40270436697103 84.1112
9.425096193225055 84.0379
9.447488380180165 84.7725
9.469863475295412 84.8606
9.492256385987508 85.7331
9.514632206018318 86.3449
9.537025843935714 86.49799999999999
9.559402392368193 87.5014
9.581796761000229 88.3726
9.604191496441521 89.3023
9.626569144158516 93.2829
9.648964615551032 98.4517
9.671343000390081 100.476
9.693739211225699 97.9451
9.716135793237463 94.78
9.738515290448102 94.3033
9.760912617143402 95.2639
9.783292860202891 96.2384
9.805690935076182 97.5217
9.828089385495742 98.6945
9.850470754023561 101.16799999999999
9.872869957865444 109.745
9.89525208097539 126.368
9.917652041736662 140.333
9.940052382417589 139.115
9.962435644102392 144.101
9.984836746950979 180.833
10.007220771957746 248.513
10.029622640473708 355.49300000000005
10.052007432299963 529.625
10.074410069984072 804.078
10.096813093716005 1208.2
10.119199042482517 1650.72
10.141602840636468 1901.67
10.163989564971628 1627.25
10.186394141051062 981.972
10.208799107559706 445.36400000000003
10.231187001965623 212.488
10.253592751657669 134.954
10.275981430388155 116.78
10.298387966769793 115.465
10.320794897965431 118.777
10.343184759907361 117.30799999999999
10.36559248305461 110.999
10.387983138083852 106.499
10.410391656691655 108.819
10.432800574501677 119.932
10.455192425893369 137.16299999999998
10.47760214443012 162.736
10.499994797678786 205.37099999999998
10.522405320453982 281.932
10.54479877906917 391.60699999999997
10.567210109595656 493.81300000000005
10.5896218454736 551.88
10.612016518879773 508.162
10.634429067781074 375.129
10.656824555333241 224.217
10.679237920773568 134.08700000000002
10.701651695961992 99.8643
10.724048411481384 91.1249
10.746463008485165 87.8806
10.768860546937125 86.0064
10.791275969274796 84.3239
10.81369180576079 83.2353
10.836090585366925 82.1927
10.858507252467449 80.9978
10.88090686379991 80.1674
10.903324365036394 79.4205
10.925724811614439 79.578
10.948143150509463 81.0708
10.970561909719066 80.2334
10.992963615930844 78.0576
11.015383218085756 75.8739
11.037785768347074 74.5515
11.06020621697282 73.8673
11.082627090322113 73.1186
11.105030913430326 72.6641
11.12745263854165 73.7865
11.149857314510728 77.6025
11.172279894912576 84.31700000000001
11.194702904450653 85.1969
11.217108866490921 80.4838
11.239532736615194 75.6132
11.26193956033512 73.1549
11.284364294577085 71.8102
11.306789462371718 69.4537
11.329197585398376 68.0137
11.351623622610898 67.8169
11.37403261614354 66.9325
11.396459526308487 66.8578
11.418869393879497 66.4397
11.441297180532617 66.0971
11.463725406927658 65.836
11.486136592353875 65.8152
11.508565700543707 66.3848
11.530977768845315 68.4834
11.553407762368774 69.1666
11.575838200059769 68.7665
11.598251599479612 66.2878
11.620682927815501 64.9075
11.64309721895548 64.7425
11.665529441478206 64.1996
11.687962112597958 63.7271
11.710377748130886 63.9521
11.732811318753434 63.6882
11.755227854859067 63.8553
11.777662328529495 63.6778
11.800079768750786 63.2739
11.822515149015453 63.1346
11.844950984084935 63.50899999999999
11.867369787303163 63.0148
11.889806534289491 63.1884
11.912226250487029 63.3726
11.934663912939751 63.6099
11.9571020346363 63.5652
11.979523127133968 63.8495
12.001962169624331 64.4111
12.024384183972964 65.3086
12.046824150809913 68.7145
12.069264581333726 74.0371
12.091687985297767 80.854
12.11412934550045 90.031
12.136553680195208 104.98
12.158995973632788 126.00399999999999
12.181438735204349 153.226
12.20386447284199 179.347
12.226308172985636 202.109
12.24873485024193 201.731
12.271179492516982 171.85299999999998
12.293607112949127 135.718
12.316052700916226 102.56200000000001
12.338498763250042 82.8176
12.360927805303868 72.1162
12.383374818673879 67.6695
12.405804812803074 65.7364
12.428252780773262 65.1981
12.45070122756722 65.24
12.473132656675375 64.8785
12.49558206341869 65.4793
12.518014453510101 65.1477
12.540464823770117 65.5481
12.562915677315177 65.9841
12.58534951575545 66.402
12.607801338171472 68.5124
12.630236146511358 74.5411
12.652688941369085 80.0288
12.675124723177234 80.1033
12.697578494048786 76.0023
12.720032754458185 71.1738
12.742470003354093 68.9076
12.764925245138771 68.8403
12.787363476431278 68.9375
12.809819703166806 69.2707
12.83227642391173 69.7954
12.854716135692716 70.5865
12.877173846755147 71.6877
12.899614549869717 71.9893
12.9220732548287 72.3786
12.94453245827299 73.2188
12.966974655289818 74.1986
12.989434858002571 74.8996
13.011878055298721 75.5059
13.034339260862497 76.6164
13.056800969391883 77.85300000000001
13.079245674017244 80.0617
13.101708390774869 81.8299
13.12415410463411 89.1323
13.146617833206086 101.704
13.169064559883248 114.369
13.191529303857127 128.83
13.213994557076367 151.69299999999998
13.236442809902437 186.253
13.258909083908291 236.303
13.28135835851934 296.302
13.30382565690295 359.283
13.326293469022952 415.458
13.348744283242008 424.917
13.371213125129904 371.05699999999996
13.39366497011003 279.607
13.416134845360597 189.4
13.438605238843131 131.44
13.46105863690397 109.779
13.483530069144786 107.959
13.505984506951902 113.196
13.528456981549432 123.28200000000001
13.550929978879088 138.067
13.573385983253365 160.34799999999998
13.595860028340867 196.49400000000003
13.618317081455832 242.854
13.64079217790333 291.779
13.663250283359057 333.276
13.685726434770173 362.913
13.708203115221277 340.025
13.730662806148091 277.03
13.75314054697177 202.551
13.775601299246777 139.872
13.798080104050406 102.986
13.820559442405358 87.7587
13.843021793671388 83.0815
13.865502201420897 81.2747
13.887965623051947 80.6191
13.910447103807167 79.3235
13.932929122629764 77.9995
13.955394156785959 77.729
13.977877254034569 77.0847
14.000343367582113 76.2651
14.022827546871707 75.4022
14.045294743423524 74.5296
14.06778000837062 73.9527
14.090265817715476 73.9298
14.112734645763819 73.205
14.13522154619454 73.2127
14.157691466286913 73.4447
14.180179461423874 73.2284
14.202668005486178 72.5176
14.22513957064374 71.7537
14.247629214846473 71.2038
14.270101881097517 71.0178
14.29259262906496 71.7373
14.315083930490205 72.2618
14.337558255389705 72.8872
14.360050666019726 72.3424
14.382526101071944 71.2401
14.405019624534942 70.0891
14.427513705993134 69.6613
14.449990813291825 69.8809
14.47248601302899 69.7051
14.49496423954951 69.6586
14.517460561197822 69.85
14.539939910570322 69.5108
14.562437357763558 69.9834
14.58493536931253 71.1399
14.607416409993311 72.2431
14.62991555254159 73.0959
14.652397725157423 72.945
14.674898002342799 72.1907
14.697398848433282 71.4196
14.719882725991326 71.8164
14.74238471217934 73.0282
14.764869730765593 76.1979
14.787372860692983 79.8689
14.809876564079925 84.82700000000001
14.83236330125751 90.5946
14.854868153850365 98.8895
14.877356041159485 111.83200000000001
14.899862046604186 129.524
14.922351087688757 151.655
14.944858249632887 177.972
14.967365991421232 200.18200000000002
14.989856770231246 216.955
15.012365673994204 216.011
15.03485761569738 192.463
15.05736768508665 155.122
15.07987833888692 120.855
15.102372032001655 95.2442
15.124883856909658 79.1977
15.14737872204565 73.5607
15.169891721717274 71.6542
15.192405310371893 71.7081
15.214901940621196 72.0369
15.237416709527137 72.0772
15.259914520936249 72.1808
15.282430473753607 71.1351
15.304947020131227 70.0655
15.327446610371178 69.1962
15.349964346154254 68.298
15.372465126703139 67.9815
15.394984055556009 67.6885
15.417486030076159 67.2284
15.44000615566487 66.9324
15.462526881230803 67.0285
15.485030653812652 67.0432
15.507552581617434 67.3506
15.530057557334603 67.3203
15.55258069104857 67.1473
15.575104429329837 67.3619
15.597611216864632 66.5857
15.620136166564563 66.7357
15.6426441664095 67.6214
15.665170331202765 69.9221
15.687697105158826 73.1222
15.710206930593545 77.0426
15.732734925158933 81.2131
15.755245972089478 87.5268
15.77777519094324 96.0433
15.800287463046663 107.90299999999999
15.822817909869592 125.545
15.84534897229804 144.335
15.867863089299354 166.75599999999997
15.890395385222186 181.013
15.912910736597423 191.417
15.935444269699861 182.24099999999999
15.957978423016485 159.679
15.980495633101265 129.44
16.003031029129367 102.73700000000001
16.02554948280019 80.7414
16.048086125229432 70.5447
16.070623392487107 67.1893
16.09314371869582 65.9098
16.11568223789321 64.9638
16.13820381691126 63.7291
16.160743591742527 62.7523
16.183283996022084 61.5846
16.205807461423195 60.5131
16.228349126881973 59.9589
16.25087385432698 59.7505
16.27341678466365 59.4289
16.29594277784926 59.3463
16.31848697676433 59.5536
16.341031811604868 60.133
16.36355971058487 60.2914
16.3861058195587 59.8794
16.40863499352978 58.7119
16.431182380342005 57.6339
16.453730407713202 57.0131
16.476261501364792 56.6311
16.498810812136167 56.4086
16.52134319004079 56.4938
16.54389378792203 56.3756
16.566445031001553 56.1095
16.588979342490088 56.0683
16.61153187824822 55.9408
16.634067483263312 55.6356
16.656621315414416 55.5884
16.679175797408888 55.1998
16.701713349928728 55.4328
16.72426913389191 55.685
16.74680798922351 55.6875
16.76936507887444 55.7868
16.791905240734874 55.8621
16.814463639794468 55.5331
16.837022695210294 55.7431
16.859564824093756 56.0237
16.882125194503903 56.7867
16.904668639217885 57.7031
16.927230328348003 57.9101
16.949792678493612 58.0445
16.972338104193863 57.2059
16.994901778652235 56.4117
17.017448529496576 56.2472
17.040013531998152 56.4888
17.06257920018044 57.0373
17.0851279459922 57.8959
17.107694947817667 58.7993
17.130245028099072 59.696000000000005
17.15281336730298 61.1844
17.17536478578733 62.6337
17.19793446610687 64.6085
17.220504818648422 67.2575
17.243058251703697 70.2486
17.265629950971032 74.59899999999999
17.288184731571736 78.4942
17.310757781306908 81.7802
17.33333150794385 83.2003
17.355888317140174 82.3978
17.37846339986244 78.6742
17.401021565958885 72.7056
17.42359800851343 67.671
17.44617513265564 63.4281
17.468735341390783 61.2939
17.491261035594565 60.1141
17.51396340099364 59.7296
17.536490463869136 60.0173
17.559018209820174 59.8789
17.58154663977963 59.7567
17.604251766089718 60.1137
17.626781572227713 60.2806
17.64931206518155 60.4312
17.671843245885103 61.1449
17.69455114821572 61.6162
17.717083712612634 61.7603
17.739616967569667 61.8839
17.762150914021706 62.0356
17.78486160749854 61.9623
17.807396945166804 62.8221
17.829932977143503 63.3551
17.85246970436452 65.0916
17.875183204129467 66.9465
17.897721330097664 69.3663
17.920260154126645 71.8984
17.942799677153296 74.8837
17.9655159983646 78.4893
17.988056927677544 83.439
18.010598558807683 90.6577
18.033140892692916 99.5537
18.05586005052525 109.101
18.07840379824407 119.46600000000001
18.10094825154059 130.251
18.12366954819864 137.41299999999998
18.146215420998306 138.67700000000002
18.16876200220057 133.529
18.191309292745153 121.626
18.214033452627167 107.412
18.236582170236648 95.1341
18.259131600016456 88.8998
18.281681742907335 87.5913
18.304408781233683 91.0812
18.32696035875955 95.3702
18.349512652227624 99.7921
18.372065662579683 104.38600000000001
18.394795594587553 105.92299999999999
18.41735004715306 104.45100000000001
18.43990521943684 99.2597
18.46246111238171 90.3291
18.485193953325208 80.4556
18.507751296070428 72.7329
18.530309362314178 67.8324
18.552868153000343 64.7532
18.57560391815056 63.2563
18.59816416623245 62.7635
18.620725141597372 62.4443
18.643286845190268 61.7604
18.666025549835414 61.133
18.688588718427933 60.5735
18.711152618092243 60.4144
18.73389353884365 60.4364
18.75645890921984 60.0339
18.77902501351406 59.6166
18.801591852673102 59.3857
18.824335739722738 58.9604
18.846904057212626 58.7414
18.8694731124168 58.3484
18.89204290628315 58.5971
18.914789774966803 58.3995
18.937361054791623 58.0235
18.959933076131318 57.9841
18.982505839934877 57.8858
19.00525570560582 57.9703
19.027829963004184 57.7538
19.05040496572238 57.7227
19.072980714710468 57.8274
19.095733592739563 57.8126
19.11831084296757 58.2629
19.140888842324735 59.0393
19.16346759176222 59.0454
19.18622349753803 59.8022
19.208803755869358 60.57899999999999
19.231384767143577 61.4445
19.253966532312948 62.8606
19.276725481241822 64.7224
19.29930876296784 66.9701
19.3218928014549 70.1317
19.34465404436217 72.8408
19.36723960516257 75.3572
19.389825925592426 76.6046
19.412413006605938 75.9832
19.43517731967805 73.4059
19.457765930683355 69.3381
19.48035530514408 64.6598
19.50294544401556 60.8171
19.525712842708348 58.0009
19.54830451925909 56.5774
19.570896963095727 55.0776
19.593490175174704 54.7763
19.616260674962184 54.6512
19.638855432416964 54.3074
19.661450960992624 54.5111
19.68404726164677 54.1955
19.706820878021247 53.9283
19.729418731756834 54.3421
19.752017360452857 54.0453
19.77461676506804 54.2644
19.797393513540218 54.1415
19.819994478951667 54.5715
19.84259622316767 55.2285
19.8651987471481 55.7211
19.887978643247177 55.7101
19.91058273574792 56.273999999999994
19.933187610901943 56.9056
19.955969879466828 58.0642
19.97857632894404 59.4986
20.00118356396599 60.8102
20.023791585494575 62.6947
20.046577028914875 65.2447
20.069186632506966 67.2784
20.091797025500632 69.0984
20.114408208858933 70.0851
20.137196842715273 70.3972
20.159809615886765 69.3876
20.18242318232135 67.079
20.20503754298326 64.8495
20.227829382875154 63.507
20.250445341109344 62.9024
20.27306209647285 63.3959
20.29567964993108 64.2595
20.31847471147704 65.2182
20.34109387027612 66.0569
20.363713830075454 66.1087
20.386334591841646 64.9792
20.409132890679302 62.9276
20.431755265564437 59.7623
20.454378445325528 56.9048
20.477002430930366 54.8811
20.499803982716553 53.479
20.522429589228004 52.4535
20.54505600449589 51.9092
20.567683229489194 51.726000000000006
20.590488049900088 51.349
20.61311690359731 51.1103
20.63574656993626 50.7965
20.658553853717297 50.4849
20.681185154618298 50.3082
20.703817271080066 50.1687
20.72645020407368 49.8175
20.749260783967177 49.8442
20.771895359337133 49.681000000000004
20.794530754161617 49.6926
20.817166969412938 49.6016
20.83998086114876 49.435
20.86261872660049 49.2086
20.885257415405402 49.4588
20.90789692853701 49.3448
20.930714147864748 49.2545
20.953355319030678 49.2455
20.97599731745334 49.3364
20.99864014410749 49.2619
21.021460706796564 49.3675
21.044105199328826 49.4752
21.06675052302631 49.6184
21.089396678865015 49.88399999999999
21.112220600704806 50.1672
21.134868430275347 50.4355
21.15751709492456 50.7055
21.180166595629693 50.8584
21.202993892429635 51.3532
21.22564507473034 51.7599
21.24829709602816 52.0168
21.27112693608965 52.077
21.293780644891275 52.1846
21.316435195634053 51.5718
21.339090589297417 50.9886
21.361923832041875 50.5212
21.384580921090404 49.8449
21.407238856007325 49.3487
21.429897637773326 49.0701
21.45273429906592 49.2129
21.475394784108598 49.0391
21.498056118951983 48.9285
21.520718304578022 49.1151
21.543558400304388 49.1797
21.566222297108816 49.388000000000005
21.58888704765135 49.4429
21.61155265291521 49.8839
21.63439619898156 50.1577
21.657063523335786 50.5337
21.67973170537063 51.1527
21.7024007460706 51.5763
21.72524775840385 52.3611
21.747918526116475 53.1946
21.770590155457388 54.4663
21.79326264741238 55.9074
21.816113141960237 57.516000000000005
21.838787368860547 59.2187
21.861462461341976 60.968999999999994
21.884315579735777 62.7884
21.90699241312273 63.82
21.92967011506078 64.6792
21.95234868653799 64.7374
21.9752053151131 64.2413
21.997885635446785 62.7892
22.020566828293532 60.8376
22.04324889464272 59.1916
22.066109049404666 57.4562
22.088792872571794 56.6075
22.111477572219204 56.5335
22.1341631493376 56.5749
22.157026846313123 56.5169
22.179714188221507 56.2295
22.202402410582668 55.2938
22.22509151438863 53.8887
22.24795876962584 52.3467
22.270649646204486 51.4031
22.293341407213727 50.7575
22.316034053646906 50.1556
22.338904883215342 49.708999999999996
22.36159931041458 49.8205
22.38429462602756 49.7304
22.40699083104897 49.5813
22.429865251039757 49.7431
22.452563244831367 49.6674
22.47526213102522 49.5309
22.49813925616515 49.4262
22.520839937143307 49.2234
22.543541513520587 49.2532
22.56624398629403 49.3359
22.589124730075895 49.1272
22.611829005656723 49.4135
22.63453418063466 49.2723
22.657240256008077 49.4908
22.680124634582935 49.7115
22.70283252079775 49.8438
22.725541310413075 50.1916
22.74825100442868 50.4208
22.771139033969575 50.9636
22.79385054687155 51.1341
22.81656296718292 51.7829
22.83927629590484 52.6183
22.862167992606945 53.70399999999999
22.88488314827121 54.4306
22.907599215359284 55.4451
22.93031619487366 56.3783
22.953211574954405 57.2834
22.975930389478226 58.2434
22.998650119445763 58.503
23.02137076586092 58.0145
23.044269845560063 57.0178
23.06699233506288 55.4785
23.089715744034912 53.7237
23.112617610931565 52.1831
23.135342869061212 50.9
23.158069049684816 50.0809
23.1807961538087 49.5223
23.20370174880544 49.477
23.226430710184808 49.5269
23.249160598093425 49.4296
23.271891413539002 49.591
23.294800752937697 49.5244
23.31753343374794 49.776
23.340267045128353 49.8961
23.36300158808808 50.2012
23.38591468821339 50.4759
23.408651104658304 50.8296
23.431388455719986 51.3343
23.454126742409 51.9733
23.4770436196085 53.0869
23.499783787914662 54.2786
23.522524894889884 55.1341
23.54526694154616 56.0735
23.56818761219047 56.9689
23.59093154860734 57.7821
23.613676427751283 58.191
23.636422250635754 57.806000000000004
23.659346731118656 56.5524
23.68209445191868 54.7544
23.704843119509587 52.8413
23.72759273490623 50.8172
23.750521041644767 49.2907
23.77327256312355 48.1143
23.796025035462787 47.5171
23.818956224555475 46.956
23.841710609113413 46.6498
23.86446594758979 46.442
23.887222241002014 46.1687
23.910157285144578 45.8094
23.932915498962537 45.7132
23.955674670778713 45.6835
23.978434801611975 45.3882
24.001373717286125 45.3795
24.024135776723917 45.3577
24.046898798245582 45.1717
24.06966278287146 45.0964
24.092605586582614 44.7838
24.115371508023642 44.812
24.1381383956401 44.79
24.16090625045381 44.7849
24.183852958731244 44.5462
24.206622758582608 44.6234
24.229393528706886 44.2764
24.252165270127392 44.3312
24.27511589952438 44.3104
24.297889594216997 44.1156
24.32066426328598 43.9384
24.34343990775613 43.9685
24.36639447485003 43.8732
24.38917208083877 43.8514
24.41195066531332 43.735
24.43490819850244 43.7031
24.457688750692377 43.6015
24.48047028445616 43.558
24.503252800821233 43.5897
24.526214300784112 43.6959
24.548998793132213 43.5726
24.57178427117417 43.6152
24.59457073593893 43.5873
24.617536219319863 43.4997
24.64032466834748 43.4642
24.663114107195035 43.1337
24.685904536893013 43.1151
24.708874020360852 43.1862
24.731666442613744 43.0983
24.754459858818787 42.8706
24.777254270007962 42.9033
24.80022777025625 42.8268
24.82302418230472 42.7701
24.845821592443674 42.847
24.86862000170663 42.8742
24.891597535453727 42.5792
24.914397953892728 42.9278
24.93719937456671 42.7935
24.96000179851076 42.8312
24.98298338249997 43.0803
25.00578782394922 43.3222
25.028593271784167 43.5212
25.05157790644186 43.7529
25.07438537804115 43.8312
25.097193859145293 44.068000000000005
25.120003350792075 44.3607
25.142992065061257 44.6956
25.165803588823465 44.6904
25.18861612625217 45.0861
25.211429678386736 45.1496
25.234422489079968 45.2213
25.257238081693636 45.3291
25.280054692141732 45.4381
25.3028723214652 45.3332
25.325869245420463 45.4624
25.348688923599397 45.4291
25.371509623787006 45.4625
25.394331347025812 45.292
25.41733240110666 44.8152
25.440156181590016 44.1374
25.46298098826268 43.8195
25.48580682216873 43.1197
25.50881202326435 42.6197
25.53163992281684 42.13
25.55446885274561 41.7331
25.577298814096377 41.5197
25.600308179121807 41.5221
25.623140214533745 41.5408
25.64597328451537 41.4124
25.66898578564376 40.9893
25.691820936010206 41.1843
25.714657124097695 41.2155
25.737494350954734 41.1529
25.760511045684957 40.9967
25.783350361364224 41.2066
25.806190718969255 41.0566
25.82903211955018 41.3619
25.852053024868923 41.2282
25.874896522722523 41.2744
25.897741066713106 41.1215
25.920586657892454 41.3092
25.943611790812668 41.3583
25.966459487728237 41.5761
25.989308234998564 41.6017
26.01215803367705 41.7842
26.03518741123814 41.9898
26.05803932412957 42.0724
26.080892291600094 42.0038
26.10374631470478 42.0974
26.12677995397268 42.1968
26.14963609978026 42.2372
26.172493304397875 41.9344
26.19535156888223 41.7619
26.218389486949604 41.3442
26.241249882640123 41.086999999999996
26.26411134137826 40.8665
26.28715248187403 41.0429
26.31001607820869 40.8214
26.3328807407756 40.5686
26.35574647063438 40.5459
26.37879191991473 40.5377
26.401659795896734 40.6356
26.424528742360263 40.7718
26.447398760366614 40.9599
26.470448535598294 41.2083
26.49332070826805 41.3791
26.516193955675355 41.7125
26.53906827888316 41.7923
26.562122397260108 41.8996
26.584998883685063 42.1319
26.607876449110325 42.308
26.63075509460056 42.4763
26.65381357334404 42.6368
26.67669439061878 42.78
26.699576291163382 42.6417
26.722459276044212 42.5936
26.745522132402975 42.2801
26.768407297649354 42.1504
26.791293550442003 41.7144
26.814180891848974 41.4216
26.837248143099337 41.1501
26.860137673466657 40.9619
26.88302829566349 40.7714
26.90592001075963 40.6682
26.92899167420566 40.4709
26.951885586870763 40.0444
26.974780595655517 39.9152
26.99785558178161 39.8318
27.020752794605112 39.5955
27.043651106772522 39.4347
27.06655051935668 39.4385
27.089629948036183 39.2338
27.112531573292053 39.1526
27.135434302194138 39.288000000000004
27.158338135817015 39.1155
27.181422024430987 39.0479
27.204328079372566 38.9774
27.22723524226965 38.9888
27.250143514198573 39.1653
27.273231880156334 39.2295
27.296142382065014 38.9681
27.319053996245536 38.8857
27.341966723775965 38.8663
27.365059584515222 39.0278
27.38797455070062 39.1099
27.410890633481237 38.9386
27.433807833936918 38.9337
27.456905206923906 38.982
27.47982465472398 39.0693
27.502745223449743 39.0243
27.525666914182825 39.1676
27.548768816912457 39.0282
27.571692763693633 39.023
27.59461783573812 38.9194
27.617723149491244 38.8813
27.640650484125285 38.6719
27.66357894728264 38.596
27.686508540048052 38.62
27.709618414237887 38.4513
27.732550278321757 38.3066
27.755483275279115 38.5023
27.778417406196485 38.5027
27.801531858397514 38.3427
27.824468269376716 38.2331
27.847405817586786 38.3291
27.870344504116094 38.4995
27.893463551932008 38.4857
27.916404527281053 38.7565
27.93934664422563 38.8609
27.962289903855886 38.924
27.98541356491974 39.0153
28.00835912214229 39.1801
28.03130582533231 39.394
28.054253675581805 39.5278
28.077381967556104 39.4545
28.100332124185126 39.4524
28.123283431160893 39.508
28.146235889577238 39.366
28.169368830154156 39.1761
28.192323603752033 38.9968
28.215279532083304 38.7026
28.238415973016764 38.4223
28.261374223145094 38.2757
28.284333631303806 38.2048
28.307294198589954 38.0286
28.330435319167677 37.6471
28.353398217078915 37.4465
28.376362277420153 37.2748
28.39932750129032 37.1395
28.422473319286713 36.8442
28.44544088262495 36.8633
28.468409612800283 36.7775
28.491379510913497 36.5927
28.51453004413313 36.4939
28.53750229057244 36.4404
28.56047570826344 36.3454
28.583450298308804 36.4159
28.606605564586562 36.2368
28.629582511831156 36.2702
28.65256063474956 36.1561
28.675539934446338 36.1337
28.698699951647605 36.0511
28.72168161743193 35.982
28.74466446331978 35.9939
28.767648490417624 35.9454
28.790813276438353 35.8715
28.813799678527303 35.9016
28.836787265157085 36.0628
28.859955641890075 35.9605
28.882945610203045 35.9201
28.905936766392035 35.75
28.928929111566863 35.7661
28.952102288520145 35.7304
28.975097024308607 35.5588
28.998092952423807 35.4829
29.021090073977508 35.4289
29.04426806913204 35.3826
29.067267590245258 35.0221
29.090268308143695 35.1565
29.11327022394099 35.0738
29.13645305530891 34.9043
29.159457379627167 34.7901
29.18246290519685 34.7363
29.20546963313352 34.7703
29.22865731875826 34.9154
29.25166646419296 34.7826
29.27467681535305 34.6322
29.29768837335608 34.7642
29.320880931312562 34.8041
29.34389491580634 34.7099
29.366910110507334 34.5546
29.38992651653503 34.7647
29.41312396492981 34.7423
29.436142806456754 34.7034
29.45916286268059 34.4769
29.48236399319994 34.4
29.50538649169417 34.225
29.528410208259935 34.2216
29.55143514402014 34.015
29.574641196749695 34.0294
29.597668583816574 33.7335
29.6206971934585 33.6287
29.64372702680042 33.662
29.666938019934474 33.5295
29.689970313635285 33.5439
29.713003834422636 33.5068
29.73603858342347 33.3803
29.759254535188578 33.2773
29.78229175361658 33.3394
29.80533020365064 33.418
29.82836988641968 33.3327
29.85159081507472 33.2981
29.874632976355343 33.2175
29.89767637376955 33.1713
29.920721008448314 33.1377
29.9439469322847 33.1979
29.96699405457564 33.0506
29.9900424175358 33.042
30.013092022298157 32.9645
30.03632295963995 32.9702
30.059375061131373 33.0497
30.08242840783577 33.0371
30.105483000888153 32.9768
30.128718970092244 32.8704
30.151776069006917 32.8413
30.17483441768648 32.961
30.198074175317235 32.9177
30.221135036724256 32.8456
30.24419715131772 32.7728
30.267260520236203 32.6145
30.290505341942243 32.6312
30.313571232750228 32.7669
30.336638381310948 32.8014
30.35970678876503 32.7426
30.38295669299435 32.7165
30.40602763151657 32.6662
30.429099832366074 32.6552
30.452173296685572 32.5562
30.47542830191959 32.4523
30.498504306502497 32.4354
30.521581577995562 32.5648
30.544660117543582 32.6794
30.56792024229725 32.6521
30.59100133132069 32.5436
30.614083691845494 32.4111
30.637167325018545 32.5962
30.660432587840603 32.6326
30.683518779717886 32.5366
30.70660624769615 32.6441
30.729694992924372 32.6034
30.75296541239743 32.7038
30.77605672557558 32.6332
30.799149319462742 32.547
30.8224236211637 32.3293
30.845518789950724 32.3134
30.868615242910597 32.1753
30.891712981195973 32.1316
30.91499247215866 32.0478
30.938092794619365 31.9958
30.96119440587579 31.9429
30.984297307082752 31.9053
31.00758200598383 31.7492
31.030687500658694 31.6932
31.053794288760695 31.6476
31.076902371446767 31.4422
31.100192296997445 31.6816
31.12330298246119 31.4581
31.14641496599209 31.3037
31.169528248749216 31.3754
31.19282341969534 31.3798
31.215939314557186 31.4282
31.239056512134788 31.406
31.262175013589378 31.2721
31.28547544871168 31.253
31.30859657161541 31.1374
31.331719001892175 31.2371
31.35484274070538 31.3289
31.378148458819545 31.2988
31.401274828443725 31.2939
31.424402510106933 31.2932
31.447712205419993 31.3885
31.470842524931633 31.3452
31.493974159989783 31.1277
31.51710711176168 31.0596
31.54042212308802 31.2708
31.563557722100917 31.147
31.586694641341655 31.0052
31.609832881979628 31.0699
31.63315322823208 30.9653
31.656294125521327 30.7043
31.679436347728515 30.7059
31.70257989602529 30.6514
31.725905596152327 30.6274
31.74905181052835 30.5271
31.772199354521323 30.5522
31.79534822930507 30.5331
31.818679302290967 30.4905
31.84183085259981 30.391
31.864983737233473 30.5266
31.88813795736804 30.5749
31.911474422233013 30.3627
31.934631327356435 30.4134
31.9577895715215 30.4396
31.980949155906522 30.4523
32.004291031706956 30.4512
32.027453310562606 30.3094
32.05061693318573 30.2158
32.07396288236386 30.1962
32.09712920658542 30.2474
32.12029687812702 30.08
32.14346589817093 30.0836
32.166817291729984 30.041999999999998
32.18998902288583 29.8396
32.21316210610336 29.7885
32.23633654256711 29.6493
32.259693399663725 29.6293
32.282870556771144 29.5435
32.30604907069099 29.6189
32.329228942610065 29.5538
32.35259128243769 29.3488
32.375773884550505 29.3766
32.398957848235646 29.3049
32.422143174682176 29.326
32.445511016471215 29.2139
32.468699082679954 29.1605
32.49188851523011 29.1923
32.51507931531304 29.0739
32.538452678331 28.9765
32.56164622776311 28.8697
32.58484114831493 28.8323
32.60803744118015 28.9632
32.631416344731896 28.9338
32.654615396551876 28.8567
32.67781582427913 28.8233
32.701198898634416 28.6739
32.72440209253756 28.6346
32.747606665947124 28.6646
32.77081262006088 28.5436
32.79420126883317 28.513
32.81740999876112 28.526999999999997
32.840620112999424 28.435
32.86383161274818 28.3189
32.88722585534586 28.454
32.91044014056596 28.5262
32.933655814909734 28.368000000000002
32.95687287957963 28.3597
32.98027273544904 28.3093
33.00349259526636 28.2343
33.026713849030116 28.2774
33.04993649794511 28.2827
33.073341986570746 28.1648
33.09656744032826 28.1696
33.11979429286444 28.2233
33.14302254538647 28.1648
33.166433686291185 28.0491
33.18966475336992 28.061999999999998
33.212897224069096 28.0284
33.23613109959831 27.9897
33.259547912343415 28.0067
33.2827846121627 27.9145
33.306022720453775 27.8402
33.32926223842861 27.6346
33.352684742614166 27.8006
33.37592709463173 27.7972
33.399170859982064 27.6461
33.422597648419426 27.6948
33.44584425514446 27.5745
33.46909227885668 27.57
33.4923417207723 27.3744
33.51577423505344 27.3946
33.539026528130385 27.3129
33.56228024307245 27.3391
33.585535381098246 27.166
33.60897364093058 27.1527
33.63223163992385 27.1832
33.6554910656699 27.0917
33.678751919389796 27.0836
33.702195944520106 26.9295
33.72545966903325 26.9068
33.74872482519663 26.8632
33.771991414233746 26.8958
33.79544122444841 26.7837
33.81871069412428 26.698
33.84198160035767 26.6622
33.86525394437455 26.7843
33.88870955949969 26.7174
33.911984794020626 26.6428
33.93526147001624 26.581999999999997
33.958539588715006 26.5837
33.98200102861669 26.4647
34.0052820477047 26.3845
34.02856451319451 26.4229
34.05203033759056 26.3588
34.07531571090147 26.3476
34.09860253431845 26.2958
34.121890809074316 26.3469
34.145362493118924 26.3106
34.16865368561615 26.1484
34.191946333164054 26.1611
34.21524043699793 26.2131
34.23871800066799 26.1655
34.26201503218366 25.9602
34.28531352370466 25.9711
34.30861347646881 25.9281
34.33209693978188 25.859
34.3553998301885 25.8335
34.378704185565205 25.8067
34.402010007152356 25.7645
34.42549939016683 25.7579
34.44880815937748 25.653000000000002
34.472118398533134 25.5892
34.49543010887669 25.6372
34.51892543169198 25.4934
34.54224009966052 25.5205
34.56555624255917 25.5225
34.58887386163339 25.3688
34.61237514439016 25.3024
34.6356957311114 25.3367
34.65901779775809 25.334
34.68252356662995 25.3179
34.705848608458616 25.2173
34.72917513396849 25.2216
34.75250314440949 25.125999999999998
34.77601490857862 25.0827
34.799345904259795 25.0805
34.82267838863559 24.9996
34.846012362958525 25.0156
34.869530142679984 25.0103
34.89286711232212 24.8766
34.91620557568269 24.9924
34.93954553401677 24.9718
34.9630693495876 24.7836
34.986412313340814 24.8739
35.00975677584668 24.7813
35.033102738362956 24.7049
35.05663261012228 24.585
35.0799815881786 24.7536
35.10333207003229 24.6808
35.12668405694369 24.6347
35.150220005273056 24.6175
35.17357501786656 24.6516
35.19693153931268 24.5918
35.220289570874385 24.5041
35.24383161619786 24.4268
35.267192683604904 24.4998
35.290555264930376 24.4009
35.314101899412165 24.4503
35.33746752422433 24.4015
35.36083466676374 24.4106
35.38420332829803 24.2741
35.407756095629054 24.3164
35.43112781085063 24.3598
35.45450104888391 24.2836
35.477875810999194 24.313000000000002
35.50143473172161 24.1346
35.52481255774625 24.1763
35.54819191167777 24.1642
35.57157279478914 24.1013
35.595137889488406 24.1605
35.61852184675279 24.0869
35.641907337029984 23.9829
35.665294361595684 23.9787
35.68886565090076 23.8735
35.7122557598848 23.8402
35.73564740699838 23.8532
35.759040593519934 23.8139
35.78261809810353 23.7993
35.80601437933051 23.7385
35.829412203814705 23.6321
35.85281157283719 23.489
35.876395313415884 23.581999999999997
35.8997977874528 23.5412
35.92320180988546 23.5575
35.946790244133936 23.4175
35.97019737933222 23.4819
35.993606066789866 23.4017
36.01701630779276 23.3256
36.04061101440684 23.3809
36.06402437852291 23.3209
36.08743930005611 23.2908
36.1108557802951 23.1892
36.13445678011326 23.1895
36.15787639383515 23.1831
36.18129757014299 23.1338
36.20472031032821 23.0829
36.22832762423364 23.0076
36.25175350829375 23.0492
36.275180960119776 22.9423
36.298609981005924 22.9923
36.32222362992669 22.9615
36.34565580510207 22.9823
36.36908955323448 22.8937
36.39252487562093 22.6747
36.416144880530226 22.759
36.43958336764275 22.801
36.463023432914625 22.7837
36.486465077645676 22.6276
36.51009145956204 22.7073
36.53353627947859 22.7179
36.55698268276811 22.6678
36.58043067073321 22.6194
36.60406345072071 22.5159
36.62751462435344 22.4866
36.65096738658405 22.4871
36.67460498210655 22.4236
36.69806093788647 22.3929
36.72151848619297 22.3917
36.744977628333636 22.3383
36.76862165890998 22.2659
36.79208400512205 22.3099
36.81554794910557 22.3043
36.83901349217101 22.1785
36.862663978991606 22.1695
36.88613273667352 22.1623
36.90960309738324 22.114
36.933075062434064 21.9307
36.95673202673572 21.9303
36.98020721697122 21.9421
37.003684015502365 21.9421
37.027162423645365 21.9052
37.050825886711465 21.8662
37.07430753063053 21.8287
37.09779078812467 21.77
37.121275660513014 21.7495
37.144945643673694 21.747
37.16843376245278 21.7115
37.19192350009803 21.6967
37.215414857931435 21.6332
37.239091382563885 21.5569
37.262585997426164 21.5546
37.28608223645736 21.5783
37.309763684451696 21.4827
37.33326318851098 21.4977
37.356764320726555 21.4201
37.380267082425526 21.4313
37.40395510942588 21.3871
37.42746114683234 21.4009
37.45096881771841 21.2992
37.474478123414166 21.3307
37.49817275092816 21.2206
37.52168534303452 21.2026
37.54519957395567 21.1413
37.568715445024665 21.0791
37.592416694607714 21.0572
37.61593586281424 21.1512
37.63945667518264 21.1454
37.66297913304891 21.0396
37.68668702630454 21.0248
37.710212792059274 20.934
37.733740207334854 20.9629
37.757269273470364 20.8767
37.780983832050374 20.8393
37.80451621684926 20.8825
37.82805025654007 20.7622
37.851585952464795 20.721999999999998
37.8753071980695 20.639
37.89884622345676 20.625999999999998
37.92238690911902 20.5774
37.94611318753442 20.5735
37.969657210779765 20.5896
37.99320289834801 20.5228
38.016750251586465 20.4782
38.04048325513017 20.4969
38.06403395679343 20.3595
38.087586328183946 20.3465
38.11114037065203 20.4182
38.13488012115898 20.3957
38.1584375229181 20.2833
38.181996599821 20.2508
38.205557353221124 20.223
38.229303872575656 20.2024
38.2528679961576 20.1504
38.27643380031219 20.1661
38.30000128639589 20.1237
38.32375459653193 20.1443
38.34732546371299 20.0554
38.37089801690786 19.9746
38.39447225747609 19.945999999999998
38.418232380377425 19.9604
38.441810012983396 19.8863
38.46538933705673 19.9017
38.488970353960084 19.8609
38.51273731166058 19.8166
38.536321731567014 19.7847
38.55990784840681 19.785
38.58367995004091 19.7114
38.60726947812959 19.6042
38.63086070726198 19.6447
38.654453638806274 19.6517
38.678232613930824 19.6479
38.70182896773327 19.5475
38.72542702806741 19.5576
38.7490267963045 19.5735
38.77281266709232 19.4294
38.79641586862214 19.4649
38.8200207821842 19.3702
38.843627409152944 19.3687
38.86742019782782 19.3441
38.891030269149255 19.302
38.914642058016156 19.3165
38.938255565806124 19.3223
38.96205529464307 19.2996
38.98567225787121 19.2399
39.00929094417078 19.1607
39.03291135492255 19.2083
39.05671804624804 19.0412
39.080341923549106 19.0055
39.103967529460334 19.0347
39.127594865365744 18.9938
39.15140854155791 18.9753
39.17503935514948 18.9771
39.19867190290282 18.9278
39.22249083587951 18.8856
39.24612686969409 18.9162
39.269764641845306 18.9069
39.293404153722804 18.8453
39.317230110864074 18.7141
39.34087311998506 18.6904
39.36451787301696 18.7431
39.388164371352595 18.6427
39.41199737518003 18.6404
39.43564738196752 18.5962
39.45929913825317 18.5797
39.48295264543308 18.5528
39.506792718520884 18.500999999999998
39.530449745387216 18.4787
39.55410852735203 18.4855
39.57776906581474 18.4707
39.60161623079 18.4635
39.625280300200025 18.4257
39.64894613032202 18.4032
39.67261372255866 18.3603
39.6964680021016 18.3008
39.72013913657293 18.299
39.74381203738292 18.2701
39.76748670593756 18.2193
39.79134812278169 18.1807
39.81502634488497 18.1459
39.83870633896685 18.1786
39.862388106436654 18.0695
39.88625668336918 18.0173
39.90994201572829 18.073
39.933629125719285 18.0431
39.957503091207826 17.9227
39.9811937746168 17.969
40.00488623990914 17.9288
40.02858048850006 17.8617
40.05246165409549 17.8346
40.076159487492085 17.8021
40.099859108448875 17.8072
40.123560518384345 17.7591
40.1474489070226 17.8127
40.171153913178564 17.6601
40.194860712584955 17.643
40.2185693066637 17.7179
40.242464941335314 17.5816
40.26617714307655 17.6139
40.289891143772046 17.6227
40.3136069448471 17.5098
40.33750984859743 17.5723
40.3612292688043 17.5173
40.3849504936829 17.5067
40.40867352466194 17.4833
40.43258372059144 17.4129
40.45631038219906 17.4486
40.48003885420956 17.2991
40.503769138055105 17.3476
40.52768664931955 17.3232
40.55142057531802 17.3169
40.57515631746428 17.2584
40.599079334038514 17.2116
40.62281872700477 17.1942
40.64655994043941 17.1504
40.67030297578061 17.1236
40.69423334835778 17.1348
40.71798004609188 17.1083
40.74172857006355 17.0757
40.76547892171441 17.0809
40.7894166736039 17.0503
40.813170699248566 16.9811
40.83692655691388 16.9652
40.86068424804498 16.9739
40.884629402612525 16.9351
40.908390779366385 16.9192
40.932153993938 16.8357
40.95591904777605 16.833
40.979871628443995 16.846
41.003640379561936 16.7497
41.02741097430883 16.7178
41.05118341413683 16.7458
41.075143444384416 16.6524
41.098919593177826 16.6663
41.1226975914255 16.6633
41.14647744058318 16.6567
41.170444943946755 16.5521
41.19422851378379 16.586
41.218013938914645 16.5299
41.24198706625173 16.4558
41.26577622087193 16.4582
41.289567235177785 16.4156
41.31336011063129 16.3641
41.337340752422875 16.3779
41.361137369129835 16.3613
41.38493585138705 16.3568
41.40873620066004 16.2983
41.43272438060107 16.291
41.45652848292052 16.2369
41.48033445666918 16.2238
41.50414230331616 16.2308
41.528138045159764 16.1998
41.551949656675205 16.088
41.575763145513235 16.1468
41.59957851314666 16.0883
41.62358184070442 15.9891
41.64740098505737 15.9949
41.6712220126409 15.9671
41.69504492493139 15.9409
41.71905586207357 15.9377
41.74288256296395 15.8724
41.766711153007456 15.8747
41.79054163368412 15.856
41.814560204340054 15.9042
41.838394485526365 15.8504
41.86223066180303 15.7648
41.88625497706819 15.7632
41.910094962812 15.7084
41.93393684811168 15.7167
41.95778063445365 15.6574
41.981812625263366 15.5729
42.00566023303407 15.6201
42.029509746323676 15.602
42.05336116662236 15.5697
42.077400857069705 15.5924
42.10125611078846 15.6112
42.12511327600405 15.4704
42.14897235421036 15.5037
42.173019768448455 15.4761
42.19688269209613 15.4214
42.22074753323349 15.4032
42.24461429335818 15.3766
42.268669455600495 15.3562
42.292540073217886 15.3167
42.31641261433284 15.3138
42.34028708044675 15.312000000000001
42.36435001496739 15.2676
42.38822835065557 15.2496
42.41210861586426 15.1917
42.4359908120986 15.1888
42.46006154323262 15.2065
42.48394762115317 15.127
42.507835634632315 15.0725
42.531912233047436 15.0875
42.55580413732265 15.0749
42.579697981698 15.1139
42.60359376768525 14.9845
42.62767820545945 14.9914
42.65157789440821 14.9588
42.67547952952185 14.8944
42.699383112316 14.9362
42.72347541395347 14.8403
42.74738291190531 14.8001
42.771292362102166 14.8114
42.795203766063516 14.7979
42.819303956130405 14.8018
42.843219287476536 14.7343
42.86713657716324 14.7098
42.89105582671383 14.6406
42.91516392983864 14.6676
42.939087119032166 14.677999999999999
42.963012272677304 14.6487
42.98693939230129 14.5533
43.01105543317513 14.5442
43.034986504731386 14.5363
43.05891954686589 14.5495
43.08285456110972 14.4913
43.10697856448665 14.4745
43.130917542983475 14.4137
43.15485849820081 14.4649
43.17880143167367 14.3832
43.20293342237094 14.3655
43.226880332449 14.3796
43.25082922540554 14.3194
43.27496722682525 14.2902
43.29892010567796 14.2632
43.32287497204102 14.239
43.34683182745632 14.1964
43.370977859791836 14.2079
43.39493871351105 14.130999999999998
43.41890156092628 14.1256
43.44286640358341 14.0994
43.46702049182749 14.0566
43.49098934522816 14.0589
43.51496019852649 14.081
43.5389330532723 14.0568
43.56309522248204 13.9785
43.58707210044314 13.9997
43.61105098451946 13.9363
43.63503187626491 13.9259
43.659202151562134 13.902999999999999
43.68318707902681 13.8824
43.70717401884041 13.8523
43.731162972560874 13.8078
43.75534137913236 13.7899
43.779334381108384 13.805
43.803329401683186 13.7442
43.82732644241872 13.7254
43.8515130055166 13.6766
43.87551410707659 13.7041
43.89951723350145 13.6807
43.923709934595614 13.6342
43.94771713129917 13.6468
43.97172635758096 13.6256
43.99573761501002 13.5896
44.0199385169922 13.5826
44.04395385732619 13.4985
44.067971233533086 13.4527
44.09199064718605 13.4904
44.11619977548961 13.4309
44.14022328470671 13.3991
44.16424883610785 13.4097
44.18827643127035 13.4309
44.21249381139513 13.3747
44.236525514814076 13.3495
44.26055926674478 13.3343
44.28459506876863 13.3273
44.3088207262813 13.2659
44.33286064928722 13.2176
44.35690262714919 13.1786
44.38094666145278 13.1629
44.4051806219871 13.1936
44.42922879003185 13.14
44.45327901929361 13.0997
44.477331311362136 13.1098
44.501573600619416 13.065
44.525630039221795 13.0167
44.54968854541895 13.0472
44.573937102200176 13.0001
44.5979997645541 12.9996
44.622064499300315 12.9838
44.64613130803592 12.9599
44.67038823869318 12.9176
44.69445921643748 12.8704
44.718532272981385 12.8483
44.742607409926194 12.8373
44.76687274034801 12.815
44.79095205918753 12.7996
44.81503346325094 12.7916
44.839116954143876 12.7399
44.86339071028742 12.7587
44.88747839599524 12.7032
44.91156817336837 12.6763
44.93566004401666 12.6678
44.959942251908146 12.6418
44.984038330325966 12.6155
45.00813650686762 12.6074
45.03223678314731 12.5692
45.05652746888232 12.5444
45.08063196592069 12.5044
45.104738567558705 12.4634
45.128847275414856 12.498
45.15314646515866 12.4781
45.17725940679741 12.4585
45.20137445952892 12.3989
45.22568004865265 12.3801
45.24979934496396 12.3474
45.27392075725247 12.3506
45.29804428714431 12.3605
45.322358426247604 12.3656
45.346486212804315 12.3462
45.370616121861914 12.3306
45.39474815505086 12.2835
45.41907087049246 12.1916
45.4432071734666 12.1918
45.46734560548283 12.1783
45.49148616817604 12.1925
45.51581748638564 12.1749
45.5399623320197 12.1313
45.56410931325473 12.095
45.58825843173002 12.0998
45.61259837920865 12.0652
45.636751793816 12.0521
45.66090735060093 12.0206
45.68506505120716 11.9626
45.7094136545275 11.9291
45.73357566449271 11.9559
45.75773982322992 11.9389
45.78190613238733 11.8816
45.806263418194064 11.8362
45.83043404997326 11.8689
45.85460683713677 11.8673
45.87897065658495 11.8122
45.90314777634752 11.7576
45.92732705646868 11.7368
45.9515084986045 11.7794
45.97588104735473 11.735999999999999
46.00006683541565 11.7468
46.02425479047904 11.6761
46.04844491420549 11.6539
46.0728262191024 11.6688
46.09702070211635 11.6697
46.12121735879483 11.6265
46.14541619080294 11.5864
46.169806278764455 11.582
46.194009483459034 11.5409
46.21821486849841 11.5467
46.24242243555223 11.4945
46.266821333570014 11.4849
46.29103328674601 11.4722
46.31524742696538 11.4692
46.33946375590237 11.4405
46.36387149104216 11.3727
46.38809221957392 11.3291
46.41231514186606 11.3433
46.436540259597464 11.4009
46.460956858999374 11.3258
46.48518638983522 11.3063
46.509418121166966 11.2794
46.533652054678114 11.2606
46.55807754555709 11.2288
46.58231590571962 11.2454
46.60655647313217 11.1712
46.630988654873654 11.1652
46.655233659129024 11.093
46.67948087571551 11.1103
46.70373030632484 11.0857
46.72817142736393 11.0949
46.752425308428684 11.0913
46.77668140861147 11.0517
46.80093972960865 11.0339
46.82538981736788 11.0079
46.849652602470904 10.981
46.87391761349769 10.965
46.8981848521493 10.9863
46.9226439341274 10.9207
46.946915650573224 10.9315
46.97118959976749 10.9337
46.99546578341598 10.8819
47.019933887188216 10.8535
47.04421456235744 10.8123
47.06849747711879 10.8219
47.09278263318286 10.7853
47.11725978640143 10.7571
47.14154944775105 10.7382
47.165841355555656 10.7096
47.1901355115306 10.7084
47.214621741924994 10.6665
47.23892041698887 10.6479
47.26322134538975 10.6144
47.28771440635075 10.5891
47.31201986422527 10.6414
47.33632758061436 10.6108
47.360637557241866 10.58
47.38513974410611 10.5632
47.40945426407847 10.5357
47.43377104948137 10.539000000000001
47.45809010204344 10.497
47.48260144275502 10.4447
47.506925052572285 10.4651
47.53125093475548 10.439
47.55557909103813 10.4284
47.58009961361992 10.3687
47.60443234110732 10.3774
47.62876734791564 10.339
47.65310463578333 10.3282
47.6776343683373 10.3376
47.7019762413987 10.3088
47.72632040075572 10.2561
47.75066684815169 10.2572
47.77520581885936 10.2407
47.799556865477655 10.2165
47.823910205386 10.218
47.84826584033272 10.163
47.87281407745551 10.1078
47.89717432569297 10.1358
47.92153687423484 10.1256
47.94609208429692 10.1277
47.97045925671401 10.0794
47.99482873471275 10.0451
48.01920052005013 10.0465
48.04376504619224 10.033
48.068141469543484 10.0069
48.09252020552573 10.0479
48.11690125590099 10.0232
48.1414751266064 9.9734
48.16586082917454 9.930019999999999
48.19024885144316 9.98011
48.2146391951793 9.921330000000001
48.239222439012764 9.90809
48.26361744916137 9.87936
48.28801478610016 9.86415
48.31241445160131 9.83047
48.337007097209366 9.82698
48.36141144338331 9.81817
48.38581812345755 9.761339999999999
48.41022713920929 9.75243
48.434829215320704 9.7684
48.45924292604658 9.74643
48.48365897780325 9.73634
48.50807737237308 9.73007
48.532688907799276 9.71442
48.55711201168574 9.66099
48.581537463754074 9.674710000000001
48.60615611725119 9.64418
48.63058628942721 9.66071
48.65501881516546 9.614989999999999
48.6794536962573 9.60662
48.70408185970339 9.559289999999999
48.72852147531801 9.54021
48.75296345168211 9.51711
48.77740779059232 9.47538
48.80204549302823 9.5403
48.82649458091802 9.508519999999999
48.85094603676547 9.47372
48.87539986237231 9.45203
48.90004713292306 9.4218
48.92450572200832 9.37925
48.94896668628025 9.40109
48.97343002754588 9.4322
48.99808689542115 9.377189999999999
49.02255501470614 9.34534
49.04702551642794 9.35422
49.0714984023988 9.28265
49.096164896893235 9.28838
49.120642575466796 9.25695
49.145122643748394 9.2474
49.16960510355558 9.2441
49.19428125404938 9.2607
49.2187685210852 9.231860000000001
49.243258185121555 9.18758
49.26794160167084 9.16258
49.2924360839405 9.140410000000001
49.31693296869764 9.10918
49.34143225776915 9.09362
49.36612538195438 9.095419999999999
49.39062950396021 9.09329
49.41513603578346 9.04899
49.4396449792564 9.000160000000001
49.46434784069503 9.0053
49.488861631846454 8.9903
49.513377840166804 9.00118
49.537896467493745 9.00164
49.56260909589029 8.92805
49.587132585683285 8.90824
49.611658500018365 8.903369999999999
49.636186840738596 8.93186
49.66090926588511 8.91581
49.685442483902584 8.87755
49.70997813385706 8.816989999999999
49.734516217597076 8.816180000000001
49.75924846937352 8.776069999999999
49.7837914452858 8.79557
49.80833686055187 8.76459
49.83288471702571 8.765369999999999
49.85762682540054 8.762960000000001
49.882179588965734 8.69331
49.9067347993235 8.69233
49.93129245833333 8.6716
49.95604445336378 8.728539999999999
49.98060703442832 8.66296
50.005172069746266 8.63267
50.02993150438364 8.635489999999999
50.05450147301533 8.60626
50.07907390151433 8.66371
50.10364879174981 8.61713
50.12841816587289 8.57541
50.1529980044635 8.567110000000001
50.17758031042124 8.544939999999999
50.20216508562089 8.52798
50.22694442953363 8.4945
50.25153416817468 8.452919999999999
50.27612638170508 8.46846
50.300721072005196 8.44464
50.325510416102105 8.44449
50.350110084975064 8.410960000000001
50.37471223628208 8.43413
50.39931687190919 8.4272
50.424116246675766 8.43546
50.44872587605249 8.40853
50.47333799543065 8.35945
50.49795260670191 8.335139999999999
50.52276204271512 8.3119
50.54738166295838 8.28866
50.57200378079314 8.27033
50.596628398116835 8.24018
50.62144792604559 8.24738
50.646077567609396 8.22917
50.670709714377715 8.22591
50.69553683636198 8.22606
50.72017401885922 8.14206
50.7448137122895 8.1736
50.76945591856022 8.16602
50.79429318636823 8.15509
50.818940443716784 8.1227
50.84359021965163 8.0978
50.868242516085964 8.10476
50.893089960641895 8.05888
50.917747323549435 8.05245
50.94240721271973 8.0436
50.96706963007175 8.02678
50.99192728239342 7.98152
51.01659478166073 8.01775
51.04126481489051 7.967739999999999
51.06593738400761 7.9789699999999995
51.090805275207074 7.944319999999999
51.11548294172845 7.9495
51.14016314993547 7.91697
51.164845901758845 7.88887
51.18972406304274 7.89347
51.21441192780656 7.8731
51.23910234200271 7.8303
51.2637953075678 7.839410000000001
51.288683770237945 7.83171
51.31338186432707 7.80921
51.33808251561888 7.76267
51.362978729967345 7.76825
51.387684521509755 7.7447
51.41239287610203 7.75445
51.437103795691165 7.74678
51.46201036644977 7.696210000000001
51.486726441956634 7.67502
51.51144508832545 7.69755
51.536166307509156 7.69985
51.56108326624387 7.6551800000000005
51.58580965706056 7.60947
51.61053862657523 7.6367199999999995
51.635270176746864 7.599310000000001
51.66019755512065 7.609489999999999
51.68493429268881 7.5392
51.70967361681515 7.534910000000001
51.73441552946465 7.54104
51.759353359237934 7.514010000000001
51.7841004750961 7.491569999999999
51.80885018539685 7.50453
51.833602492111254 7.470160000000001
51.8585508051424 7.4817100000000005
51.883308330926425 7.4227
51.90806845906181 7.416530000000001
51.932831191525715 7.39848
51.95779001977161 7.3738600000000005
51.98255798721516 7.34478
52.00732856494335 7.34864
52.03229530577543 7.403969999999999
52.057071130455945 7.3523
52.081849571391054 7.33358
52.106630630568695 7.29196
52.13160794279417 7.22982
52.15639426492067 7.26872
52.18118321127822 7.271139999999999
52.205974783860896 7.25545
52.23096269971011 7.235869999999999
52.255759551287994 7.19027
52.280559035098186 7.18175
52.30536115314103 7.17064
52.33035970494467 7.12257
52.35516711807904 7.14085
52.37997717147198 7.1411
52.40478986713005 7.1289
52.42979908731974 7.1026
52.454617094216 7.1036399999999995
52.47943774942214 7.070880000000001
52.50426105495102 7.01187
52.529280976059844 7.034260000000001
52.554109609024096 6.99338
52.57894089837482 7.0751
52.60377484613117 6.99242
52.62880550079408 6.99788
52.65364479223379 6.97261
52.67848674816189 6.92282
52.70352547971946 6.915
52.72837279155837 6.93755
52.753222773982785 6.91472
52.778075429022984 6.88691
52.80312495150885 6.8799600000000005
52.827982978797436 6.8684
52.85284368481815 6.791760000000001
52.87770707160767 6.84081
52.90276741793998 6.80152
52.92763619336701 6.8076300000000005
52.952507655698504 6.78787
52.977381806977576 6.79975
53.00245301017842 6.7839
53.02733256653592 6.75375
53.052214817996074 6.74378
53.077099766608484 6.7702800000000005
53.102181859804446 6.735189999999999
53.127072229988265 6.7191399999999994
53.15196530349892 6.73866
53.17686108239249 6.68043
53.20195409881522 6.670610000000001
53.22685531582556 6.65221
53.25175924441303 6.6273800000000005
53.27666588664027 6.62298
53.30176985962693 6.5991
53.3266819565689 6.61636
53.35159677336455 6.57251
53.376514312083096 6.560289999999999
53.40162927507703 6.53883
53.42655228516116 6.54784
53.45147802340193 6.52787
53.47660125628886 6.50066
53.50153247842639 6.51429
53.52646643496923 6.52261
53.55140312799818 6.4934400000000005
53.576537409691696 6.44111
53.60147960336152 6.48125
53.626424539786164 6.424169999999999
53.65137222105307 6.41709
53.67651758529126 6.41858
53.70147078399681 6.3983300000000005
53.72642673383343 6.37547
53.75138543689533 6.35131
53.776541917524526 6.350219999999999
53.801506154876755 6.3449800000000005
53.826473151763246 6.3164
53.851442910284916 6.2914
53.87661054126026 6.2859
53.9015858509782 6.27604
53.92656392866066 6.23071
53.95154477641532 6.24141
53.976723591801296 6.18503
54.00171000771266 6.20934
54.02669920004598 6.21116
54.051691170915745 6.18222
54.076881204886796 6.147819999999999
54.101878760928514 6.19722
54.12687910187696 6.1487300000000005
54.152077577768296 6.0888599999999995
54.1770835166946 6.07517
54.20209224691339 6.0877300000000005
54.22710377055121 6.08418
54.25231352511594 6.079359999999999
54.27733066384342 6.017919999999999
54.30235060239643 6.04668
54.32737334290836 6.015
54.35259441062629 5.99498
54.377622783395324 5.98069
54.40265396455061 5.97645
54.42768795623251 6.01311
54.45292037169559 5.94225
54.477960012857906 5.91135
54.50300247099511 5.8934
54.52804774825457 5.86756
54.55329154616743 5.84809
54.57834249018678 5.800680000000001
54.6033962597977 5.81784
54.6284528571545 5.78
54.653708072335164 5.73913
54.67877035378786 5.76626
54.70383546947698 5.707269999999999
54.72890342156389 5.69672
54.7541700889442 5.6619
54.77924374251975 5.7215
54.8043202390049 5.681030000000001
54.82959552413022 5.64093
54.8546777351945 5.61846
54.87976279569621 5.570930000000001
54.90485070780914 5.59196
54.930137506558005 5.58131
54.95523115074295 5.60916
54.98032765308844 5.568890000000001
55.005427015775496 5.47191
55.03072536339621 5.50247
55.05583047570572 5.43953
55.080938454927676 5.4221
55.10604930325027 5.41036
55.131359235107396 5.41014
55.15647585066083 5.36965
55.181595341907496 5.38437
55.20671771104285 5.31693
55.232039262617704 5.31032
55.25716741665048 5.29774
55.28229845518636 5.2778599999999996
55.30743238042802 5.19878
55.33276558731939 5.23606
55.357905315183636 5.213769999999999
55.383047936390035 5.187869999999999
55.40819345314859 5.1368599999999995
55.433538351073295 5.11381
55.458689688238415 5.08486
55.483843927614096 5.02358
55.509197623043605 5.098730000000001
55.53435769621134 5.01454
55.55952067826466 5.022469999999999
55.5846865714265 4.96774
55.61005202069737 4.9983699999999995
55.63522376553902 4.9648900000000005
55.66039842818645 4.9675199999999995
55.68557601087004 4.89661
55.7109532500271 4.877
55.73613670233794 4.90186
