TT I
1.2716486653135266 6.955139999999999
1.2939594142134223 6.60407
1.3162702121660406 6.5211
1.3385810600174564 6.603330000000001
1.3608919586137629 6.37892
1.383202908801069 6.243469999999999
1.405513911425503 6.03483
1.4278249673332093 6.37084
1.4501343378461518 5.570880000000001
1.4724455028545926 5.92267
1.4947567236847858 6.135619999999999
1.517068001182951 5.65752
1.5393793361953272 5.60851
1.5616907295681737 5.15045
1.5840021821477681 5.3320300000000005
1.60631369478041 5.78737
1.6286252683124185 5.27005
1.6509369035901333 4.53603
1.6732468618895553 5.18654
1.695558623192809 4.4082099999999995
1.7178704487808514 4.55713
1.7401823395001077 4.43485
1.7625012545597203 5.00575
1.7848028405262486 4.54096
1.8071218901122095 4.28305
1.8294236121921872 4.38098
1.8517427996910911 4.7113
1.8740620574440425 4.6456800000000005
1.8963639900671978 4.138669999999999
1.9186833908139995 4.8534
1.9409854680117449 4.46486
1.9633050151394713 4.82016
1.9856246367570705 4.29967
2.0079269371922672 4.37938
2.03024671027244 3.91313
2.0525491637446027 3.68185
2.074869091674931 4.69891
2.097171701569106 4.32892
2.1194917877373847 5.011830000000001
2.141811954326636 4.62748
2.164114805233074 3.96275
2.186435135143035 5.42329
2.208738150935709 5.21436
2.231058647554722 6.820110000000001
2.2533792288321184 6.41844
2.275682498336085 5.79023
2.298003251406138 5.573580000000001
2.3203066942619714 5.70859
2.3426276225136022 5.4682
2.3649486396617507 5.98474
2.387252348930071 6.1054900000000005
2.4095735463442893 5.8461300000000005
2.4318774374315884 5.369619999999999
2.4541988185014043 6.05091
2.476502894794693 6.8842
2.498824462909887 7.552860000000001
2.521146125856138 7.288760000000001
2.5434504863470337 7.44269
2.5657723414244717 7.7337
2.588076895590662 8.29686
2.610398946189713 8.50531
2.6327210958598384 8.334719999999999
2.6550259469304716 8.28241
2.6773482972090137 8.35332
2.6996533504259 8.2541
2.7219759047039602 8.804310000000001
2.744298562293959 8.63442
2.7666039251246595 8.07887
2.7889267918020164 7.8045100000000005
2.8112323652516555 8.09323
2.833555444408179 8.31931
2.8558786311183852 7.820810000000001
2.8781845268938557 8.86233
2.9005079311721484 9.4445
2.9228140460410397 9.14119
2.9451376712799635 9.58879
2.967444008632326 9.610330000000001
2.9897678582247247 9.77858
3.0120918213106695 10.1038
3.0343984987899373 10.0245
3.0567226913198637 11.02
3.079029599759726 11.4252
3.101354025127254 11.9846
3.123678568232338 12.7261
3.145985829517914 12.6948
3.16831061055229 12.9823
3.1906181112775593 13.5964
3.212943133635653 14.2405
3.2352682779763207 14.7587
3.2575761442691227 14.9809
3.2799015350264273 15.0908
3.302209649240067 16.047
3.3245352898092655 16.3529
3.3468436553365257 17.4332
3.369169549113219 17.3721
3.3914955708171384 18.0823
3.413804319727358 18.7519
3.4361305997334863 18.4508
3.4584396084414553 18.7786
3.4807661501462652 19.7127
3.503092824025881 19.9323
3.5254022288463154 20.2386
3.5477291695206588 20.7136
3.5700388426251948 21.326
3.5923660534916446 21.93
3.6146934007816114 23.531
3.637003482731501 27.8836
3.6593311053109985 29.5497
3.681641464033634 26.4027
3.7039693653009733 24.6063
3.726297407241705 24.4271
3.7486081875460804 24.9242
3.7709365132734978 24.8707
3.793247578841633 25.9675
3.8155761917550093 25.8137
3.8378875459837216 25.9676
3.8602164494827234 26.7149
3.882545499606844 27.4865
3.9048572932539183 28.1299
3.9271866390645718 28.2103
3.9494987298666713 28.7605
3.971828374764527 29.8935
3.9941581705403255 29.7535
4.016470713506008 30.9437
4.038800813471445 31.0443
4.061113662089144 31.3827
4.0834440696459176 32.0224
4.105774632334751 32.7501
4.128087945865126 33.5242
4.150418821249301 33.7554
4.172732448931298 34.3993
4.195063640413578 35.7023
4.2173775856475215 36.2291
4.239709096631102 39.5799
4.262040768704612 54.681000000000004
4.284355196706267 63.7119
4.306687193387355 55.3747
4.329001947444346 44.1605
4.35133427213731 41.9293
4.373666762177566 41.5297
4.395982011761091 42.6801
4.418314834921175 43.553999999999995
4.44063041906622 44.9794
4.4629635787515625 46.6179
4.4852969080429785 47.5579
4.5076130004776225 49.577
4.529946671403969 54.2362
4.552263106909177 57.7988
4.574597122877047 55.3682
4.596931312711224 53.2586
4.619248269273446 53.2935
4.6415828092605835 54.2867
4.663900117405352 54.9439
4.686235010953232 56.3268
4.708552674085913 57.8542
4.730887924602802 58.9069
4.753223354952695 61.1848
4.775541557023902 64.1583
4.797877349456786 66.689
4.820195915032126 67.7809
4.842532072957498 67.7566
4.864868414979744 69.77600000000001
4.88718753227192 74.3149
4.909524244902505 76.8669
4.931843734218147 76.1008
4.954180820867835 77.611
4.976518095879839 80.6736
4.998838149695359 83.7947
5.021175803844231 86.3132
5.043496238205739 89.54799999999999
5.065834274903528 93.8898
5.088172504230693 97.7845
5.1104935158799565 102.899
5.132832132875765 116.22399999999999
5.155153533596801 136.14600000000002
5.1774925416746225 175.421
5.199814334878411 377.853
5.2221537374521505 998.6469999999999
5.244493338631803 2800.63
5.266815727034316 7999.92
5.289155727832427 13874.2
5.311478517248165 8355.25
5.333818921080011 2238.99
5.356159527788849 414.80300000000005
5.3784829252032536 175.861
5.400823940070432 143.925
5.423147747031976 125.24799999999999
5.445489173474152 117.053
5.467830807066149 116.223
5.490155234831516 116.53399999999999
5.512497285125229 110.073
5.534822130975162 104.301
5.557164601388673 101.04799999999999
5.579489868738879 98.2554
5.601832762690846 96.9386
5.6241758697774475 95.5829
5.646501775867269 94.5824
5.668845311622074 94.0825
5.691171647754637 93.6019
5.713515615597765 92.788
5.735859800852677 92.2262
5.758186788542988 93.7971
5.780531411018185 96.8224
5.802858837297399 96.5643
5.825203900414495 96.2267
5.8475491852224 97.9731
5.869877275883075 97.4933
5.892223006467101 94.7609
5.914551544266608 93.6997
5.936897724049891 96.40299999999999
5.959244129804903 103.363
5.981573344815301 131.632
6.0039202049061 241.81
6.026249875609095 472.162
6.04859719346037 960.81
6.070927323278297 2232.3
6.093275102315365 4787.44
6.115623113320588 5582.57
6.137953938319995 2984.26
6.160302415650845 847.887
6.182633708324452 198.77200000000002
6.2049826554078376 101.927
6.227331838745022 86.6143
6.249663839443684 81.2672
6.27201349767565 77.5748
6.294345974611799 76.1038
6.316696111167083 75.4051
6.339046488263839 74.123
6.361379686074702 71.0089
6.383730546639482 69.2876
6.406064229255215 68.6018
6.428415576718203 69.14399999999999
6.450749747566656 67.8121
6.47310158535871 65.814
6.495453669698332 64.2339
6.517788579421056 63.5468
6.540141159237969 62.5439
6.562476565766648 61.7641
6.5848296444934045 61.5829
6.607182974060425 61.9417
6.6295191323281015 61.2777
6.651872965955752 60.4157
6.6742096296068985 61.5485
6.6965639707294615 65.4488
6.71891856698715 65.4086
6.741255995248479 61.0583
6.763611104154477 58.1671
6.785949046381137 57.2856
6.808304671371482 57.9734
6.8306605557940046 59.3513
6.852999275508618 58.2073
6.875355681171544 56.5387
6.897694923437771 55.5829
6.92005185377892 55.133
6.9423916220322655 55.1677
6.964749080490181 54.3461
6.987106804399774 54.4203
7.009447368180821 55.0532
7.031805625367033 55.0029
7.054146723727803 54.5105
7.076505517631004 54.0726
7.098864581288365 53.8989
7.121206488070854 53.8349
7.143566093607822 54.1363
7.165908543567245 54.8375
7.188268694426048 54.391999999999996
7.2106291193438095 53.9211
7.232972390625943 53.211000000000006
7.255333366030969 53.6107
7.277677189091925 58.0551
7.300038718428332 63.2118
7.322400526130865 61.2929
7.344745183422596 56.5804
7.367107550224791 53.6124
7.389452767901992 53.0837
7.411815697249891 53.1962
7.434161478756298 52.5845
7.456524974096713 52.6071
7.478888753837185 52.9567
7.501235387657368 53.2175
7.523599738562711 53.8548
7.545946944825532 54.695
7.568311870344528 55.2835
7.5906770845765665 54.4714
7.613025156078678 54.1796
7.635390950099687 54.7788
7.657739602662809 54.6825
7.680105979923558 54.8521
7.702472650212829 56.0901
7.724822180948224 55.7768
7.747189439655568 55.5167
7.769539560075357 54.9372
7.791907410653562 55.3476
7.81425812420825 55.7887
7.836626570110925 55.732
7.858995315087906 56.5642
7.881346924933401 56.9348
7.903716270417482 57.5153
7.926068482028405 58.0516
7.948438431475253 58.3423
7.9708086843180235 58.8831
7.993161805171116 59.8226
8.015532667162402 59.9201
8.037886398416653 61.2493
8.060257873014221 61.5149
8.082629655331942 62.3411
8.104984308787587 63.3013
8.127356708900503 64.5747
8.149711981398308 67.8979
8.172085002766314 68.8274
8.194458336181368 68.4764
8.216814543847752 67.5289
8.23918850371002 68.4532
8.26154533906492 69.1131
8.283919928836452 70.7426
8.306277395339652 71.9183
8.328652618483376 73.2572
8.351028159736202 75.5068
8.373386579575245 77.7793
8.395762759396959 79.2693
8.418121819038275 82.131
8.440498640894003 86.3553
8.462875785192262 95.8208
8.485235811156207 124.125
8.507613602688501 178.585
8.529974277114228 268.724
8.552352719347912 398.30300000000005
8.574731488360351 660.328
8.59709314210385 1240.44
8.619472567021075 2063.34
8.64183487789147 2376.7
8.664214962183097 1787.26
8.686577933647762 813.321
8.708958680784317 297.798
8.731339760774953 139.209
8.753703729764451 103.28299999999999
8.77608547780821 95.6372
8.798450116065078 92.7616
8.820832535634787 90.6842
8.843215292401656 90.6703
8.865580941199045 90.7099
8.887964374703538 90.0682
8.910330701447199 89.6036
8.932714815164482 89.571
8.955099270424924 86.9285
8.977466620733543 84.833
8.999851761421976 84.1657
9.022219798361645 83.3581
9.04460562795561 83.0415
9.066991803441677 83.0854
9.089360876979615 83.7061
9.111747746589993 83.9094
9.13411751544971 82.3583
9.156505082664324 81.3211
9.178875550323522 81.293
9.20126381862328 81.3382
9.223652438908596 81.8041
9.246023961427412 83.1504
9.26841328802173 83.2211
9.290785518039224 82.7442
9.313175554425882 84.1242
9.335565947154315 85.3671
9.357939245086508 85.8446
9.380330352834827 84.7017
9.40270436697103 84.7066
9.425096193225055 84.1854
9.447488380180165 84.0333
9.469863475295412 83.8597
9.492256385987508 83.7354
9.514632206018318 84.8005
9.537025843935714 84.8748
9.559402392368193 86.3943
9.581796761000229 88.3482
9.604191496441521 90.1661
9.626569144158516 92.0572
9.648964615551032 92.531
9.671343000390081 91.7613
9.693739211225699 91.1563
9.716135793237463 91.5721
9.738515290448102 92.4469
9.760912617143402 93.8714
9.783292860202891 95.93799999999999
9.805690935076182 97.8365
9.828089385495742 99.2346
9.850470754023561 100.104
9.872869957865444 101.38
9.89525208097539 104.47
9.917652041736662 109.98899999999999
9.940052382417589 121.376
9.962435644102392 149.987
9.984836746950979 193.09099999999998
10.007220771957746 256.02099999999996
10.029622640473708 361.10900000000004
10.052007432299963 540.57
10.074410069984072 850.2080000000001
10.096813093716005 1350.54
10.119199042482517 1899.56
10.141602840636468 2097.74
10.163989564971628 1480.79
10.186394141051062 744.831
10.208799107559706 311.06
10.231187001965623 156.769
10.253592751657669 116.89299999999999
10.275981430388155 108.397
10.298387966769793 105.62799999999999
10.320794897965431 104.787
10.343184759907361 103.977
10.36559248305461 102.51299999999999
10.387983138083852 103.98700000000001
10.410391656691655 110.895
10.432800574501677 122.745
10.455192425893369 139.164
10.47760214443012 165.755
10.499994797678786 211.125
10.522405320453982 293.525
10.54479877906917 414.78
10.567210109595656 554.304
10.5896218454736 591.895
10.612016518879773 472.472
10.634429067781074 292.865
10.656824555333241 167.046
10.679237920773568 111.134
10.701651695961992 92.3946
10.724048411481384 87.41
10.746463008485165 85.0407
10.768860546937125 83.3695
10.791275969274796 82.0234
10.81369180576079 81.0359
10.836090585366925 79.9059
10.858507252467449 78.4005
10.88090686379991 77.6235
10.903324365036394 77.0072
10.925724811614439 76.0428
10.948143150509463 76.3379
10.970561909719066 75.9869
10.992963615930844 75.1483
11.015383218085756 73.78
11.037785768347074 72.5788
11.06020621697282 71.9283
11.082627090322113 71.2848
11.105030913430326 70.7286
11.12745263854165 69.7336
11.149857314510728 69.1253
11.172279894912576 69.8809
11.194702904450653 69.2383
11.217108866490921 68.0623
11.239532736615194 67.2648
11.26193956033512 66.9431
11.284364294577085 66.6541
11.306789462371718 65.8572
11.329197585398376 65.6535
11.351623622610898 65.9587
11.37403261614354 64.9596
11.396459526308487 65.0657
11.418869393879497 64.6122
11.441297180532617 64.1823
11.463725406927658 63.6642
11.486136592353875 63.465
11.508565700543707 63.3339
11.530977768845315 63.6092
11.553407762368774 63.0663
11.575838200059769 62.8673
11.598251599479612 62.7771
11.620682927815501 62.5014
11.64309721895548 62.2746
11.665529441478206 62.282
11.687962112597958 61.8553
11.710377748130886 61.8934
11.732811318753434 61.9177
11.755227854859067 61.5954
11.777662328529495 61.6237
11.800079768750786 61.6529
11.822515149015453 61.8806
11.844950984084935 61.7492
11.867369787303163 61.3431
11.889806534289491 61.2206
11.912226250487029 61.6251
11.934663912939751 62.1191
11.9571020346363 62.7564
11.979523127133968 62.9206
12.001962169624331 64.3127
12.024384183972964 65.6484
12.046824150809913 68.7582
12.069264581333726 73.5154
12.091687985297767 79.664
12.11412934550045 89.24700000000001
12.136553680195208 103.693
12.158995973632788 126.32799999999999
12.181438735204349 158.129
12.20386447284199 193.61700000000002
12.226308172985636 210.389
12.24873485024193 193.576
12.271179492516982 150.525
12.293607112949127 108.285
12.316052700916226 82.5576
12.338498763250042 68.7356
12.360927805303868 64.0767
12.383374818673879 63.2032
12.405804812803074 62.4896
12.428252780773262 62.9031
12.45070122756722 63.3597
12.473132656675375 63.2287
12.49558206341869 63.4372
12.518014453510101 63.8395
12.540464823770117 63.838
12.562915677315177 63.6485
12.58534951575545 63.8777
12.607801338171472 63.8948
12.630236146511358 64.6165
12.652688941369085 65.6495
12.675124723177234 66.0856
12.697578494048786 66.2675
12.720032754458185 66.0728
12.742470003354093 66.3746
12.764925245138771 66.6493
12.787363476431278 67.2589
12.809819703166806 67.6179
12.83227642391173 68.4407
12.854716135692716 69.0132
12.877173846755147 70.1016
12.899614549869717 70.3011
12.9220732548287 71.6882
12.94453245827299 72.0738
12.966974655289818 73.1122
12.989434858002571 73.8918
13.011878055298721 74.3304
13.034339260862497 75.5689
13.056800969391883 76.9787
13.079245674017244 80.1496
13.101708390774869 84.6657
13.12415410463411 92.6814
13.146617833206086 102.601
13.169064559883248 113.012
13.191529303857127 128.32399999999998
13.213994557076367 151.694
13.236442809902437 188.648
13.258909083908291 249.91099999999997
13.28135835851934 324.11400000000003
13.30382565690295 399.87
13.326293469022952 450.353
13.348744283242008 414.83099999999996
13.371213125129904 320.759
13.39366497011003 218.493
13.416134845360597 146.74
13.438605238843131 112.33
13.46105863690397 103.855
13.483530069144786 106.16
13.505984506951902 112.229
13.528456981549432 123.14399999999999
13.550929978879088 138.815
13.573385983253365 162.629
13.595860028340867 201.967
13.618317081455832 258.137
13.64079217790333 327.617
13.663250283359057 384.76599999999996
13.685726434770173 388.291
13.708203115221277 330.397
13.730662806148091 244.63299999999998
13.75314054697177 165.19400000000002
13.775601299246777 115.22200000000001
13.798080104050406 91.5916
13.820559442405358 82.6623
13.843021793671388 80.1472
13.865502201420897 78.7228
13.887965623051947 78.2901
13.910447103807167 77.4124
13.932929122629764 76.4528
13.955394156785959 75.97800000000001
13.977877254034569 75.0215
14.000343367582113 74.1267
14.022827546871707 73.4351
14.045294743423524 72.7065
14.06778000837062 72.2914
14.090265817715476 72.0305
14.112734645763819 71.39699999999999
14.13522154619454 71.1912
14.157691466286913 71.1541
14.180179461423874 70.9326
14.202668005486178 70.3052
14.22513957064374 69.7714
14.247629214846473 69.3187
14.270101881097517 69.0307
14.29259262906496 68.7736
14.315083930490205 68.904
14.337558255389705 68.58800000000001
14.360050666019726 68.4447
14.382526101071944 68.5007
14.405019624534942 68.2096
14.427513705993134 67.8261
14.449990813291825 68.043
14.47248601302899 67.5874
14.49496423954951 67.8469
14.517460561197822 68.1525
14.539939910570322 67.8142
14.562437357763558 68.0968
14.58493536931253 68.3155
14.607416409993311 68.5138
14.62991555254159 68.9848
14.652397725157423 69.1342
14.674898002342799 69.4402
14.697398848433282 69.6597
14.719882725991326 71.6037
14.74238471217934 73.4088
14.764869730765593 76.6349
14.787372860692983 79.59100000000001
14.809876564079925 84.2359
14.83236330125751 90.191
14.854868153850365 99.061
14.877356041159485 113.90299999999999
14.899862046604186 132.494
14.922351087688757 160.236
14.944858249632887 194.33
14.967365991421232 223.25799999999998
14.989856770231246 232.579
15.012365673994204 215.47299999999998
15.03485761569738 175.795
15.05736768508665 132.071
15.07987833888692 101.0
15.102372032001655 82.7049
15.124883856909658 73.5596
15.14737872204565 70.3593
15.169891721717274 68.9682
15.192405310371893 68.9582
15.214901940621196 68.4038
15.237416709527137 68.023
15.259914520936249 67.6973
15.282430473753607 66.9949
15.304947020131227 66.5719
15.327446610371178 66.2244
15.349964346154254 65.7754
15.372465126703139 66.1818
15.394984055556009 65.4775
15.417486030076159 65.5667
15.44000615566487 65.1619
15.462526881230803 64.9664
15.485030653812652 65.0018
15.507552581617434 64.7629
15.530057557334603 64.8154
15.55258069104857 64.7338
15.575104429329837 65.2412
15.597611216864632 65.2616
15.620136166564563 65.9812
15.6426441664095 67.8513
15.665170331202765 69.938
15.687697105158826 72.8663
15.710206930593545 76.197
15.732734925158933 80.8558
15.755245972089478 87.5037
15.77777519094324 96.37299999999999
15.800287463046663 109.507
15.822817909869592 129.628
15.84534897229804 152.246
15.867863089299354 180.595
15.890395385222186 198.39700000000002
15.912910736597423 196.644
15.935444269699861 175.77
15.957978423016485 140.668
15.980495633101265 108.867
16.003031029129367 84.9675
16.02554948280019 70.4622
16.048086125229432 64.4199
16.070623392487107 62.3231
16.09314371869582 61.479
16.11568223789321 60.2981
16.13820381691126 59.8182
16.160743591742527 59.6027
16.183283996022084 58.9886
16.205807461423195 58.1383
16.228349126881973 57.6078
16.25087385432698 57.7036
16.27341678466365 57.1979
16.29594277784926 56.9303
16.31848697676433 56.6872
16.341031811604868 56.2969
16.36355971058487 56.2735
16.3861058195587 56.0227
16.40863499352978 55.42
16.431182380342005 55.1757
16.453730407713202 54.8396
16.476261501364792 54.6262
16.498810812136167 54.4998
16.52134319004079 54.5717
16.54389378792203 54.4684
16.566445031001553 54.2016
16.588979342490088 53.9942
16.61153187824822 54.0507
16.634067483263312 53.9955
16.656621315414416 53.8983
16.679175797408888 53.3445
16.701713349928728 53.5364
16.72426913389191 53.8596
16.74680798922351 53.8465
16.76936507887444 53.9034
16.791905240734874 53.86600000000001
16.814463639794468 53.7467
16.837022695210294 53.7912
16.859564824093756 53.926
16.882125194503903 53.9877
16.904668639217885 54.1883
16.927230328348003 54.1669
16.949792678493612 54.5387
16.972338104193863 54.3609
16.994901778652235 54.2446
17.017448529496576 54.7648
17.040013531998152 55.2668
17.06257920018044 55.9485
17.0851279459922 56.467
17.107694947817667 57.3808
17.130245028099072 58.0858
17.15281336730298 59.515
17.17536478578733 61.0457
17.19793446610687 63.405
17.220504818648422 66.7882
17.243058251703697 70.2166
17.265629950971032 75.1385
17.288184731571736 81.3312
17.310757781306908 83.5963
17.33333150794385 83.6746
17.355888317140174 80.1875
17.37846339986244 73.2148
17.401021565958885 66.9907
17.42359800851343 62.4635
17.44617513265564 59.8898
17.468735341390783 58.9452
17.491261035594565 58.2292
17.51396340099364 58.1137
17.536490463869136 58.3089
17.559018209820174 58.2904
17.58154663977963 58.2442
17.604251766089718 58.5944
17.626781572227713 58.6947
17.64931206518155 59.0716
17.671843245885103 59.2146
17.69455114821572 59.5873
17.717083712612634 59.6796
17.739616967569667 59.9136
17.762150914021706 60.3092
17.78486160749854 60.9012
17.807396945166804 62.0197
17.829932977143503 63.1785
17.85246970436452 64.723
17.875183204129467 66.1612
17.897721330097664 68.4195
17.920260154126645 70.6196
17.942799677153296 73.9262
17.9655159983646 77.5511
17.988056927677544 83.3631
18.010598558807683 91.2399
18.033140892692916 102.073
18.05586005052525 114.455
18.07840379824407 128.231
18.10094825154059 138.95600000000002
18.12366954819864 143.278
18.146215420998306 137.52
18.16876200220057 124.64299999999999
18.191309292745153 108.74799999999999
18.214033452627167 95.1816
18.236582170236648 86.3495
18.259131600016456 83.4617
18.281681742907335 85.277
18.304408781233683 90.7348
18.32696035875955 97.3278
18.349512652227624 102.26299999999999
18.372065662579683 106.66799999999999
18.394795594587553 105.26
18.41735004715306 98.6165
18.43990521943684 89.8123
18.46246111238171 80.2249
18.485193953325208 71.8804
18.507751296070428 66.4745
18.530309362314178 63.6878
18.552868153000343 62.2515
18.57560391815056 61.0994
18.59816416623245 60.7294
18.620725141597372 60.2466
18.643286845190268 59.6895
18.666025549835414 59.2511
18.688588718427933 58.7479
18.711152618092243 58.637
18.73389353884365 58.476000000000006
18.75645890921984 58.133
18.77902501351406 57.7122
18.801591852673102 57.7103
18.824335739722738 57.2917
18.846904057212626 57.2798
18.8694731124168 56.9691
18.89204290628315 57.02
18.914789774966803 56.7145
18.937361054791623 56.2799
18.959933076131318 56.2697
18.982505839934877 55.9415
19.00525570560582 56.0552
19.027829963004184 55.8612
19.05040496572238 56.0308
19.072980714710468 56.1655
19.095733592739563 56.352
19.11831084296757 56.398999999999994
19.140888842324735 56.8455
19.16346759176222 57.056999999999995
19.18622349753803 57.5457
19.208803755869358 58.371
19.231384767143577 59.8049
19.253966532312948 61.5049
19.276725481241822 63.6611
19.29930876296784 66.3711
19.3218928014549 69.7049
19.34465404436217 72.4925
19.36723960516257 75.0604
19.389825925592426 75.4416
19.412413006605938 72.9277
19.43517731967805 68.7824
19.457765930683355 64.1655
19.48035530514408 60.042
19.50294544401556 56.8699
19.525712842708348 54.781000000000006
19.54830451925909 53.8654
19.570896963095727 53.0998
19.593490175174704 52.8544
19.616260674962184 53.0278
19.638855432416964 52.8708
19.661450960992624 53.0488
19.68404726164677 52.5965
19.706820878021247 52.4193
19.729418731756834 52.7348
19.752017360452857 52.5365
19.77461676506804 52.6317
19.797393513540218 52.8399
19.819994478951667 53.2326
19.84259622316767 53.6308
19.8651987471481 54.0539
19.887978643247177 54.4262
19.91058273574792 54.821999999999996
19.933187610901943 55.6178
19.955969879466828 57.0147
19.97857632894404 58.5857
20.00118356396599 60.2177
20.023791585494575 62.6479
20.046577028914875 65.6793
20.069186632506966 68.1022
20.091797025500632 69.9634
20.114408208858933 69.8763
20.137196842715273 68.7702
20.159809615886765 66.4759
20.18242318232135 63.4192
20.20503754298326 61.5537
20.227829382875154 60.7511
20.250445341109344 61.1906
20.27306209647285 62.5113
20.29567964993108 64.2606
20.31847471147704 64.9488
20.34109387027612 65.6531
20.363713830075454 64.4996
20.386334591841646 61.958999999999996
20.409132890679302 58.9687
20.431755265564437 55.8562
20.454378445325528 53.5168
20.477002430930366 51.768
20.499803982716553 50.7328
20.522429589228004 50.1676
20.54505600449589 49.6621
20.567683229489194 49.6628
20.590488049900088 49.5976
20.61311690359731 49.2327
20.63574656993626 49.2054
20.658553853717297 48.9303
20.681185154618298 48.7487
20.703817271080066 48.7108
20.72645020407368 48.2991
20.749260783967177 48.1041
20.771895359337133 48.2144
20.794530754161617 48.1091
20.817166969412938 48.1309
20.83998086114876 48.0724
20.86261872660049 47.9421
20.885257415405402 47.8717
20.90789692853701 47.9219
20.930714147864748 47.8579
20.953355319030678 47.8762
20.97599731745334 47.8364
20.99864014410749 47.6423
21.021460706796564 47.8698
21.044105199328826 48.0678
21.06675052302631 48.2626
21.089396678865015 48.4091
21.112220600704806 48.8456
21.134868430275347 49.1827
21.15751709492456 49.2532
21.180166595629693 49.7666
21.202993892429635 50.3704
21.22564507473034 50.6907
21.24829709602816 51.0063
21.27112693608965 50.7173
21.293780644891275 50.5613
21.316435195634053 49.637
21.339090589297417 48.7918
21.361923832041875 48.501000000000005
21.384580921090404 48.0194
21.407238856007325 47.4885
21.429897637773326 47.6524
21.45273429906592 47.8128
21.475394784108598 47.7623
21.498056118951983 47.5546
21.520718304578022 47.8912
21.543558400304388 48.1302
21.566222297108816 48.4001
21.58888704765135 48.4973
21.61155265291521 48.6876
21.63439619898156 49.0071
21.657063523335786 49.3726
21.67973170537063 49.888000000000005
21.7024007460706 50.4389
21.72524775840385 51.3467
21.747918526116475 52.2192
21.770590155457388 53.4715
21.79326264741238 55.0524
21.816113141960237 56.9913
21.838787368860547 59.1717
21.861462461341976 61.4303
21.884315579735777 63.5274
21.90699241312273 64.6999
21.92967011506078 64.3148
21.95234868653799 62.9421
21.9752053151131 61.0941
21.997885635446785 58.9187
22.020566828293532 57.2285
22.04324889464272 55.893
22.066109049404666 55.2781
22.088792872571794 55.3592
22.111477572219204 55.4256
22.1341631493376 55.6317
22.157026846313123 54.8369
22.179714188221507 54.0755
22.202402410582668 52.7582
22.22509151438863 51.2242
22.24795876962584 49.9886
22.270649646204486 49.321000000000005
22.293341407213727 48.8814
22.316034053646906 48.3132
22.338904883215342 48.1473
22.36159931041458 48.0015
22.38429462602756 47.9971
22.40699083104897 47.6578
22.429865251039757 47.7932
22.452563244831367 47.8597
22.47526213102522 48.0023
22.49813925616515 47.83
22.520839937143307 47.7897
22.543541513520587 47.7486
22.56624398629403 47.7819
22.589124730075895 47.8013
22.611829005656723 47.9051
22.63453418063466 48.0811
22.657240256008077 48.2387
22.680124634582935 48.4807
22.70283252079775 48.6783
22.725541310413075 48.9259
22.74825100442868 49.2559
22.771139033969575 49.7408
22.79385054687155 49.79600000000001
22.81656296718292 50.6357
22.83927629590484 51.4665
22.862167992606945 52.4807
22.88488314827121 53.8504
22.907599215359284 55.2015
22.93031619487366 56.4251
22.953211574954405 57.2902
22.975930389478226 57.8009
22.998650119445763 57.2539
23.02137076586092 55.9897
23.044269845560063 54.3892
23.06699233506288 52.4591
23.089715744034912 50.8855
23.112617610931565 49.5005
23.135342869061212 48.702
23.158069049684816 48.2353
23.1807961538087 47.9973
23.20370174880544 48.0968
23.226430710184808 48.1689
23.249160598093425 47.9887
23.271891413539002 48.1961
23.294800752937697 48.1991
23.31753343374794 48.4407
23.340267045128353 48.4478
23.36300158808808 48.8803
23.38591468821339 49.1532
23.408651104658304 49.6936
23.431388455719986 50.3043
23.454126742409 51.143
23.4770436196085 52.2778
23.499783787914662 53.6242
23.522524894889884 55.0175
23.54526694154616 56.3815
23.56818761219047 57.3773
23.59093154860734 57.8068
23.613676427751283 57.455
23.636422250635754 55.7931
23.659346731118656 53.9519
23.68209445191868 51.7565
23.704843119509587 49.6234
23.72759273490623 47.8676
23.750521041644767 46.8671
23.77327256312355 46.0863
23.796025035462787 45.5232
23.818956224555475 45.2406
23.841710609113413 45.1187
23.86446594758979 45.0092
23.887222241002014 44.7819
23.910157285144578 44.4317
23.932915498962537 44.4041
23.955674670778713 44.1779
23.978434801611975 44.0452
24.001373717286125 43.9914
24.024135776723917 43.9076
24.046898798245582 43.8561
24.06966278287146 43.6696
24.092605586582614 43.5009
24.115371508023642 43.2204
24.1381383956401 43.2556
24.16090625045381 43.1485
24.183852958731244 43.1462
24.206622758582608 43.1529
24.229393528706886 42.7938
24.252165270127392 42.8915
24.27511589952438 42.8985
24.297889594216997 42.6767
24.32066426328598 42.6344
24.34343990775613 42.7087
24.36639447485003 42.4958
24.38917208083877 42.2271
24.41195066531332 42.353
24.43490819850244 42.3514
24.457688750692377 42.3386
24.48047028445616 42.297
24.503252800821233 42.4616
24.526214300784112 42.4818
24.548998793132213 42.4295
24.57178427117417 42.221000000000004
24.59457073593893 42.31
24.617536219319863 42.3511
24.64032466834748 42.2038
24.663114107195035 42.053000000000004
24.685904536893013 41.826
24.708874020360852 41.7854
24.731666442613744 41.708999999999996
24.754459858818787 41.5453
24.777254270007962 41.6392
24.80022777025625 41.4831
24.82302418230472 41.6263
24.845821592443674 41.6214
24.86862000170663 41.5084
24.891597535453727 41.3926
24.914397953892728 41.6256
24.93719937456671 41.5918
24.96000179851076 41.8215
24.98298338249997 41.8858
25.00578782394922 42.2006
25.028593271784167 42.4329
25.05157790644186 42.7457
25.07438537804115 42.8201
25.097193859145293 43.0609
25.120003350792075 43.2268
25.142992065061257 43.6947
25.165803588823465 43.8453
25.18861612625217 43.9517
25.211429678386736 43.9361
25.234422489079968 44.0228
25.257238081693636 44.1004
25.280054692141732 44.2082
25.3028723214652 44.4156
25.325869245420463 44.3111
25.348688923599397 44.4405
25.371509623787006 44.2355
25.394331347025812 43.821000000000005
25.41733240110666 43.0892
25.440156181590016 42.407
25.46298098826268 41.9922
25.48580682216873 41.4598
25.50881202326435 41.0092
25.53163992281684 40.5939
25.55446885274561 40.4186
25.577298814096377 40.3172
25.600308179121807 40.1456
25.623140214533745 40.2283
25.64597328451537 40.1549
25.66898578564376 39.9089
25.691820936010206 39.9148
25.714657124097695 39.8227
25.737494350954734 40.0134
25.760511045684957 39.7644
25.783350361364224 39.7897
25.806190718969255 39.8102
25.82903211955018 39.8278
25.852053024868923 39.9557
25.874896522722523 39.9748
25.897741066713106 39.8597
25.920586657892454 40.1985
25.943611790812668 40.286
25.966459487728237 40.3486
25.989308234998564 40.3084
26.01215803367705 40.861999999999995
26.03518741123814 41.0886
26.05803932412957 41.0278
26.080892291600094 41.048
26.10374631470478 41.1619
26.12677995397268 41.1639
26.14963609978026 40.9433
26.172493304397875 40.6156
26.19535156888223 40.3092
26.218389486949604 39.9396
26.241249882640123 39.7672
26.26411134137826 39.6417
26.28715248187403 39.6776
26.31001607820869 39.4905
26.3328807407756 39.3384
26.35574647063438 39.5613
26.37879191991473 39.5719
26.401659795896734 39.679
26.424528742360263 39.6433
26.447398760366614 39.7905
26.470448535598294 39.8779
26.49332070826805 40.1839
26.516193955675355 40.4056
26.53906827888316 40.6164
26.562122397260108 40.9845
26.584998883685063 41.3815
26.607876449110325 41.6007
26.63075509460056 41.6691
26.65381357334404 41.7936
26.67669439061878 41.4767
26.699576291163382 41.3519
26.722459276044212 41.2639
26.745522132402975 40.7985
26.768407297649354 40.6947
26.791293550442003 40.419000000000004
26.814180891848974 40.1295
26.837248143099337 39.853
26.860137673466657 39.8341
26.88302829566349 39.5914
26.90592001075963 39.3727
26.92899167420566 39.0241
26.951885586870763 38.7126
26.974780595655517 38.5812
26.99785558178161 38.5543
27.020752794605112 38.4522
27.043651106772522 38.3137
27.06655051935668 38.2626
27.089629948036183 38.1658
27.112531573292053 38.1521
27.135434302194138 38.2269
27.158338135817015 38.0337
27.181422024430987 38.1826
27.204328079372566 37.9525
27.22723524226965 37.9179
27.250143514198573 37.9867
27.273231880156334 37.9441
27.296142382065014 37.7994
27.319053996245536 37.7287
27.341966723775965 37.8311
27.365059584515222 37.82
27.38797455070062 37.9474
27.410890633481237 37.8897
27.433807833936918 37.9067
27.456905206923906 37.8911
27.47982465472398 37.9492
27.502745223449743 38.1023
27.525666914182825 38.1431
27.548768816912457 38.0334
27.571692763693633 37.9809
27.59461783573812 37.9901
27.617723149491244 37.626
27.640650484125285 37.6441
27.66357894728264 37.5532
27.686508540048052 37.5318
27.709618414237887 37.3404
27.732550278321757 37.1192
27.755483275279115 37.2704
27.778417406196485 37.3562
27.801531858397514 37.2973
27.824468269376716 37.1074
27.847405817586786 37.3242
27.870344504116094 37.4597
27.893463551932008 37.5606
27.916404527281053 37.7944
27.93934664422563 37.8415
27.962289903855886 38.0288
27.98541356491974 38.2224
28.00835912214229 38.4268
28.03130582533231 38.444
28.054253675581805 38.6034
28.077381967556104 38.549
28.100332124185126 38.3953
28.123283431160893 38.2801
28.146235889577238 38.1746
28.169368830154156 37.9128
28.192323603752033 37.8241
28.215279532083304 37.567
28.238415973016764 37.2621
28.261374223145094 37.2783
28.284333631303806 37.0994
28.307294198589954 36.8985
28.330435319167677 36.5633
28.353398217078915 36.2138
28.376362277420153 35.9006
28.39932750129032 35.8282
28.422473319286713 35.7084
28.44544088262495 35.836
28.468409612800283 35.614000000000004
28.491379510913497 35.4531
28.51453004413313 35.4301
28.53750229057244 35.3571
28.56047570826344 35.3137
28.583450298308804 35.3207
28.606605564586562 35.1805
28.629582511831156 35.2611
28.65256063474956 35.0435
28.675539934446338 35.0709
28.698699951647605 35.056999999999995
28.72168161743193 34.9045
28.74466446331978 35.016
28.767648490417624 34.9336
28.790813276438353 34.8132
28.813799678527303 34.8798
28.836787265157085 34.8534
28.859955641890075 34.9695
28.882945610203045 34.9148
28.905936766392035 34.7472
28.928929111566863 34.8845
28.952102288520145 34.7808
28.975097024308607 34.6486
28.998092952423807 34.5692
29.021090073977508 34.2296
29.04426806913204 34.1029
29.067267590245258 34.0763
29.090268308143695 34.0307
29.11327022394099 33.9928
29.13645305530891 33.8363
29.159457379627167 33.8764
29.18246290519685 33.8601
29.20546963313352 33.7671
29.22865731875826 33.7919
29.25166646419296 33.8705
29.27467681535305 33.6511
29.29768837335608 33.77
29.320880931312562 33.8659
29.34389491580634 33.8388
29.366910110507334 33.7489
29.38992651653503 33.8262
29.41312396492981 33.7728
29.436142806456754 33.6335
29.45916286268059 33.5014
29.48236399319994 33.3726
29.50538649169417 33.2854
29.528410208259935 33.2193
29.55143514402014 32.9617
29.574641196749695 32.8159
29.597668583816574 32.7333
29.6206971934585 32.6074
29.64372702680042 32.66
29.666938019934474 32.6003
29.689970313635285 32.509
29.713003834422636 32.4323
29.73603858342347 32.339
29.759254535188578 32.3474
29.78229175361658 32.3236
29.80533020365064 32.3478
29.82836988641968 32.3044
29.85159081507472 32.1882
29.874632976355343 32.1873
29.89767637376955 32.2487
29.920721008448314 32.0943
29.9439469322847 32.0909
29.96699405457564 32.0479
29.9900424175358 32.0863
30.013092022298157 31.9861
30.03632295963995 31.8606
30.059375061131373 31.9513
30.08242840783577 32.0666
30.105483000888153 31.9794
30.128718970092244 31.9184
30.151776069006917 31.9983
30.17483441768648 31.8861
30.198074175317235 31.9948
30.221135036724256 31.9384
30.24419715131772 31.9012
30.267260520236203 31.8285
30.290505341942243 31.8534
30.313571232750228 31.906
30.336638381310948 31.8232
30.35970678876503 31.7255
30.38295669299435 31.6139
30.40602763151657 31.6947
30.429099832366074 31.7855
30.452173296685572 31.5969
30.47542830191959 31.5101
30.498504306502497 31.4869
30.521581577995562 31.6862
30.544660117543582 31.7437
30.56792024229725 31.799
30.59100133132069 31.6605
30.614083691845494 31.7346
30.637167325018545 31.7778
30.660432587840603 31.9099
30.683518779717886 31.8001
30.70660624769615 31.7417
30.729694992924372 31.6023
30.75296541239743 31.7019
30.77605672557558 31.7132
30.799149319462742 31.570999999999998
30.8224236211637 31.4494
30.845518789950724 31.2911
30.868615242910597 31.2678
30.891712981195973 31.1988
30.91499247215866 31.0718
30.938092794619365 31.1029
30.96119440587579 31.0336
30.984297307082752 30.9345
31.00758200598383 30.8819
31.030687500658694 30.7878
31.053794288760695 30.6887
31.076902371446767 30.6087
31.100192296997445 30.6454
31.12330298246119 30.6426
31.14641496599209 30.4224
31.169528248749216 30.4611
31.19282341969534 30.5183
31.215939314557186 30.5068
31.239056512134788 30.5795
31.262175013589378 30.4266
31.28547544871168 30.3921
31.30859657161541 30.3326
31.331719001892175 30.3584
31.35484274070538 30.509
31.378148458819545 30.4652
31.401274828443725 30.3906
31.424402510106933 30.3535
31.447712205419993 30.5272
31.470842524931633 30.4176
31.493974159989783 30.3517
31.51710711176168 30.2342
31.54042212308802 30.2905
31.563557722100917 30.2041
31.586694641341655 30.1206
31.609832881979628 30.0782
31.63315322823208 29.9079
31.656294125521327 29.794
31.679436347728515 29.8045
31.70257989602529 29.7079
31.725905596152327 29.6807
31.74905181052835 29.6384
31.772199354521323 29.7987
31.79534822930507 29.7165
31.818679302290967 29.784000000000002
31.84183085259981 29.7049
31.864983737233473 29.6985
31.88813795736804 29.7295
31.911474422233013 29.6181
31.934631327356435 29.5932
31.9577895715215 29.5932
31.980949155906522 29.5378
32.004291031706956 29.4655
32.027453310562606 29.5333
32.05061693318573 29.3925
32.07396288236386 29.3849
32.09712920658542 29.2605
32.12029687812702 29.0851
32.14346589817093 29.0016
32.166817291729984 29.0871
32.18998902288583 29.0724
32.21316210610336 28.8942
32.23633654256711 28.7126
32.259693399663725 28.7182
32.282870556771144 28.7282
32.30604907069099 28.773000000000003
32.329228942610065 28.6928
32.35259128243769 28.568
32.375773884550505 28.5171
32.398957848235646 28.5007
32.422143174682176 28.4056
32.445511016471215 28.3458
32.468699082679954 28.2749
32.49188851523011 28.2366
32.51507931531304 28.2695
32.538452678331 28.1967
32.56164622776311 28.145
32.58484114831493 28.125999999999998
32.60803744118015 28.1176
32.631416344731896 28.0997
32.654615396551876 28.0594
32.67781582427913 28.0703
32.701198898634416 27.8848
32.72440209253756 27.888
32.747606665947124 27.8413
32.77081262006088 27.6645
32.79420126883317 27.7572
32.81740999876112 27.7634
32.840620112999424 27.5954
32.86383161274818 27.6028
32.88722585534586 27.6254
32.91044014056596 27.6592
32.933655814909734 27.546
32.95687287957963 27.5677
32.98027273544904 27.5044
33.00349259526636 27.5378
33.026713849030116 27.5773
33.04993649794511 27.491
33.073341986570746 27.464000000000002
33.09656744032826 27.3191
33.11979429286444 27.3487
33.14302254538647 27.3689
33.166433686291185 27.3369
33.18966475336992 27.326999999999998
33.212897224069096 27.1786
33.23613109959831 27.21
33.259547912343415 27.1388
33.2827846121627 27.1379
33.306022720453775 27.0106
33.32926223842861 26.953000000000003
33.352684742614166 26.9691
33.37592709463173 26.9582
33.399170859982064 26.8438
33.422597648419426 26.8113
33.44584425514446 26.749000000000002
33.46909227885668 26.6603
33.4923417207723 26.5809
33.51577423505344 26.6508
33.539026528130385 26.5506
33.56228024307245 26.484
33.585535381098246 26.3423
33.60897364093058 26.2821
33.63223163992385 26.3484
33.6554910656699 26.2679
33.678751919389796 26.2946
33.702195944520106 26.0964
33.72545966903325 26.1588
33.74872482519663 26.1395
33.771991414233746 26.2241
33.79544122444841 26.1351
33.81871069412428 25.96
33.84198160035767 25.9862
33.86525394437455 26.0171
33.88870955949969 25.9368
33.911984794020626 25.8797
33.93526147001624 25.9141
33.958539588715006 25.8369
33.98200102861669 25.7491
34.0052820477047 25.6833
34.02856451319451 25.6737
34.05203033759056 25.6321
34.07531571090147 25.5511
34.09860253431845 25.5434
34.121890809074316 25.5202
34.145362493118924 25.4894
34.16865368561615 25.46
34.191946333164054 25.3742
34.21524043699793 25.3141
34.23871800066799 25.4013
34.26201503218366 25.2448
34.28531352370466 25.1925
34.30861347646881 25.1124
34.33209693978188 25.1668
34.3553998301885 25.1893
34.378704185565205 24.9912
34.402010007152356 25.0248
34.42549939016683 25.0343
34.44880815937748 24.9578
34.472118398533134 24.8751
34.49543010887669 24.8549
34.51892543169198 24.8255
34.54224009966052 24.8281
34.56555624255917 24.767
34.58887386163339 24.6797
34.61237514439016 24.5792
34.6356957311114 24.5725
34.65901779775809 24.6019
34.68252356662995 24.5536
34.705848608458616 24.5585
34.72917513396849 24.4341
34.75250314440949 24.487
34.77601490857862 24.4198
34.799345904259795 24.2799
34.82267838863559 24.3009
34.846012362958525 24.2635
34.869530142679984 24.3748
34.89286711232212 24.2953
34.91620557568269 24.2279
34.93954553401677 24.2369
34.9630693495876 24.1241
34.986412313340814 24.1183
35.00975677584668 24.064
35.033102738362956 24.0453
35.05663261012228 24.0853
35.0799815881786 23.9669
35.10333207003229 23.9422
35.12668405694369 23.9015
35.150220005273056 23.9463
35.17357501786656 23.8581
35.19693153931268 23.8151
35.220289570874385 23.7564
35.24383161619786 23.8019
35.267192683604904 23.7008
35.290555264930376 23.7175
35.314101899412165 23.7031
35.33746752422433 23.6516
35.36083466676374 23.6352
35.38420332829803 23.6187
35.407756095629054 23.6939
35.43112781085063 23.5976
35.45450104888391 23.561
35.477875810999194 23.5519
35.50143473172161 23.5382
35.52481255774625 23.5673
35.54819191167777 23.462
35.57157279478914 23.4981
35.595137889488406 23.4149
35.61852184675279 23.331
35.641907337029984 23.2649
35.665294361595684 23.2299
35.68886565090076 23.1938
35.7122557598848 23.2002
35.73564740699838 23.1898
35.759040593519934 23.0841
35.78261809810353 23.0296
35.80601437933051 23.0079
35.829412203814705 22.9516
35.85281157283719 22.8888
35.876395313415884 23.0212
35.8997977874528 22.8598
35.92320180988546 22.7672
35.946790244133936 22.7402
35.97019737933222 22.7345
35.993606066789866 22.6785
36.01701630779276 22.7668
36.04061101440684 22.6199
36.06402437852291 22.695
36.08743930005611 22.6276
36.1108557802951 22.5943
36.13445678011326 22.5893
36.15787639383515 22.5287
36.18129757014299 22.5572
36.20472031032821 22.4414
36.22832762423364 22.3589
36.25175350829375 22.3683
36.275180960119776 22.2468
36.298609981005924 22.3501
36.32222362992669 22.3237
36.34565580510207 22.24
36.36908955323448 22.2486
36.39252487562093 22.135
36.416144880530226 22.1241
36.43958336764275 22.0864
36.463023432914625 22.1349
36.486465077645676 21.9596
36.51009145956204 22.0291
36.53353627947859 22.0424
36.55698268276811 21.9897
36.58043067073321 21.9163
36.60406345072071 21.8718
36.62751462435344 21.8507
36.65096738658405 21.8518
36.67460498210655 21.8229
36.69806093788647 21.7718
36.72151848619297 21.7223
36.744977628333636 21.7143
36.76862165890998 21.6292
36.79208400512205 21.5955
36.81554794910557 21.5666
36.83901349217101 21.5453
36.862663978991606 21.5368
36.88613273667352 21.4938
36.90960309738324 21.5208
36.933075062434064 21.4244
36.95673202673572 21.3796
36.98020721697122 21.3402
37.003684015502365 21.2581
37.027162423645365 21.2816
37.050825886711465 21.2121
37.07430753063053 21.1864
37.09779078812467 21.2264
37.121275660513014 21.1423
37.144945643673694 21.1142
37.16843376245278 21.064
37.19192350009803 21.0862
37.215414857931435 20.9658
37.239091382563885 20.984
37.262585997426164 20.9651
37.28608223645736 20.9112
37.309763684451696 20.8621
37.33326318851098 20.831
37.356764320726555 20.7939
37.380267082425526 20.8156
37.40395510942588 20.7602
37.42746114683234 20.6852
37.45096881771841 20.6061
37.474478123414166 20.671999999999997
37.49817275092816 20.6194
37.52168534303452 20.5857
37.54519957395567 20.4868
37.568715445024665 20.4994
37.592416694607714 20.4596
37.61593586281424 20.5902
37.63945667518264 20.5595
37.66297913304891 20.4302
37.68668702630454 20.3508
37.710212792059274 20.2309
37.733740207334854 20.3054
37.757269273470364 20.315
37.780983832050374 20.2228
37.80451621684926 20.1955
37.82805025654007 20.1897
37.851585952464795 20.0797
37.8753071980695 20.0587
37.89884622345676 20.0263
37.92238690911902 20.0336
37.94611318753442 19.9584
37.969657210779765 20.0276
37.99320289834801 19.913
38.016750251586465 19.9473
38.04048325513017 19.8623
38.06403395679343 19.8245
38.087586328183946 19.7329
38.11114037065203 19.7869
38.13488012115898 19.7935
38.1584375229181 19.6863
38.181996599821 19.6552
38.205557353221124 19.6313
38.229303872575656 19.6408
38.2528679961576 19.6041
38.27643380031219 19.5464
38.30000128639589 19.5483
38.32375459653193 19.4775
38.34732546371299 19.4558
38.37089801690786 19.4104
38.39447225747609 19.4132
38.418232380377425 19.3691
38.441810012983396 19.3752
38.46538933705673 19.3532
38.488970353960084 19.3015
38.51273731166058 19.2427
38.536321731567014 19.2267
38.55990784840681 19.175
38.58367995004091 19.2227
38.60726947812959 19.0958
38.63086070726198 19.0901
38.654453638806274 19.1336
38.678232613930824 19.0815
38.70182896773327 18.9919
38.72542702806741 18.9387
38.7490267963045 18.9137
38.77281266709232 18.8889
38.79641586862214 18.9008
38.8200207821842 18.8335
38.843627409152944 18.839000000000002
38.86742019782782 18.7945
38.891030269149255 18.7461
38.914642058016156 18.7535
38.938255565806124 18.7023
38.96205529464307 18.6448
38.98567225787121 18.5974
39.00929094417078 18.6655
39.03291135492255 18.5998
39.05671804624804 18.5465
39.080341923549106 18.5189
39.103967529460334 18.5244
39.127594865365744 18.4176
39.15140854155791 18.4023
39.17503935514948 18.4411
39.19867190290282 18.3751
39.22249083587951 18.3586
39.24612686969409 18.2894
39.269764641845306 18.3372
39.293404153722804 18.2974
39.317230110864074 18.1732
39.34087311998506 18.1638
39.36451787301696 18.1873
39.388164371352595 18.1575
39.41199737518003 18.1191
39.43564738196752 18.0917
39.45929913825317 18.0471
39.48295264543308 18.0011
39.506792718520884 17.9634
39.530449745387216 17.9179
39.55410852735203 17.9874
39.57776906581474 17.9493
39.60161623079 17.8973
39.625280300200025 17.878
39.64894613032202 17.8215
39.67261372255866 17.7833
39.6964680021016 17.7873
39.72013913657293 17.7412
39.74381203738292 17.7301
39.76748670593756 17.6778
39.79134812278169 17.7187
39.81502634488497 17.674
39.83870633896685 17.5961
39.862388106436654 17.5597
39.88625668336918 17.5553
39.90994201572829 17.5521
39.933629125719285 17.4954
39.957503091207826 17.4559
39.9811937746168 17.5141
40.00488623990914 17.3537
40.02858048850006 17.3665
40.05246165409549 17.3754
40.076159487492085 17.2662
40.099859108448875 17.275
40.123560518384345 17.2612
40.1474489070226 17.2541
40.171153913178564 17.2291
40.194860712584955 17.1376
40.2185693066637 17.1377
40.242464941335314 17.1153
40.26617714307655 17.0815
40.289891143772046 17.1842
40.3136069448471 17.0678
40.33750984859743 17.0392
40.3612292688043 16.9953
40.3849504936829 16.9445
40.40867352466194 16.9558
40.43258372059144 16.9188
40.45631038219906 16.9078
40.48003885420956 16.8
40.503769138055105 16.8151
40.52768664931955 16.7968
40.55142057531802 16.7973
40.57515631746428 16.7755
40.599079334038514 16.7476
40.62281872700477 16.6685
40.64655994043941 16.717
40.67030297578061 16.6613
40.69423334835778 16.6284
40.71798004609188 16.6012
40.74172857006355 16.5242
40.76547892171441 16.6135
40.7894166736039 16.5477
40.813170699248566 16.4891
40.83692655691388 16.4482
40.86068424804498 16.474
40.884629402612525 16.4651
40.908390779366385 16.422
40.932153993938 16.3814
40.95591904777605 16.3744
40.979871628443995 16.4163
41.003640379561936 16.2794
41.02741097430883 16.3016
41.05118341413683 16.1924
41.075143444384416 16.2627
41.098919593177826 16.2289
41.1226975914255 16.1782
41.14647744058318 16.1197
41.170444943946755 16.0631
41.19422851378379 16.0864
41.218013938914645 16.0226
41.24198706625173 15.9842
41.26577622087193 15.9636
41.289567235177785 15.8992
41.31336011063129 15.9278
41.337340752422875 15.9169
41.361137369129835 15.9422
41.38493585138705 15.8844
41.40873620066004 15.8074
41.43272438060107 15.829
41.45652848292052 15.7693
41.48033445666918 15.7594
41.50414230331616 15.7041
41.528138045159764 15.669
41.551949656675205 15.6314
41.575763145513235 15.6433
41.59957851314666 15.6915
41.62358184070442 15.5921
41.64740098505737 15.5657
41.6712220126409 15.4909
41.69504492493139 15.5153
41.71905586207357 15.4727
41.74288256296395 15.4433
41.766711153007456 15.4421
41.79054163368412 15.4393
41.814560204340054 15.4241
41.838394485526365 15.3677
41.86223066180303 15.3368
41.88625497706819 15.2892
41.910094962812 15.3025
41.93393684811168 15.2302
41.95778063445365 15.1945
41.981812625263366 15.1737
42.00566023303407 15.1595
42.029509746323676 15.1789
42.05336116662236 15.1915
42.077400857069705 15.1463
42.10125611078846 15.138
42.12511327600405 15.024000000000001
42.14897235421036 14.9689
42.173019768448455 14.9866
42.19688269209613 14.9709
42.22074753323349 14.9771
42.24461429335818 14.9461
42.268669455600495 14.9319
42.292540073217886 14.9002
42.31641261433284 14.8377
42.34028708044675 14.8438
42.36435001496739 14.8148
42.38822835065557 14.7772
42.41210861586426 14.7299
42.4359908120986 14.777000000000001
42.46006154323262 14.7205
42.48394762115317 14.6802
42.507835634632315 14.6753
42.531912233047436 14.658
42.55580413732265 14.6073
42.579697981698 14.6235
42.60359376768525 14.5723
42.62767820545945 14.5284
42.65157789440821 14.5046
42.67547952952185 14.4765
42.699383112316 14.4449
42.72347541395347 14.3998
42.74738291190531 14.3725
42.771292362102166 14.3546
42.795203766063516 14.3756
42.819303956130405 14.3814
42.843219287476536 14.3279
42.86713657716324 14.290999999999999
42.89105582671383 14.2741
42.91516392983864 14.2517
42.939087119032166 14.1811
42.963012272677304 14.212
42.98693939230129 14.1504
43.01105543317513 14.1703
43.034986504731386 14.1437
43.05891954686589 14.069
43.08285456110972 14.0612
43.10697856448665 14.0297
43.130917542983475 13.9925
43.15485849820081 14.0408
43.17880143167367 13.9355
43.20293342237094 13.950999999999999
43.226880332449 13.8947
43.25082922540554 13.9231
43.27496722682525 13.8864
43.29892010567796 13.8121
43.32287497204102 13.8427
43.34683182745632 13.7939
43.370977859791836 13.7738
43.39493871351105 13.7569
43.41890156092628 13.7679
43.44286640358341 13.7363
43.46702049182749 13.7218
43.49098934522816 13.6803
43.51496019852649 13.7191
43.5389330532723 13.5642
43.56309522248204 13.6256
43.58707210044314 13.5976
43.61105098451946 13.4818
43.63503187626491 13.4712
43.659202151562134 13.5075
43.68318707902681 13.4749
43.70717401884041 13.440999999999999
43.731162972560874 13.3782
43.75534137913236 13.3937
43.779334381108384 13.3878
43.803329401683186 13.3714
43.82732644241872 13.3418
43.8515130055166 13.2538
43.87551410707659 13.2486
43.89951723350145 13.2823
43.923709934595614 13.2617
43.94771713129917 13.2184
43.97172635758096 13.2189
43.99573761501002 13.1784
44.0199385169922 13.1551
44.04395385732619 13.1096
44.067971233533086 13.1507
44.09199064718605 13.0985
44.11619977548961 13.049000000000001
44.14022328470671 13.0546
44.16424883610785 13.0461
44.18827643127035 13.0166
44.21249381139513 12.944
44.236525514814076 12.8968
44.26055926674478 12.8869
44.28459506876863 12.8975
44.3088207262813 12.8837
44.33286064928722 12.8083
44.35690262714919 12.7992
44.38094666145278 12.7495
44.4051806219871 12.7993
44.42922879003185 12.7678
44.45327901929361 12.7561
44.477331311362136 12.7075
44.501573600619416 12.6682
44.525630039221795 12.683
44.54968854541895 12.6848
44.573937102200176 12.6687
44.5979997645541 12.6344
44.622064499300315 12.6043
44.64613130803592 12.5556
44.67038823869318 12.5828
44.69445921643748 12.5648
44.718532272981385 12.5211
44.742607409926194 12.4615
44.76687274034801 12.4385
44.79095205918753 12.3927
44.81503346325094 12.4305
44.839116954143876 12.3834
44.86339071028742 12.3664
44.88747839599524 12.3337
44.91156817336837 12.2857
44.93566004401666 12.3302
44.959942251908146 12.3353
44.984038330325966 12.2852
45.00813650686762 12.2476
45.03223678314731 12.2211
45.05652746888232 12.1527
45.08063196592069 12.1431
45.104738567558705 12.1298
45.128847275414856 12.1047
45.15314646515866 12.0713
45.17725940679741 12.0704
45.20137445952892 12.0524
45.22568004865265 12.0308
45.24979934496396 12.0542
45.27392075725247 11.9784
45.29804428714431 11.9744
45.322358426247604 11.97
45.346486212804315 11.9535
45.370616121861914 11.8777
45.39474815505086 11.8722
45.41907087049246 11.844000000000001
45.4432071734666 11.818
45.46734560548283 11.8771
45.49148616817604 11.8108
45.51581748638564 11.7799
45.5399623320197 11.7408
45.56410931325473 11.7257
45.58825843173002 11.7354
45.61259837920865 11.7076
45.636751793816 11.7138
45.66090735060093 11.6707
45.68506505120716 11.6229
45.7094136545275 11.6104
45.73357566449271 11.5716
45.75773982322992 11.5873
45.78190613238733 11.562000000000001
45.806263418194064 11.5153
45.83043404997326 11.5335
45.85460683713677 11.5334
45.87897065658495 11.4788
45.90314777634752 11.4334
45.92732705646868 11.462
45.9515084986045 11.4024
45.97588104735473 11.4337
46.00006683541565 11.4152
46.02425479047904 11.3572
46.04844491420549 11.3384
46.0728262191024 11.339
46.09702070211635 11.2847
46.12121735879483 11.2659
46.14541619080294 11.2612
46.169806278764455 11.2457
46.194009483459034 11.2291
46.21821486849841 11.1923
46.24242243555223 11.1611
46.266821333570014 11.1411
46.29103328674601 11.1574
46.31524742696538 11.1741
46.33946375590237 11.1063
46.36387149104216 11.0577
46.38809221957392 11.0286
46.41231514186606 11.0409
46.436540259597464 11.071
46.460956858999374 11.0257
46.48518638983522 11.0012
46.509418121166966 10.9239
46.533652054678114 10.9332
46.55807754555709 10.8941
46.58231590571962 10.9102
46.60655647313217 10.8883
46.630988654873654 10.8386
46.655233659129024 10.8232
46.67948087571551 10.8311
46.70373030632484 10.788
46.72817142736393 10.7895
46.752425308428684 10.7639
46.77668140861147 10.7503
46.80093972960865 10.7008
46.82538981736788 10.6742
46.849652602470904 10.665
46.87391761349769 10.6498
46.8981848521493 10.6422
46.9226439341274 10.6592
46.946915650573224 10.5596
46.97118959976749 10.6096
46.99546578341598 10.5752
47.019933887188216 10.5845
47.04421456235744 10.5492
47.06849747711879 10.4946
47.09278263318286 10.4463
47.11725978640143 10.457
47.14154944775105 10.4287
47.165841355555656 10.4076
47.1901355115306 10.3842
47.214621741924994 10.3506
47.23892041698887 10.3617
47.26322134538975 10.3394
47.28771440635075 10.3393
47.31201986422527 10.3169
47.33632758061436 10.267999999999999
47.360637557241866 10.2623
47.38513974410611 10.2434
47.40945426407847 10.2049
47.43377104948137 10.1849
47.45809010204344 10.1989
47.48260144275502 10.2051
47.506925052572285 10.1511
47.53125093475548 10.0972
47.55557909103813 10.0872
47.58009961361992 10.1238
47.60443234110732 10.0625
47.62876734791564 10.0452
47.65310463578333 10.0082
47.6776343683373 10.0321
47.7019762413987 9.9679
47.72632040075572 9.97049
47.75066684815169 9.96824
47.77520581885936 9.92426
47.799556865477655 9.93246
47.823910205386 9.9154
47.84826584033272 9.90435
47.87281407745551 9.856539999999999
47.89717432569297 9.88525
47.92153687423484 9.83455
47.94609208429692 9.83425
47.97045925671401 9.80948
47.99482873471275 9.78345
48.01920052005013 9.78237
48.04376504619224 9.73794
48.068141469543484 9.71899
48.09252020552573 9.7231
48.11690125590099 9.69841
48.1414751266064 9.6676
48.16586082917454 9.66923
48.19024885144316 9.611310000000001
48.2146391951793 9.63689
48.239222439012764 9.646189999999999
48.26361744916137 9.60477
48.28801478610016 9.61791
48.31241445160131 9.56362
48.337007097209366 9.51977
48.36141144338331 9.505980000000001
48.38581812345755 9.521510000000001
48.41022713920929 9.519210000000001
48.434829215320704 9.480830000000001
48.45924292604658 9.47884
48.48365897780325 9.459439999999999
48.50807737237308 9.442
48.532688907799276 9.41789
48.55711201168574 9.38108
48.581537463754074 9.3902
48.60615611725119 9.37609
48.63058628942721 9.34264
48.65501881516546 9.3264
48.6794536962573 9.311869999999999
48.70408185970339 9.290989999999999
48.72852147531801 9.264330000000001
48.75296345168211 9.26432
48.77740779059232 9.2563
48.80204549302823 9.24183
48.82649458091802 9.2088
48.85094603676547 9.198939999999999
48.87539986237231 9.17765
48.90004713292306 9.12963
48.92450572200832 9.15536
48.94896668628025 9.14484
48.97343002754588 9.08187
48.99808689542115 9.06741
49.02255501470614 9.08544
49.04702551642794 9.07498
49.0714984023988 9.0493
49.096164896893235 9.02026
49.120642575466796 9.024389999999999
49.145122643748394 8.99715
49.16960510355558 8.96766
49.19428125404938 8.94262
49.2187685210852 8.9317
49.243258185121555 8.9142
49.26794160167084 8.859689999999999
49.2924360839405 8.85385
49.31693296869764 8.82974
49.34143225776915 8.83638
49.36612538195438 8.80746
49.39062950396021 8.82263
49.41513603578346 8.80626
49.4396449792564 8.763
49.46434784069503 8.7618
49.488861631846454 8.729389999999999
49.513377840166804 8.75128
49.537896467493745 8.688419999999999
49.56260909589029 8.6299
49.587132585683285 8.68908
49.611658500018365 8.67323
49.636186840738596 8.61628
49.66090926588511 8.61592
49.685442483902584 8.58427
49.70997813385706 8.54381
49.734516217597076 8.585519999999999
49.75924846937352 8.56582
49.7837914452858 8.54251
49.80833686055187 8.515
49.83288471702571 8.48227
49.85762682540054 8.52782
49.882179588965734 8.4779
49.9067347993235 8.45449
49.93129245833333 8.44059
49.95604445336378 8.424560000000001
49.98060703442832 8.41193
50.005172069746266 8.37773
50.02993150438364 8.405330000000001
50.05450147301533 8.37573
50.07907390151433 8.3379
50.10364879174981 8.32853
50.12841816587289 8.2946
50.1529980044635 8.30353
50.17758031042124 8.288219999999999
50.20216508562089 8.255989999999999
50.22694442953363 8.26013
50.25153416817468 8.21849
50.27612638170508 8.21417
50.300721072005196 8.16142
50.325510416102105 8.17044
50.350110084975064 8.16239
50.37471223628208 8.183
50.39931687190919 8.16065
50.424116246675766 8.11652
50.44872587605249 8.08212
50.47333799543065 8.08623
50.49795260670191 8.09346
50.52276204271512 8.05528
50.54738166295838 8.0493
50.57200378079314 8.04157
50.596628398116835 7.98782
50.62144792604559 7.98735
50.646077567609396 7.97397
50.670709714377715 7.9608300000000005
50.69553683636198 7.954439999999999
50.72017401885922 7.92656
50.7448137122895 7.90901
50.76945591856022 7.92966
50.79429318636823 7.900930000000001
50.818940443716784 7.8718699999999995
50.84359021965163 7.87432
50.868242516085964 7.86675
50.893089960641895 7.84473
50.917747323549435 7.80425
50.94240721271973 7.80323
50.96706963007175 7.7461199999999995
50.99192728239342 7.763610000000001
51.01659478166073 7.772539999999999
51.04126481489051 7.739139999999999
51.06593738400761 7.7188
51.090805275207074 7.69187
51.11548294172845 7.69987
51.14016314993547 7.663010000000001
51.164845901758845 7.66852
51.18972406304274 7.66108
51.21441192780656 7.63315
51.23910234200271 7.640219999999999
51.2637953075678 7.608169999999999
51.288683770237945 7.566039999999999
51.31338186432707 7.5656
51.33808251561888 7.566489999999999
51.362978729967345 7.537389999999999
51.387684521509755 7.55537
51.41239287610203 7.513789999999999
51.437103795691165 7.501110000000001
51.46201036644977 7.49275
51.486726441956634 7.477580000000001
51.51144508832545 7.47635
51.536166307509156 7.4764
51.56108326624387 7.43123
51.58580965706056 7.39372
51.61053862657523 7.360930000000001
51.635270176746864 7.32562
51.66019755512065 7.36768
51.68493429268881 7.34203
51.70967361681515 7.33105
51.73441552946465 7.302919999999999
51.759353359237934 7.33438
51.7841004750961 7.29985
51.80885018539685 7.299360000000001
51.833602492111254 7.25307
51.8585508051424 7.211689999999999
51.883308330926425 7.239910000000001
51.90806845906181 7.22892
51.932831191525715 7.1787600000000005
51.95779001977161 7.142239999999999
51.98255798721516 7.12852
52.00732856494335 7.123489999999999
52.03229530577543 7.1284600000000005
52.057071130455945 7.10076
52.081849571391054 7.11233
52.106630630568695 7.10226
52.13160794279417 7.076160000000001
52.15639426492067 7.079839999999999
52.18118321127822 7.05697
52.205974783860896 7.0202800000000005
52.23096269971011 7.01508
52.255759551287994 7.0286100000000005
52.280559035098186 6.9965
52.30536115314103 6.99603
52.33035970494467 6.96528
52.35516711807904 6.95725
52.37997717147198 6.89002
52.40478986713005 6.90809
52.42979908731974 6.880439999999999
52.454617094216 6.8712100000000005
52.47943774942214 6.9005
52.50426105495102 6.857289999999999
52.529280976059844 6.87207
52.554109609024096 6.82155
52.57894089837482 6.80853
52.60377484613117 6.794919999999999
52.62880550079408 6.79223
52.65364479223379 6.774189999999999
52.67848674816189 6.751189999999999
52.70352547971946 6.73101
52.72837279155837 6.70735
52.753222773982785 6.71104
52.778075429022984 6.7218
52.80312495150885 6.6927
52.827982978797436 6.66764
52.85284368481815 6.6734800000000005
52.87770707160767 6.61602
52.90276741793998 6.62759
52.92763619336701 6.609030000000001
52.952507655698504 6.5612
52.977381806977576 6.58753
53.00245301017842 6.57198
53.02733256653592 6.53752
53.052214817996074 6.575060000000001
53.077099766608484 6.54215
53.102181859804446 6.53669
53.127072229988265 6.53293
53.15196530349892 6.50282
53.17686108239249 6.48134
53.20195409881522 6.44698
53.22685531582556 6.43749
53.25175924441303 6.39655
53.27666588664027 6.41487
53.30176985962693 6.419630000000001
53.3266819565689 6.4130400000000005
53.35159677336455 6.3743099999999995
53.376514312083096 6.37564
53.40162927507703 6.342890000000001
53.42655228516116 6.32974
53.45147802340193 6.29623
53.47660125628886 6.307169999999999
53.50153247842639 6.30197
53.52646643496923 6.2642
53.55140312799818 6.267530000000001
53.576537409691696 6.2411900000000005
53.60147960336152 6.239240000000001
53.626424539786164 6.2065
53.65137222105307 6.2198
53.67651758529126 6.21128
53.70147078399681 6.16231
53.72642673383343 6.14999
53.75138543689533 6.17326
53.776541917524526 6.1394
53.801506154876755 6.13659
53.826473151763246 6.08683
53.851442910284916 6.04156
53.87661054126026 6.08964
53.9015858509782 6.08289
53.92656392866066 6.06162
53.95154477641532 6.0478
53.976723591801296 6.03891
54.00171000771266 6.0189
54.02669920004598 6.02234
54.051691170915745 5.9863599999999995
54.076881204886796 5.96195
54.101878760928514 6.00053
54.12687910187696 5.9936
54.152077577768296 5.93266
54.1770835166946 5.90832
54.20209224691339 5.9141900000000005
54.22710377055121 5.93072
54.25231352511594 5.882619999999999
54.27733066384342 5.85113
54.30235060239643 5.89848
54.32737334290836 5.82509
54.35259441062629 5.785019999999999
54.377622783395324 5.80751
54.40265396455061 5.76772
54.42768795623251 5.82306
54.45292037169559 5.78955
54.477960012857906 5.725569999999999
54.50300247099511 5.70881
54.52804774825457 5.71087
54.55329154616743 5.70336
54.57834249018678 5.66391
54.6033962597977 5.6134900000000005
54.6284528571545 5.636430000000001
54.653708072335164 5.597659999999999
54.67877035378786 5.59436
54.70383546947698 5.5729
54.72890342156389 5.571619999999999
54.7541700889442 5.51584
54.77924374251975 5.5063
54.8043202390049 5.50924
54.82959552413022 5.4514
54.8546777351945 5.43551
54.87976279569621 5.421819999999999
54.90485070780914 5.41801
54.930137506558005 5.40055
54.95523115074295 5.38548
54.98032765308844 5.3592
55.005427015775496 5.31365
55.03072536339621 5.30334
55.05583047570572 5.31264
55.080938454927676 5.26636
55.10604930325027 5.25772
55.131359235107396 5.31424
55.15647585066083 5.2523800000000005
55.181595341907496 5.19634
55.20671771104285 5.16266
55.232039262617704 5.17828
55.25716741665048 5.10417
55.28229845518636 5.17034
55.30743238042802 5.04178
55.33276558731939 5.02856
55.357905315183636 5.04296
55.383047936390035 5.01663
55.40819345314859 4.96325
55.433538351073295 5.001519999999999
55.458689688238415 4.94586
55.483843927614096 4.9188
55.509197623043605 4.94244
55.53435769621134 4.85543
55.55952067826466 4.88277
55.5846865714265 4.78787
55.61005202069737 4.843459999999999
55.63522376553902 4.79204
55.66039842818645 4.81798
55.68557601087004 4.73084
55.7109532500271 4.7243
55.73613670233794 4.72623
