TT I
1.2716486653135266 7.78073
1.2939594142134223 7.56153
1.3162702121660406 6.81318
1.3385810600174564 6.686380000000001
1.3608919586137629 7.33075
1.383202908801069 6.78148
1.405513911425503 6.15405
1.4278249673332093 6.54981
1.4501343378461518 6.24824
1.4724455028545926 6.72721
1.4947567236847858 6.21031
1.517068001182951 7.127210000000001
1.5393793361953272 6.032030000000001
1.5616907295681737 5.73599
1.5840021821477681 5.8105199999999995
1.60631369478041 5.75316
1.6286252683124185 5.6848
1.6509369035901333 5.77829
1.6732468618895553 5.29985
1.695558623192809 5.03121
1.7178704487808514 5.38467
1.7401823395001077 4.80764
1.7625012545597203 5.1300099999999995
1.7848028405262486 5.26654
1.8071218901122095 5.34554
1.8294236121921872 4.78982
1.8517427996910911 4.51127
1.8740620574440425 4.43748
1.8963639900671978 4.83373
1.9186833908139995 4.99859
1.9409854680117449 5.37743
1.9633050151394713 5.80424
1.9856246367570705 4.85586
2.0079269371922672 4.6454699999999995
2.03024671027244 4.26855
2.0525491637446027 4.94815
2.074869091674931 4.6996
2.097171701569106 4.78751
2.1194917877373847 5.31165
2.141811954326636 5.04087
2.164114805233074 4.93199
2.186435135143035 6.64319
2.208738150935709 17.828
2.231058647554722 39.3583
2.2533792288321184 29.7965
2.275682498336085 13.0409
2.298003251406138 6.5800600000000005
2.3203066942619714 5.29265
2.3426276225136022 4.91726
2.3649486396617507 5.29713
2.387252348930071 4.53514
2.4095735463442893 5.21414
2.4318774374315884 5.820130000000001
2.4541988185014043 5.568309999999999
2.476502894794693 6.21479
2.498824462909887 6.57338
2.521146125856138 5.78123
2.5434504863470337 6.07189
2.5657723414244717 6.401590000000001
2.588076895590662 6.98831
2.610398946189713 6.674189999999999
2.6327210958598384 6.314830000000001
2.6550259469304716 6.6600600000000005
2.6773482972090137 6.5761199999999995
2.6996533504259 7.5063
2.7219759047039602 7.72205
2.744298562293959 6.6257
2.7666039251246595 7.101539999999999
2.7889267918020164 6.991739999999999
2.8112323652516555 7.34278
2.833555444408179 8.34038
2.8558786311183852 8.18334
2.8781845268938557 8.41661
2.9005079311721484 9.11298
2.9228140460410397 9.01084
2.9451376712799635 9.413780000000001
2.967444008632326 9.392560000000001
2.9897678582247247 10.0466
3.0120918213106695 10.1137
3.0343984987899373 11.0854
3.0567226913198637 11.1813
3.079029599759726 12.3603
3.101354025127254 12.6442
3.123678568232338 12.6164
3.145985829517914 13.01
3.16831061055229 14.0204
3.1906181112775593 14.4827
3.212943133635653 14.6461
3.2352682779763207 15.2877
3.2575761442691227 15.6681
3.2799015350264273 16.0557
3.302209649240067 16.6799
3.3245352898092655 17.1792
3.3468436553365257 18.0628
3.369169549113219 18.1982
3.3914955708171384 18.7666
3.413804319727358 19.2344
3.4361305997334863 19.4899
3.4584396084414553 19.9329
3.4807661501462652 21.1835
3.503092824025881 21.6983
3.5254022288463154 21.5862
3.5477291695206588 22.2785
3.5700388426251948 23.4966
3.5923660534916446 25.2119
3.6146934007816114 44.6312
3.637003482731501 118.89299999999999
3.6593311053109985 135.813
3.681641464033634 74.7449
3.7039693653009733 34.736999999999995
3.726297407241705 27.4994
3.7486081875460804 27.0946
3.7709365132734978 27.2918
3.793247578841633 27.7148
3.8155761917550093 27.5248
3.8378875459837216 27.7087
3.8602164494827234 28.465999999999998
3.882545499606844 29.2467
3.9048572932539183 29.5915
3.9271866390645718 30.0667
3.9494987298666713 30.7135
3.971828374764527 31.3118
3.9941581705403255 31.9605
4.016470713506008 32.4743
4.038800813471445 33.5267
4.061113662089144 33.6811
4.0834440696459176 34.9735
4.105774632334751 35.4613
4.128087945865126 36.3556
4.150418821249301 37.1047
4.172732448931298 38.7747
4.195063640413578 41.4947
4.2173775856475215 46.4735
4.239709096631102 89.0076
4.262040768704612 326.693
4.284355196706267 458.281
4.306687193387355 294.587
4.329001947444346 104.06200000000001
4.35133427213731 53.1534
4.373666762177566 46.7988
4.395982011761091 46.4629
4.418314834921175 47.8702
4.44063041906622 57.9433
4.4629635787515625 75.0826
4.4852969080429785 74.8438
4.5076130004776225 59.4806
4.529946671403969 53.7049
4.552263106909177 53.2659
4.574597122877047 53.6991
4.596931312711224 54.0369
4.619248269273446 54.5308
4.6415828092605835 55.7437
4.663900117405352 56.618
4.686235010953232 58.4112
4.708552674085913 59.5662
4.730887924602802 61.0724
4.753223354952695 62.6918
4.775541557023902 64.4785
4.797877349456786 66.1588
4.820195915032126 67.4418
4.842532072957498 69.5669
4.864868414979744 71.4892
4.88718753227192 74.2193
4.909524244902505 76.17
4.931843734218147 77.5595
4.954180820867835 80.1199
4.976518095879839 83.8356
4.998838149695359 86.9495
5.021175803844231 90.6865
5.043496238205739 94.5133
5.065834274903528 99.4355
5.088172504230693 105.708
5.1104935158799565 114.492
5.132832132875765 147.254
5.155153533596801 211.921
5.1774925416746225 265.97700000000003
5.199814334878411 497.135
5.2221537374521505 1328.09
5.244493338631803 3038.25
5.266815727034316 6366.76
5.289155727832427 10916.3
5.311478517248165 9775.81
5.333818921080011 4247.05
5.356159527788849 955.311
5.3784829252032536 258.002
5.400823940070432 173.487
5.423147747031976 146.548
5.445489173474152 131.38
5.467830807066149 124.257
5.490155234831516 118.397
5.512497285125229 113.07600000000001
5.534822130975162 110.52799999999999
5.557164601388673 107.525
5.579489868738879 103.865
5.601832762690846 103.38799999999999
5.6241758697774475 102.836
5.646501775867269 101.67
5.668845311622074 99.7406
5.691171647754637 98.6489
5.713515615597765 97.0054
5.735859800852677 96.7207
5.758186788542988 96.5489
5.780531411018185 96.4618
5.802858837297399 95.8953
5.825203900414495 96.7718
5.8475491852224 97.1123
5.869877275883075 97.8701
5.892223006467101 99.16799999999999
5.914551544266608 99.9109
5.936897724049891 103.848
5.959244129804903 111.845
5.981573344815301 137.753
6.0039202049061 254.83
6.026249875609095 549.123
6.04859719346037 1056.7
6.070927323278297 1969.46
6.093275102315365 3676.29
6.115623113320588 4800.65
6.137953938319995 3846.63
6.160302415650845 1458.86
6.182633708324452 365.764
6.2049826554078376 145.888
6.227331838745022 107.181
6.249663839443684 94.5093
6.27201349767565 90.0055
6.294345974611799 98.6355
6.316696111167083 117.259
6.339046488263839 110.439
6.361379686074702 88.2653
6.383730546639482 76.411
6.406064229255215 72.6547
6.428415576718203 72.0059
6.450749747566656 70.7502
6.47310158535871 69.0038
6.495453669698332 68.1046
6.517788579421056 67.4864
6.540141159237969 66.8822
6.562476565766648 66.0198
6.5848296444934045 65.4603
6.607182974060425 65.1146
6.6295191323281015 65.3823
6.651872965955752 70.148
6.6742096296068985 106.84700000000001
6.6965639707294615 178.41
6.71891856698715 182.138
6.741255995248479 116.63799999999999
6.763611104154477 75.3471
6.785949046381137 63.8144
6.808304671371482 61.1973
6.8306605557940046 61.0034
6.852999275508618 60.0755
6.875355681171544 59.3205
6.897694923437771 59.1789
6.92005185377892 58.79
6.9423916220322655 58.6616
6.964749080490181 58.2638
6.987106804399774 57.9989
7.009447368180821 58.336999999999996
7.031805625367033 57.8889
7.054146723727803 57.838
7.076505517631004 57.5507
7.098864581288365 57.3862
7.121206488070854 57.6403
7.143566093607822 57.7075
7.165908543567245 57.9435
7.188268694426048 58.0378
7.2106291193438095 58.4493
7.232972390625943 60.2003
7.255333366030969 76.9799
7.277677189091925 154.405
7.300038718428332 230.933
7.322400526130865 194.639
7.344745183422596 110.525
7.367107550224791 68.033
7.389452767901992 59.3283
7.411815697249891 57.8276
7.434161478756298 56.7632
7.456524974096713 56.6617
7.478888753837185 56.2396
7.501235387657368 56.6238
7.523599738562711 56.5028
7.545946944825532 57.0472
7.568311870344528 57.4843
7.5906770845765665 57.986000000000004
7.613025156078678 59.8282
7.635390950099687 61.6927
7.657739602662809 60.4405
7.680105979923558 58.7202
7.702472650212829 58.4581
7.724822180948224 57.9773
7.747189439655568 57.979
7.769539560075357 58.1749
7.791907410653562 58.9533
7.81425812420825 58.5167
7.836626570110925 58.9872
7.858995315087906 60.1801
7.881346924933401 59.938
7.903716270417482 60.4532
7.926068482028405 60.841
7.948438431475253 61.0398
7.9708086843180235 61.7528
7.993161805171116 62.6042
8.015532667162402 62.9748
8.037886398416653 64.015
8.060257873014221 64.7491
8.082629655331942 65.0559
8.104984308787587 65.9941
8.127356708900503 70.5335
8.149711981398308 79.2792
8.172085002766314 82.8578
8.194458336181368 77.2576
8.216814543847752 72.9533
8.23918850371002 72.0948
8.26154533906492 72.8056
8.283919928836452 74.2632
8.306277395339652 75.5512
8.328652618483376 76.7142
8.351028159736202 78.9039
8.373386579575245 81.3273
8.395762759396959 83.3368
8.418121819038275 89.75
8.440498640894003 108.31200000000001
8.462875785192262 128.918
8.485235811156207 144.59
8.507613602688501 189.834
8.529974277114228 294.226
8.552352719347912 434.37300000000005
8.574731488360351 632.386
8.59709314210385 995.423
8.619472567021075 1531.52
8.64183487789147 2075.83
8.664214962183097 2002.25
8.686577933647762 1285.08
8.708958680784317 579.566
8.731339760774953 226.38299999999998
8.753703729764451 129.264
8.77608547780821 108.573
8.798450116065078 101.682
8.820832535634787 98.0117
8.843215292401656 95.865
8.865580941199045 94.0003
8.887964374703538 92.6224
8.910330701447199 94.8844
8.932714815164482 98.8694
8.955099270424924 97.4414
8.977466620733543 93.15299999999999
8.999851761421976 89.0026
9.022219798361645 86.8913
9.04460562795561 86.2287
9.066991803441677 85.7648
9.089360876979615 85.6913
9.111747746589993 85.1366
9.13411751544971 84.5184
9.156505082664324 83.7917
9.178875550323522 84.6313
9.20126381862328 85.2431
9.223652438908596 85.7839
9.246023961427412 85.5545
9.26841328802173 84.5208
9.290785518039224 84.5683
9.313175554425882 85.6542
9.335565947154315 85.9255
9.357939245086508 86.0089
9.380330352834827 86.4
9.40270436697103 86.1509
9.425096193225055 85.9428
9.447488380180165 86.5475
9.469863475295412 86.8972
9.492256385987508 87.1493
9.514632206018318 87.7326
9.537025843935714 88.0249
9.559402392368193 89.1319
9.581796761000229 90.339
9.604191496441521 91.6607
9.626569144158516 96.4739
9.648964615551032 102.81299999999999
9.671343000390081 105.154
9.693739211225699 101.936
9.716135793237463 97.6192
9.738515290448102 96.288
9.760912617143402 97.1124
9.783292860202891 98.6577
9.805690935076182 100.493
9.828089385495742 101.292
9.850470754023561 103.62799999999999
9.872869957865444 113.65700000000001
9.89525208097539 135.19799999999998
9.917652041736662 154.69899999999998
9.940052382417589 153.722
9.962435644102392 158.564
9.984836746950979 198.063
10.007220771957746 274.598
10.029622640473708 380.37699999999995
10.052007432299963 517.378
10.074410069984072 710.345
10.096813093716005 1026.8
10.119199042482517 1478.29
10.141602840636468 1868.36
10.163989564971628 1812.2
10.186394141051062 1214.25
10.208799107559706 588.7819999999999
10.231187001965623 271.635
10.253592751657669 152.82399999999998
10.275981430388155 124.449
10.298387966769793 122.56700000000001
10.320794897965431 125.946
10.343184759907361 124.31200000000001
10.36559248305461 116.47200000000001
10.387983138083852 110.383
10.410391656691655 113.12200000000001
10.432800574501677 126.565
10.455192425893369 146.503
10.47760214443012 171.676
10.499994797678786 203.84099999999998
10.522405320453982 254.208
10.54479877906917 340.173
10.567210109595656 450.039
10.5896218454736 551.425
10.612016518879773 562.964
10.634429067781074 427.532
10.656824555333241 262.284
10.679237920773568 154.805
10.701651695961992 107.454
10.724048411481384 94.9172
10.746463008485165 90.9281
10.768860546937125 88.8004
10.791275969274796 86.6851
10.81369180576079 85.3855
10.836090585366925 84.1228
10.858507252467449 83.0234
10.88090686379991 82.2052
10.903324365036394 81.7532
10.925724811614439 81.806
10.948143150509463 84.2423
10.970561909719066 83.5372
10.992963615930844 80.9661
11.015383218085756 78.0176
11.037785768347074 76.3021
11.06020621697282 75.77199999999999
11.082627090322113 75.1112
11.105030913430326 74.5901
11.12745263854165 75.5762
11.149857314510728 80.3057
11.172279894912576 89.7274
11.194702904450653 92.1944
11.217108866490921 86.6866
11.239532736615194 79.6864
11.26193956033512 76.6738
11.284364294577085 74.449
11.306789462371718 71.6646
11.329197585398376 69.7901
11.351623622610898 69.3859
11.37403261614354 68.7311
11.396459526308487 68.6562
11.418869393879497 68.1716
11.441297180532617 67.7628
11.463725406927658 67.4616
11.486136592353875 67.2774
11.508565700543707 68.1533
11.530977768845315 70.9631
11.553407762368774 72.3152
11.575838200059769 71.6855
11.598251599479612 68.6846
11.620682927815501 66.7392
11.64309721895548 66.0238
11.665529441478206 65.5069
11.687962112597958 65.4971
11.710377748130886 65.4857
11.732811318753434 65.2174
11.755227854859067 65.5697
11.777662328529495 65.3676
11.800079768750786 64.9955
11.822515149015453 64.6115
11.844950984084935 64.7419
11.867369787303163 64.5657
11.889806534289491 64.5301
11.912226250487029 65.1334
11.934663912939751 65.00399999999999
11.9571020346363 65.1991
11.979523127133968 65.0996
12.001962169624331 66.0254
12.024384183972964 67.4727
12.046824150809913 71.346
12.069264581333726 77.1594
12.091687985297767 84.4523
12.11412934550045 92.2177
12.136553680195208 102.39299999999999
12.158995973632788 117.118
12.181438735204349 137.25799999999998
12.20386447284199 166.112
12.226308172985636 195.687
12.24873485024193 210.55700000000002
12.271179492516982 193.66
12.293607112949127 152.12
12.316052700916226 116.805
12.338498763250042 90.8952
12.360927805303868 77.0035
12.383374818673879 70.8623
12.405804812803074 67.86
12.428252780773262 66.9808
12.45070122756722 66.9733
12.473132656675375 66.869
12.49558206341869 66.9199
12.518014453510101 66.8173
12.540464823770117 67.1018
12.562915677315177 67.4726
12.58534951575545 68.0406
12.607801338171472 70.8013
12.630236146511358 78.2901
12.652688941369085 85.9545
12.675124723177234 87.01
12.697578494048786 81.1508
12.720032754458185 73.9643
12.742470003354093 70.8675
12.764925245138771 70.3288
12.787363476431278 70.5629
12.809819703166806 70.7289
12.83227642391173 71.4314
12.854716135692716 72.2481
12.877173846755147 73.1026
12.899614549869717 73.4864
12.9220732548287 74.0028
12.94453245827299 74.7459
12.966974655289818 75.7011
12.989434858002571 76.3663
13.011878055298721 76.7983
13.034339260862497 78.2217
13.056800969391883 79.5149
13.079245674017244 81.7237
13.101708390774869 84.2351
13.12415410463411 92.3023
13.146617833206086 106.46
13.169064559883248 121.384
13.191529303857127 136.327
13.213994557076367 153.414
13.236442809902437 176.188
13.258909083908291 212.25
13.28135835851934 258.251
13.30382565690295 322.61
13.326293469022952 395.461
13.348744283242008 439.662
13.371213125129904 410.12199999999996
13.39366497011003 325.366
13.416134845360597 219.78799999999998
13.438605238843131 149.09
13.46105863690397 119.027
13.483530069144786 114.133
13.505984506951902 119.48299999999999
13.528456981549432 129.974
13.550929978879088 141.407
13.573385983253365 156.335
13.595860028340867 179.99900000000002
13.618317081455832 214.169
13.64079217790333 260.297
13.663250283359057 313.27099999999996
13.685726434770173 364.398
13.708203115221277 373.73400000000004
13.730662806148091 315.78700000000003
13.75314054697177 239.321
13.775601299246777 160.929
13.798080104050406 113.62299999999999
13.820559442405358 92.7784
13.843021793671388 86.3541
13.865502201420897 83.8597
13.887965623051947 82.9996
13.910447103807167 81.6475
13.932929122629764 80.3131
13.955394156785959 79.6373
13.977877254034569 78.6966
14.000343367582113 77.6915
14.022827546871707 76.817
14.045294743423524 76.3128
14.06778000837062 75.5891
14.090265817715476 75.595
14.112734645763819 75.3256
14.13522154619454 75.1908
14.157691466286913 75.5537
14.180179461423874 74.8344
14.202668005486178 74.1078
14.22513957064374 73.3601
14.247629214846473 72.9204
14.270101881097517 72.7183
14.29259262906496 73.3752
14.315083930490205 74.485
14.337558255389705 74.8791
14.360050666019726 74.5193
14.382526101071944 73.111
14.405019624534942 71.9203
14.427513705993134 71.3722
14.449990813291825 71.1318
14.47248601302899 70.953
14.49496423954951 71.1801
14.517460561197822 71.4778
14.539939910570322 71.096
14.562437357763558 71.5101
14.58493536931253 72.9731
14.607416409993311 74.3617
14.62991555254159 75.2921
14.652397725157423 75.1074
14.674898002342799 74.2819
14.697398848433282 73.0793
14.719882725991326 73.7526
14.74238471217934 74.7215
14.764869730765593 78.6606
14.787372860692983 82.5828
14.809876564079925 88.1258
14.83236330125751 94.0238
14.854868153850365 100.758
14.877356041159485 109.43299999999999
14.899862046604186 121.009
14.922351087688757 137.425
14.944858249632887 160.234
14.967365991421232 188.709
14.989856770231246 213.065
15.012365673994204 228.46
15.03485761569738 214.553
15.05736768508665 176.94799999999998
15.07987833888692 137.454
15.102372032001655 105.10799999999999
15.124883856909658 84.8188
15.14737872204565 77.021
15.169891721717274 74.018
15.192405310371893 73.6024
15.214901940621196 74.2909
15.237416709527137 74.7551
15.259914520936249 75.1116
15.282430473753607 74.1389
15.304947020131227 72.5532
15.327446610371178 71.23100000000001
15.349964346154254 70.1848
15.372465126703139 69.5189
15.394984055556009 69.0758
15.417486030076159 68.6269
15.44000615566487 68.3655
15.462526881230803 68.4312
15.485030653812652 68.6709
15.507552581617434 68.9757
15.530057557334603 69.2156
15.55258069104857 69.0525
15.575104429329837 68.5439
15.597611216864632 68.1892
15.620136166564563 68.3496
15.6426441664095 69.2776
15.665170331202765 72.0978
15.687697105158826 75.6411
15.710206930593545 80.1899
15.732734925158933 84.4454
15.755245972089478 89.5404
15.77777519094324 95.4428
15.800287463046663 103.52600000000001
15.822817909869592 115.85600000000001
15.84534897229804 131.128
15.867863089299354 152.161
15.890395385222186 174.28
15.912910736597423 192.55599999999998
15.935444269699861 196.77
15.957978423016485 178.097
15.980495633101265 150.10399999999998
16.003031029129367 116.56700000000001
16.02554948280019 89.2017
16.048086125229432 74.8352
16.070623392487107 70.0397
16.09314371869582 68.6373
16.11568223789321 67.6596
16.13820381691126 66.3935
16.160743591742527 64.5586
16.183283996022084 63.3973
16.205807461423195 62.1509
16.228349126881973 61.3764
16.25087385432698 61.3764
16.27341678466365 60.9133
16.29594277784926 60.8035
16.31848697676433 61.1786
16.341031811604868 62.0142
16.36355971058487 62.4336
16.3861058195587 62.2166
16.40863499352978 60.8207
16.431182380342005 59.2679
16.453730407713202 58.4363
16.476261501364792 58.0613
16.498810812136167 57.6721
16.52134319004079 57.8788
16.54389378792203 57.7739
16.566445031001553 57.43600000000001
16.588979342490088 57.2295
16.61153187824822 57.083
16.634067483263312 56.8075
16.656621315414416 56.9457
16.679175797408888 56.4316
16.701713349928728 56.8243
16.72426913389191 57.071999999999996
16.74680798922351 57.2747
16.76936507887444 57.4126
16.791905240734874 57.1561
16.814463639794468 56.9796
16.837022695210294 56.8938
16.859564824093756 57.2886
16.882125194503903 58.3253
16.904668639217885 59.4927
16.927230328348003 59.9997
16.949792678493612 60.0224
16.972338104193863 59.2149
16.994901778652235 57.9979
17.017448529496576 57.7108
17.040013531998152 57.8704
17.06257920018044 58.3512
17.0851279459922 59.2936
17.107694947817667 60.2783
17.130245028099072 61.178999999999995
17.15281336730298 62.6243
17.17536478578733 63.8695
17.19793446610687 65.2487
17.220504818648422 67.0662
17.243058251703697 69.1547
17.265629950971032 72.3604
17.288184731571736 76.5382
17.310757781306908 81.7764
17.33333150794385 85.255
17.355888317140174 86.1096
17.37846339986244 83.3598
17.401021565958885 77.2532
17.42359800851343 71.0005
17.44617513265564 66.3877
17.468735341390783 63.2025
17.491261035594565 61.5114
17.51396340099364 61.0523
17.536490463869136 61.3485
17.559018209820174 61.3062
17.58154663977963 61.3443
17.604251766089718 61.5231
17.626781572227713 61.6
17.64931206518155 61.8067
17.671843245885103 62.6226
17.69455114821572 62.9578
17.717083712612634 63.2938
17.739616967569667 63.2673
17.762150914021706 63.5627
17.78486160749854 63.3355
17.807396945166804 63.9695
17.829932977143503 65.0754
17.85246970436452 66.557
17.875183204129467 68.9285
17.897721330097664 71.524
17.920260154126645 74.2311
17.942799677153296 77.2817
17.9655159983646 79.6331
17.988056927677544 83.055
18.010598558807683 87.9694
18.033140892692916 94.3179
18.05586005052525 102.445
18.07840379824407 113.184
18.10094825154059 125.459
18.12366954819864 137.47
18.146215420998306 145.417
18.16876200220057 143.804
18.191309292745153 132.164
18.214033452627167 117.71
18.236582170236648 102.71
18.259131600016456 92.2793
18.281681742907335 87.8853
18.304408781233683 88.7984
18.32696035875955 92.0906
18.349512652227624 97.0292
18.372065662579683 103.505
18.394795594587553 108.345
18.41735004715306 110.039
18.43990521943684 105.295
18.46246111238171 96.5656
18.485193953325208 85.5182
18.507751296070428 76.3146
18.530309362314178 70.4652
18.552868153000343 66.9072
18.57560391815056 64.764
18.59816416623245 64.1286
18.620725141597372 63.7545
18.643286845190268 63.1983
18.666025549835414 62.9556
18.688588718427933 62.2229
18.711152618092243 62.071999999999996
18.73389353884365 61.6309
18.75645890921984 61.1441
18.77902501351406 60.7163
18.801591852673102 60.8485
18.824335739722738 60.4529
18.846904057212626 60.1067
18.8694731124168 59.7927
18.89204290628315 59.9333
18.914789774966803 59.4353
18.937361054791623 59.3727
18.959933076131318 59.1337
18.982505839934877 59.1286
19.00525570560582 59.4142
19.027829963004184 59.2235
19.05040496572238 59.1536
19.072980714710468 59.048
19.095733592739563 59.2538
19.11831084296757 59.9487
19.140888842324735 60.6417
19.16346759176222 60.7386
19.18622349753803 61.2378
19.208803755869358 61.93899999999999
19.231384767143577 62.4371
19.253966532312948 63.2466
19.276725481241822 64.5424
19.29930876296784 66.1785
19.3218928014549 68.7652
19.34465404436217 71.961
19.36723960516257 75.533
19.389825925592426 78.2658
19.412413006605938 79.4984
19.43517731967805 77.583
19.457765930683355 74.0137
19.48035530514408 68.8794
19.50294544401556 64.0978
19.525712842708348 60.4119
19.54830451925909 58.1616
19.570896963095727 56.5049
19.593490175174704 56.2687
19.616260674962184 56.0725
19.638855432416964 55.8183
19.661450960992624 55.9071
19.68404726164677 55.7497
19.706820878021247 55.449
19.729418731756834 55.5966
19.752017360452857 55.217
19.77461676506804 55.5115
19.797393513540218 55.4777
19.819994478951667 55.8268
19.84259622316767 56.5836
19.8651987471481 57.276
19.887978643247177 57.4891
19.91058273574792 57.8667
19.933187610901943 58.2372
19.955969879466828 58.9814
19.97857632894404 59.8686
20.00118356396599 60.7198
20.023791585494575 62.1552
20.046577028914875 64.4026
20.069186632506966 66.7311
20.091797025500632 69.4306
20.114408208858933 71.4605
20.137196842715273 72.6206
20.159809615886765 72.3588
20.18242318232135 69.7552
20.20503754298326 67.2652
20.227829382875154 64.8933
20.250445341109344 63.6691
20.27306209647285 63.1844
20.29567964993108 64.1217
20.31847471147704 65.3847
20.34109387027612 66.8695
20.363713830075454 67.8597
20.386334591841646 67.8497
20.409132890679302 66.0163
20.431755265564437 62.8337
20.454378445325528 59.4953
20.477002430930366 57.1754
20.499803982716553 55.4878
20.522429589228004 54.3627
20.54505600449589 53.6158
20.567683229489194 53.3815
20.590488049900088 52.6427
20.61311690359731 52.2274
20.63574656993626 52.0176
20.658553853717297 51.6058
20.681185154618298 51.5938
20.703817271080066 51.5963
20.72645020407368 51.2391
20.749260783967177 51.083
20.771895359337133 50.7706
20.794530754161617 50.7329
20.817166969412938 50.7228
20.83998086114876 50.625
20.86261872660049 50.3974
20.885257415405402 50.4144
20.90789692853701 50.506
20.930714147864748 50.3292
20.953355319030678 50.4423
20.97599731745334 50.4822
20.99864014410749 50.3248
21.021460706796564 50.468
21.044105199328826 50.8178
21.06675052302631 50.9944
21.089396678865015 50.9987
21.112220600704806 51.1123
21.134868430275347 51.3727
21.15751709492456 51.5289
21.180166595629693 51.727
21.202993892429635 51.9356
21.22564507473034 52.6215
21.24829709602816 53.05
21.27112693608965 53.3527
21.293780644891275 53.5521
21.316435195634053 52.9517
21.339090589297417 52.5686
21.361923832041875 51.9395
21.384580921090404 51.3131
21.407238856007325 50.5709
21.429897637773326 50.2584
21.45273429906592 50.2285
21.475394784108598 50.1645
21.498056118951983 49.9805
21.520718304578022 50.2942
21.543558400304388 50.6538
21.566222297108816 50.6517
21.58888704765135 50.7434
21.61155265291521 51.083999999999996
21.63439619898156 51.6131
21.657063523335786 51.8657
21.67973170537063 52.2949
21.7024007460706 52.7623
21.72524775840385 53.2381
21.747918526116475 54.0016
21.770590155457388 54.7438
21.79326264741238 55.88399999999999
21.816113141960237 57.3867
21.838787368860547 58.7485
21.861462461341976 60.5326
21.884315579735777 62.5869
21.90699241312273 64.7533
21.92967011506078 66.2905
21.95234868653799 67.3904
21.9752053151131 67.2321
21.997885635446785 65.5523
22.020566828293532 63.2493
22.04324889464272 60.7942
22.066109049404666 58.7403
22.088792872571794 57.6095
22.111477572219204 57.4385
22.1341631493376 57.7087
22.157026846313123 57.883
22.179714188221507 57.8759
22.202402410582668 57.1338
22.22509151438863 55.8118
22.24795876962584 54.3674
22.270649646204486 52.8669
22.293341407213727 52.163999999999994
22.316034053646906 51.5114
22.338904883215342 51.1404
22.36159931041458 50.9602
22.38429462602756 50.8889
22.40699083104897 50.8865
22.429865251039757 51.0129
22.452563244831367 50.8054
22.47526213102522 50.9448
22.49813925616515 50.7873
22.520839937143307 50.4563
22.543541513520587 50.5847
22.56624398629403 50.2595
22.589124730075895 50.1251
22.611829005656723 50.4665
22.63453418063466 50.4199
22.657240256008077 50.8644
22.680124634582935 50.912
22.70283252079775 51.0954
22.725541310413075 51.31100000000001
22.74825100442868 51.5342
22.771139033969575 51.9876
22.79385054687155 51.9519
22.81656296718292 52.3503
22.83927629590484 52.9174
22.862167992606945 53.7283
22.88488314827121 54.7033
22.907599215359284 55.5
22.93031619487366 56.4085
22.953211574954405 57.52
22.975930389478226 58.8886
22.998650119445763 60.0195
23.02137076586092 60.0847
23.044269845560063 59.483000000000004
23.06699233506288 58.143
23.089715744034912 56.2181
23.112617610931565 54.3079
23.135342869061212 52.7076
23.158069049684816 51.5486
23.1807961538087 50.7905
23.20370174880544 50.755
23.226430710184808 50.7243
23.249160598093425 50.7712
23.271891413539002 50.802
23.294800752937697 50.7887
23.31753343374794 51.1015
23.340267045128353 50.9742
23.36300158808808 51.3828
23.38591468821339 51.4174
23.408651104658304 51.7368
23.431388455719986 52.1313
23.454126742409 52.6277
23.4770436196085 53.3713
23.499783787914662 54.1231
23.522524894889884 54.7177
23.54526694154616 55.8975
23.56818761219047 57.4568
23.59093154860734 58.3814
23.613676427751283 59.6799
23.636422250635754 59.8822
23.659346731118656 58.9933
23.68209445191868 57.2985
23.704843119509587 55.0925
23.72759273490623 52.9118
23.750521041644767 51.0723
23.77327256312355 49.708
23.796025035462787 48.7702
23.818956224555475 48.0536
23.841710609113413 47.8084
23.86446594758979 47.5318
23.887222241002014 47.2808
23.910157285144578 46.966
23.932915498962537 46.9024
23.955674670778713 46.6905
23.978434801611975 46.5944
24.001373717286125 46.4676
24.024135776723917 46.2691
24.046898798245582 46.2825
24.06966278287146 46.1272
24.092605586582614 45.8916
24.115371508023642 45.8225
24.1381383956401 45.6074
24.16090625045381 45.6998
24.183852958731244 45.6998
24.206622758582608 45.64
24.229393528706886 45.4753
24.252165270127392 45.255
24.27511589952438 45.3133
24.297889594216997 45.1145
24.32066426328598 45.0332
24.34343990775613 44.9266
24.36639447485003 44.6767
24.38917208083877 44.7943
24.41195066531332 44.7252
24.43490819850244 44.7614
24.457688750692377 44.4387
24.48047028445616 44.5
24.503252800821233 44.5218
24.526214300784112 44.638000000000005
24.548998793132213 44.5936
24.57178427117417 44.5684
24.59457073593893 44.6212
24.617536219319863 44.50899999999999
24.64032466834748 44.7654
24.663114107195035 44.3913
24.685904536893013 44.2922
24.708874020360852 44.1403
24.731666442613744 44.1817
24.754459858818787 44.114
24.777254270007962 43.8328
24.80022777025625 43.9145
24.82302418230472 43.6941
24.845821592443674 43.6719
24.86862000170663 43.8486
24.891597535453727 43.6809
24.914397953892728 43.8445
24.93719937456671 43.6314
24.96000179851076 43.8253
24.98298338249997 44.0638
25.00578782394922 44.1772
25.028593271784167 44.2216
25.05157790644186 44.5407
25.07438537804115 44.5391
25.097193859145293 44.7827
25.120003350792075 44.998000000000005
25.142992065061257 45.42100000000001
25.165803588823465 45.687
25.18861612625217 45.9889
25.211429678386736 46.1267
25.234422489079968 46.1299
25.257238081693636 46.1309
25.280054692141732 46.3489
25.3028723214652 46.1074
25.325869245420463 46.3397
25.348688923599397 46.2793
25.371509623787006 46.4803
25.394331347025812 46.3294
25.41733240110666 46.2071
25.440156181590016 45.6471
25.46298098826268 45.2868
25.48580682216873 44.6072
25.50881202326435 43.7648
25.53163992281684 43.3215
25.55446885274561 42.9331
25.577298814096377 42.4515
25.600308179121807 42.3245
25.623140214533745 42.4224
25.64597328451537 42.3274
25.66898578564376 42.1202
25.691820936010206 42.2045
25.714657124097695 42.0812
25.737494350954734 42.0116
25.760511045684957 41.9704
25.783350361364224 41.9841
25.806190718969255 41.9323
25.82903211955018 42.1863
25.852053024868923 42.1567
25.874896522722523 42.1637
25.897741066713106 42.1673
25.920586657892454 42.2312
25.943611790812668 42.0839
25.966459487728237 42.3134
25.989308234998564 42.2025
26.01215803367705 42.4636
26.03518741123814 42.6437
26.05803932412957 42.6963
26.080892291600094 42.6902
26.10374631470478 42.9177
26.12677995397268 43.1189
26.14963609978026 43.2267
26.172493304397875 43.0019
26.19535156888223 42.8452
26.218389486949604 42.6472
26.241249882640123 42.2482
26.26411134137826 41.86600000000001
26.28715248187403 41.8357
26.31001607820869 41.6009
26.3328807407756 41.4157
26.35574647063438 41.7368
26.37879191991473 41.5959
26.401659795896734 41.5607
26.424528742360263 41.7406
26.447398760366614 41.9476
26.470448535598294 41.801
26.49332070826805 42.0484
26.516193955675355 42.3503
26.53906827888316 42.4578
26.562122397260108 42.4615
26.584998883685063 42.7399
26.607876449110325 43.0527
26.63075509460056 43.2197
26.65381357334404 43.4148
26.67669439061878 43.7082
26.699576291163382 43.5241
26.722459276044212 43.6895
26.745522132402975 43.464
26.768407297649354 43.0775
26.791293550442003 42.8001
26.814180891848974 42.3728
26.837248143099337 42.0807
26.860137673466657 42.0001
26.88302829566349 41.7221
26.90592001075963 41.6535
26.92899167420566 41.3967
26.951885586870763 41.0259
26.974780595655517 40.8838
26.99785558178161 40.8212
27.020752794605112 40.5544
27.043651106772522 40.3541
27.06655051935668 40.3841
27.089629948036183 40.1622
27.112531573292053 40.0478
27.135434302194138 40.1566
27.158338135817015 39.9714
27.181422024430987 39.9969
27.204328079372566 39.8409
27.22723524226965 39.9354
27.250143514198573 39.9945
27.273231880156334 39.9192
27.296142382065014 39.8328
27.319053996245536 39.8448
27.341966723775965 39.8995
27.365059584515222 39.7965
27.38797455070062 39.7644
27.410890633481237 39.7103
27.433807833936918 39.6877
27.456905206923906 39.8518
27.47982465472398 39.8311
27.502745223449743 39.8002
27.525666914182825 39.9038
27.548768816912457 39.8762
27.571692763693633 39.8798
27.59461783573812 39.8093
27.617723149491244 39.6154
27.640650484125285 39.6177
27.66357894728264 39.5584
27.686508540048052 39.4485
27.709618414237887 39.4399
27.732550278321757 39.2631
27.755483275279115 39.3075
27.778417406196485 39.2469
27.801531858397514 39.2922
27.824468269376716 39.2281
27.847405817586786 39.1944
27.870344504116094 39.3151
27.893463551932008 39.3293
27.916404527281053 39.4691
27.93934664422563 39.5699
27.962289903855886 39.5138
27.98541356491974 39.7374
28.00835912214229 39.8484
28.03130582533231 40.2084
28.054253675581805 40.3194
28.077381967556104 40.4037
28.100332124185126 40.4752
28.123283431160893 40.4624
28.146235889577238 40.2709
28.169368830154156 40.1504
28.192323603752033 40.0302
28.215279532083304 39.7239
28.238415973016764 39.4372
28.261374223145094 39.2758
28.284333631303806 39.1538
28.307294198589954 38.9753
28.330435319167677 38.6458
28.353398217078915 38.4143
28.376362277420153 38.2483
28.39932750129032 38.1519
28.422473319286713 37.9099
28.44544088262495 37.8255
28.468409612800283 37.597
28.491379510913497 37.3888
28.51453004413313 37.2759
28.53750229057244 37.2421
28.56047570826344 37.2678
28.583450298308804 37.3227
28.606605564586562 37.0181
28.629582511831156 37.0323
28.65256063474956 36.9903
28.675539934446338 36.9585
28.698699951647605 36.8441
28.72168161743193 36.85
28.74466446331978 36.7747
28.767648490417624 36.7159
28.790813276438353 36.5975
28.813799678527303 36.7621
28.836787265157085 36.6314
28.859955641890075 36.8285
28.882945610203045 36.6326
28.905936766392035 36.5496
28.928929111566863 36.6836
28.952102288520145 36.6161
28.975097024308607 36.4419
28.998092952423807 36.361999999999995
29.021090073977508 36.260999999999996
29.04426806913204 36.1592
29.067267590245258 35.929
29.090268308143695 36.0686
29.11327022394099 35.8735
29.13645305530891 35.7786
29.159457379627167 35.7327
29.18246290519685 35.6733
29.20546963313352 35.5251
29.22865731875826 35.5712
29.25166646419296 35.5321
29.27467681535305 35.3898
29.29768837335608 35.438
29.320880931312562 35.4931
29.34389491580634 35.4315
29.366910110507334 35.3542
29.38992651653503 35.5122
29.41312396492981 35.4276
29.436142806456754 35.5091
29.45916286268059 35.3847
29.48236399319994 35.3292
29.50538649169417 35.0948
29.528410208259935 34.9569
29.55143514402014 34.7968
29.574641196749695 34.723
29.597668583816574 34.6742
29.6206971934585 34.4427
29.64372702680042 34.4841
29.666938019934474 34.383
29.689970313635285 34.2231
29.713003834422636 34.2486
29.73603858342347 34.1694
29.759254535188578 34.1063
29.78229175361658 34.0753
29.80533020365064 34.1634
29.82836988641968 34.1186
29.85159081507472 33.9321
29.874632976355343 33.9625
29.89767637376955 33.9193
29.920721008448314 33.7804
29.9439469322847 33.9036
29.96699405457564 33.6738
29.9900424175358 33.6855
30.013092022298157 33.6858
30.03632295963995 33.6371
30.059375061131373 33.5965
30.08242840783577 33.693000000000005
30.105483000888153 33.6325
30.128718970092244 33.5564
30.151776069006917 33.5541
30.17483441768648 33.5962
30.198074175317235 33.5406
30.221135036724256 33.6206
30.24419715131772 33.6015
30.267260520236203 33.5343
30.290505341942243 33.6022
30.313571232750228 33.5688
30.336638381310948 33.5408
30.35970678876503 33.533
30.38295669299435 33.3509
30.40602763151657 33.4695
30.429099832366074 33.3214
30.452173296685572 33.2534
30.47542830191959 33.269
30.498504306502497 33.2455
30.521581577995562 33.247
30.544660117543582 33.2113
30.56792024229725 33.3319
30.59100133132069 33.2135
30.614083691845494 33.2304
30.637167325018545 33.3187
30.660432587840603 33.3113
30.683518779717886 33.3316
30.70660624769615 33.3536
30.729694992924372 33.3353
30.75296541239743 33.4279
30.77605672557558 33.284
30.799149319462742 33.2606
30.8224236211637 33.2408
30.845518789950724 33.1975
30.868615242910597 33.0914
30.891712981195973 32.8592
30.91499247215866 32.8992
30.938092794619365 32.7725
30.96119440587579 32.7249
30.984297307082752 32.5801
31.00758200598383 32.4962
31.030687500658694 32.3699
31.053794288760695 32.3664
31.076902371446767 32.2016
31.100192296997445 32.2343
31.12330298246119 32.2702
31.14641496599209 32.1135
31.169528248749216 32.1517
31.19282341969534 32.0534
31.215939314557186 32.0802
31.239056512134788 32.1303
31.262175013589378 32.0358
31.28547544871168 32.0148
31.30859657161541 31.9162
31.331719001892175 31.8952
31.35484274070538 32.053000000000004
31.378148458819545 32.0434
31.401274828443725 31.9615
31.424402510106933 32.0067
31.447712205419993 31.9281
31.470842524931633 31.8211
31.493974159989783 31.8345
31.51710711176168 31.8859
31.54042212308802 31.9503
31.563557722100917 31.9887
31.586694641341655 31.7932
31.609832881979628 31.6705
31.63315322823208 31.6078
31.656294125521327 31.4611
31.679436347728515 31.497
31.70257989602529 31.3863
31.725905596152327 31.3423
31.74905181052835 31.156999999999996
31.772199354521323 31.3532
31.79534822930507 31.2288
31.818679302290967 31.2783
31.84183085259981 31.2328
31.864983737233473 31.2023
31.88813795736804 31.2642
31.911474422233013 31.1348
31.934631327356435 31.1588
31.9577895715215 31.1304
31.980949155906522 31.1909
32.004291031706956 31.1552
32.027453310562606 30.9677
32.05061693318573 30.8818
32.07396288236386 30.9239
32.09712920658542 30.87
32.12029687812702 30.7067
32.14346589817093 30.5906
32.166817291729984 30.7144
32.18998902288583 30.6899
32.21316210610336 30.5383
32.23633654256711 30.3999
32.259693399663725 30.3566
32.282870556771144 30.3928
32.30604907069099 30.2393
32.329228942610065 30.1573
32.35259128243769 30.0961
32.375773884550505 30.0782
32.398957848235646 29.9993
32.422143174682176 29.9322
32.445511016471215 29.8184
32.468699082679954 29.7141
32.49188851523011 29.7878
32.51507931531304 29.7472
32.538452678331 29.6834
32.56164622776311 29.6478
32.58484114831493 29.5829
32.60803744118015 29.5346
32.631416344731896 29.4995
32.654615396551876 29.546999999999997
32.67781582427913 29.4419
32.701198898634416 29.401999999999997
32.72440209253756 29.3462
32.747606665947124 29.3935
32.77081262006088 29.1961
32.79420126883317 29.1423
32.81740999876112 29.1096
32.840620112999424 29.1073
32.86383161274818 29.0969
32.88722585534586 29.149
32.91044014056596 29.1678
32.933655814909734 29.0304
32.95687287957963 29.0143
32.98027273544904 28.9504
33.00349259526636 28.9134
33.026713849030116 28.8774
33.04993649794511 28.9235
33.073341986570746 28.729
33.09656744032826 28.7912
33.11979429286444 28.851999999999997
33.14302254538647 28.7221
33.166433686291185 28.691999999999997
33.18966475336992 28.5931
33.212897224069096 28.5972
33.23613109959831 28.6105
33.259547912343415 28.5875
33.2827846121627 28.6494
33.306022720453775 28.5337
33.32926223842861 28.3397
33.352684742614166 28.445
33.37592709463173 28.4648
33.399170859982064 28.4325
33.422597648419426 28.2444
33.44584425514446 28.2148
33.46909227885668 28.1439
33.4923417207723 28.0054
33.51577423505344 28.0607
33.539026528130385 27.9361
33.56228024307245 27.9266
33.585535381098246 27.7314
33.60897364093058 27.7448
33.63223163992385 27.6823
33.6554910656699 27.7636
33.678751919389796 27.6833
33.702195944520106 27.5636
33.72545966903325 27.6135
33.74872482519663 27.5035
33.771991414233746 27.4476
33.79544122444841 27.4203
33.81871069412428 27.35
33.84198160035767 27.2852
33.86525394437455 27.3637
33.88870955949969 27.3787
33.911984794020626 27.2422
33.93526147001624 27.2659
33.958539588715006 27.171
33.98200102861669 27.1734
34.0052820477047 27.0755
34.02856451319451 27.1072
34.05203033759056 27.016
34.07531571090147 26.9063
34.09860253431845 26.8386
34.121890809074316 26.9009
34.145362493118924 26.8266
34.16865368561615 26.7733
34.191946333164054 26.7072
34.21524043699793 26.7453
34.23871800066799 26.691999999999997
34.26201503218366 26.5192
34.28531352370466 26.5195
34.30861347646881 26.4221
34.33209693978188 26.4824
34.3553998301885 26.4438
34.378704185565205 26.3929
34.402010007152356 26.3126
34.42549939016683 26.4456
34.44880815937748 26.281
34.472118398533134 26.2159
34.49543010887669 26.1829
34.51892543169198 26.0797
34.54224009966052 26.0863
34.56555624255917 26.0717
34.58887386163339 25.9727
34.61237514439016 25.9619
34.6356957311114 25.8135
34.65901779775809 25.8812
34.68252356662995 25.8368
34.705848608458616 25.8419
34.72917513396849 25.7208
34.75250314440949 25.6924
34.77601490857862 25.6963
34.799345904259795 25.6134
34.82267838863559 25.6306
34.846012362958525 25.58
34.869530142679984 25.4857
34.89286711232212 25.474
34.91620557568269 25.5249
34.93954553401677 25.5563
34.9630693495876 25.3689
34.986412313340814 25.4079
35.00975677584668 25.4455
35.033102738362956 25.3677
35.05663261012228 25.2225
35.0799815881786 25.2402
35.10333207003229 25.2181
35.12668405694369 25.2155
35.150220005273056 25.166999999999998
35.17357501786656 25.1446
35.19693153931268 25.0408
35.220289570874385 25.0421
35.24383161619786 25.0134
35.267192683604904 25.0334
35.290555264930376 25.0002
35.314101899412165 24.9245
35.33746752422433 24.9203
35.36083466676374 24.8409
35.38420332829803 24.851
35.407756095629054 24.8191
35.43112781085063 24.8702
35.45450104888391 24.7534
35.477875810999194 24.7848
35.50143473172161 24.708000000000002
35.52481255774625 24.7729
35.54819191167777 24.63
35.57157279478914 24.6343
35.595137889488406 24.6192
35.61852184675279 24.6315
35.641907337029984 24.5785
35.665294361595684 24.5336
35.68886565090076 24.4134
35.7122557598848 24.4058
35.73564740699838 24.4309
35.759040593519934 24.3351
35.78261809810353 24.2753
35.80601437933051 24.2254
35.829412203814705 24.1295
35.85281157283719 24.0377
35.876395313415884 24.1837
35.8997977874528 24.1149
35.92320180988546 24.0083
35.946790244133936 24.009
35.97019737933222 24.0256
35.993606066789866 23.9477
36.01701630779276 23.9062
36.04061101440684 23.823
36.06402437852291 23.8989
36.08743930005611 23.8221
36.1108557802951 23.7996
36.13445678011326 23.7105
36.15787639383515 23.6887
36.18129757014299 23.6879
36.20472031032821 23.6518
36.22832762423364 23.64
36.25175350829375 23.576
36.275180960119776 23.4265
36.298609981005924 23.4637
36.32222362992669 23.4514
36.34565580510207 23.4505
36.36908955323448 23.3694
36.39252487562093 23.2362
36.416144880530226 23.2162
36.43958336764275 23.236
36.463023432914625 23.2514
36.486465077645676 23.1221
36.51009145956204 23.2117
36.53353627947859 23.2371
36.55698268276811 23.211
36.58043067073321 23.0983
36.60406345072071 23.0133
36.62751462435344 23.0177
36.65096738658405 22.982
36.67460498210655 22.9924
36.69806093788647 22.9185
36.72151848619297 22.8464
36.744977628333636 22.8014
36.76862165890998 22.7985
36.79208400512205 22.8496
36.81554794910557 22.7498
36.83901349217101 22.6007
36.862663978991606 22.5594
36.88613273667352 22.5973
36.90960309738324 22.6189
36.933075062434064 22.5211
36.95673202673572 22.4915
36.98020721697122 22.4206
37.003684015502365 22.3756
37.027162423645365 22.3647
37.050825886711465 22.3886
37.07430753063053 22.3158
37.09779078812467 22.3311
37.121275660513014 22.2834
37.144945643673694 22.2894
37.16843376245278 22.2141
37.19192350009803 22.189
37.215414857931435 22.0405
37.239091382563885 22.0468
37.262585997426164 22.0552
37.28608223645736 21.9985
37.309763684451696 22.0597
37.33326318851098 21.9529
37.356764320726555 21.909000000000002
37.380267082425526 21.9359
37.40395510942588 21.9378
37.42746114683234 21.8969
37.45096881771841 21.7722
37.474478123414166 21.8013
37.49817275092816 21.6937
37.52168534303452 21.631
37.54519957395567 21.5746
37.568715445024665 21.5108
37.592416694607714 21.5732
37.61593586281424 21.5756
37.63945667518264 21.5545
37.66297913304891 21.4918
37.68668702630454 21.58
37.710212792059274 21.4022
37.733740207334854 21.4056
37.757269273470364 21.3285
37.780983832050374 21.3877
37.80451621684926 21.32
37.82805025654007 21.2048
37.851585952464795 21.201
37.8753071980695 21.1895
37.89884622345676 21.1172
37.92238690911902 21.108
37.94611318753442 21.063000000000002
37.969657210779765 21.0683
37.99320289834801 21.0361
38.016750251586465 20.9998
38.04048325513017 20.9217
38.06403395679343 20.9262
38.087586328183946 20.8934
38.11114037065203 20.8534
38.13488012115898 20.8204
38.1584375229181 20.7067
38.181996599821 20.7043
38.205557353221124 20.7038
38.229303872575656 20.7096
38.2528679961576 20.6742
38.27643380031219 20.541
38.30000128639589 20.5691
38.32375459653193 20.6013
38.34732546371299 20.5504
38.37089801690786 20.4313
38.39447225747609 20.4036
38.418232380377425 20.36
38.441810012983396 20.3817
38.46538933705673 20.3428
38.488970353960084 20.3696
38.51273731166058 20.2383
38.536321731567014 20.2085
38.55990784840681 20.2665
38.58367995004091 20.1345
38.60726947812959 20.108
38.63086070726198 20.1147
38.654453638806274 20.0859
38.678232613930824 20.0417
38.70182896773327 19.9851
38.72542702806741 19.948
38.7490267963045 19.9581
38.77281266709232 19.892
38.79641586862214 19.8857
38.8200207821842 19.811
38.843627409152944 19.8844
38.86742019782782 19.7793
38.891030269149255 19.8019
38.914642058016156 19.7876
38.938255565806124 19.809
38.96205529464307 19.7236
38.98567225787121 19.6975
39.00929094417078 19.6664
39.03291135492255 19.6154
39.05671804624804 19.5457
39.080341923549106 19.5493
39.103967529460334 19.5234
39.127594865365744 19.4669
39.15140854155791 19.4545
39.17503935514948 19.4459
39.19867190290282 19.3615
39.22249083587951 19.3243
39.24612686969409 19.3653
39.269764641845306 19.363
39.293404153722804 19.2949
39.317230110864074 19.2268
39.34087311998506 19.1171
39.36451787301696 19.1279
39.388164371352595 19.0859
39.41199737518003 19.0864
39.43564738196752 19.0592
39.45929913825317 19.0562
39.48295264543308 19.0018
39.506792718520884 19.0234
39.530449745387216 18.9313
39.55410852735203 18.8746
39.57776906581474 18.865
39.60161623079 18.8711
39.625280300200025 18.8795
39.64894613032202 18.7593
39.67261372255866 18.8462
39.6964680021016 18.7486
39.72013913657293 18.7095
39.74381203738292 18.6952
39.76748670593756 18.6591
39.79134812278169 18.6804
39.81502634488497 18.6214
39.83870633896685 18.5834
39.862388106436654 18.5045
39.88625668336918 18.4667
39.90994201572829 18.4702
39.933629125719285 18.4638
39.957503091207826 18.4283
39.9811937746168 18.4974
40.00488623990914 18.3782
40.02858048850006 18.3685
40.05246165409549 18.259
40.076159487492085 18.1821
40.099859108448875 18.2658
40.123560518384345 18.2126
40.1474489070226 18.2159
40.171153913178564 18.1435
40.194860712584955 18.0628
40.2185693066637 18.094
40.242464941335314 18.0565
40.26617714307655 18.0117
40.289891143772046 18.0264
40.3136069448471 17.9486
40.33750984859743 17.9759
40.3612292688043 17.942
40.3849504936829 17.8227
40.40867352466194 17.8904
40.43258372059144 17.8466
40.45631038219906 17.8341
40.48003885420956 17.8031
40.503769138055105 17.7065
40.52768664931955 17.7713
40.55142057531802 17.8029
40.57515631746428 17.6881
40.599079334038514 17.6201
40.62281872700477 17.5323
40.64655994043941 17.5366
40.67030297578061 17.5632
40.69423334835778 17.5546
40.71798004609188 17.5238
40.74172857006355 17.5032
40.76547892171441 17.4788
40.7894166736039 17.4854
40.813170699248566 17.3858
40.83692655691388 17.3669
40.86068424804498 17.3843
40.884629402612525 17.3088
40.908390779366385 17.2819
40.932153993938 17.2451
40.95591904777605 17.2639
40.979871628443995 17.2531
41.003640379561936 17.1521
41.02741097430883 17.1831
41.05118341413683 17.1159
41.075143444384416 17.0692
41.098919593177826 17.1814
41.1226975914255 17.0656
41.14647744058318 17.0588
41.170444943946755 16.9793
41.19422851378379 16.9914
41.218013938914645 16.933
41.24198706625173 16.8971
41.26577622087193 16.8362
41.289567235177785 16.8207
41.31336011063129 16.7359
41.337340752422875 16.7474
41.361137369129835 16.7972
41.38493585138705 16.7333
41.40873620066004 16.7258
41.43272438060107 16.7045
41.45652848292052 16.6576
41.48033445666918 16.5623
41.50414230331616 16.5646
41.528138045159764 16.5565
41.551949656675205 16.4458
41.575763145513235 16.4763
41.59957851314666 16.4588
41.62358184070442 16.4326
41.64740098505737 16.4019
41.6712220126409 16.3624
41.69504492493139 16.3106
41.71905586207357 16.2704
41.74288256296395 16.3098
41.766711153007456 16.2486
41.79054163368412 16.2178
41.814560204340054 16.2614
41.838394485526365 16.1939
41.86223066180303 16.1622
41.88625497706819 16.1519
41.910094962812 16.1433
41.93393684811168 16.1065
41.95778063445365 16.0122
41.981812625263366 16.0046
42.00566023303407 16.0028
42.029509746323676 15.9392
42.05336116662236 15.9475
42.077400857069705 15.9385
42.10125611078846 15.9016
42.12511327600405 15.8425
42.14897235421036 15.7949
42.173019768448455 15.8131
42.19688269209613 15.7761
42.22074753323349 15.7106
42.24461429335818 15.7718
42.268669455600495 15.7441
42.292540073217886 15.7242
42.31641261433284 15.6369
42.34028708044675 15.5931
42.36435001496739 15.5828
42.38822835065557 15.6376
42.41210861586426 15.5751
42.4359908120986 15.5397
42.46006154323262 15.4679
42.48394762115317 15.3949
42.507835634632315 15.4411
42.531912233047436 15.4706
42.55580413732265 15.4097
42.579697981698 15.3733
42.60359376768525 15.3284
42.62767820545945 15.3289
42.65157789440821 15.2984
42.67547952952185 15.2538
42.699383112316 15.2253
42.72347541395347 15.174000000000001
42.74738291190531 15.1606
42.771292362102166 15.1808
42.795203766063516 15.119000000000002
42.819303956130405 15.1318
42.843219287476536 15.0821
42.86713657716324 15.068
42.89105582671383 15.0734
42.91516392983864 14.9699
42.939087119032166 14.9716
42.963012272677304 14.922
42.98693939230129 14.9832
43.01105543317513 14.936
43.034986504731386 14.8887
43.05891954686589 14.8018
43.08285456110972 14.8407
43.10697856448665 14.8538
43.130917542983475 14.7353
43.15485849820081 14.728
43.17880143167367 14.7359
43.20293342237094 14.7011
43.226880332449 14.6992
43.25082922540554 14.6789
43.27496722682525 14.6339
43.29892010567796 14.5402
43.32287497204102 14.5619
43.34683182745632 14.5332
43.370977859791836 14.4933
43.39493871351105 14.4265
43.41890156092628 14.4777
43.44286640358341 14.4218
43.46702049182749 14.4055
43.49098934522816 14.3599
43.51496019852649 14.3747
43.5389330532723 14.3057
43.56309522248204 14.2899
43.58707210044314 14.3361
43.61105098451946 14.3126
43.63503187626491 14.2711
43.659202151562134 14.252
43.68318707902681 14.1951
43.70717401884041 14.1704
43.731162972560874 14.1606
43.75534137913236 14.12
43.779334381108384 14.1161
43.803329401683186 14.0497
43.82732644241872 14.0153
43.8515130055166 14.0497
43.87551410707659 13.9806
43.89951723350145 14.0506
43.923709934595614 13.9649
43.94771713129917 13.9193
43.97172635758096 13.9374
43.99573761501002 13.895
44.0199385169922 13.833
44.04395385732619 13.8089
44.067971233533086 13.8225
44.09199064718605 13.7844
44.11619977548961 13.7476
44.14022328470671 13.6949
44.16424883610785 13.7116
44.18827643127035 13.7066
44.21249381139513 13.6762
44.236525514814076 13.6287
44.26055926674478 13.6148
44.28459506876863 13.625
44.3088207262813 13.5894
44.33286064928722 13.5724
44.35690262714919 13.5337
44.38094666145278 13.4683
44.4051806219871 13.4923
44.42922879003185 13.4378
44.45327901929361 13.4042
44.477331311362136 13.4343
44.501573600619416 13.3784
44.525630039221795 13.3535
44.54968854541895 13.3715
44.573937102200176 13.3799
44.5979997645541 13.3078
44.622064499300315 13.2976
44.64613130803592 13.2634
44.67038823869318 13.2665
44.69445921643748 13.2247
44.718532272981385 13.177
44.742607409926194 13.1906
44.76687274034801 13.0986
44.79095205918753 13.0849
44.81503346325094 13.0486
44.839116954143876 13.0567
44.86339071028742 13.0391
44.88747839599524 13.0544
44.91156817336837 13.0133
44.93566004401666 12.999
44.959942251908146 12.9569
44.984038330325966 12.9555
45.00813650686762 12.8752
45.03223678314731 12.8721
45.05652746888232 12.83
45.08063196592069 12.7833
45.104738567558705 12.7904
45.128847275414856 12.7941
45.15314646515866 12.7396
45.17725940679741 12.7479
45.20137445952892 12.7068
45.22568004865265 12.7158
45.24979934496396 12.700999999999999
45.27392075725247 12.6436
45.29804428714431 12.6395
45.322358426247604 12.6074
45.346486212804315 12.572000000000001
45.370616121861914 12.5858
45.39474815505086 12.5552
45.41907087049246 12.5175
45.4432071734666 12.4624
45.46734560548283 12.4883
45.49148616817604 12.4817
45.51581748638564 12.4336
45.5399623320197 12.4168
45.56410931325473 12.3979
45.58825843173002 12.3906
45.61259837920865 12.3493
45.636751793816 12.3588
45.66090735060093 12.2939
45.68506505120716 12.2879
45.7094136545275 12.2363
45.73357566449271 12.1848
45.75773982322992 12.1928
45.78190613238733 12.2103
45.806263418194064 12.1425
45.83043404997326 12.1709
45.85460683713677 12.1657
45.87897065658495 12.133
45.90314777634752 12.0808
45.92732705646868 12.0352
45.9515084986045 12.0686
45.97588104735473 12.0177
46.00006683541565 12.0166
46.02425479047904 11.9933
46.04844491420549 11.9529
46.0728262191024 11.9423
46.09702070211635 11.9514
46.12121735879483 11.9441
46.14541619080294 11.8415
46.169806278764455 11.7759
46.194009483459034 11.808
46.21821486849841 11.7949
46.24242243555223 11.7959
46.266821333570014 11.7409
46.29103328674601 11.7358
46.31524742696538 11.75
46.33946375590237 11.7331
46.36387149104216 11.693
46.38809221957392 11.6439
46.41231514186606 11.6677
46.436540259597464 11.6273
46.460956858999374 11.5841
46.48518638983522 11.5874
46.509418121166966 11.5347
46.533652054678114 11.5355
46.55807754555709 11.4552
46.58231590571962 11.5129
46.60655647313217 11.4951
46.630988654873654 11.4512
46.655233659129024 11.4134
46.67948087571551 11.421
46.70373030632484 11.3895
46.72817142736393 11.3687
46.752425308428684 11.3168
46.77668140861147 11.3199
46.80093972960865 11.2775
46.82538981736788 11.272
46.849652602470904 11.2212
46.87391761349769 11.2897
46.8981848521493 11.2299
46.9226439341274 11.1951
46.946915650573224 11.1446
46.97118959976749 11.1516
46.99546578341598 11.1284
47.019933887188216 11.1292
47.04421456235744 11.1175
47.06849747711879 11.0512
47.09278263318286 11.0375
47.11725978640143 10.9762
47.14154944775105 10.9978
47.165841355555656 11.0015
47.1901355115306 10.934000000000001
47.214621741924994 10.9159
47.23892041698887 10.9177
47.26322134538975 10.8754
47.28771440635075 10.8711
47.31201986422527 10.8689
47.33632758061436 10.8336
47.360637557241866 10.8372
47.38513974410611 10.802
47.40945426407847 10.8231
47.43377104948137 10.8124
47.45809010204344 10.7363
47.48260144275502 10.7091
47.506925052572285 10.7338
47.53125093475548 10.6771
47.55557909103813 10.6588
47.58009961361992 10.6342
47.60443234110732 10.6477
47.62876734791564 10.6172
47.65310463578333 10.6202
47.6776343683373 10.5783
47.7019762413987 10.532
47.72632040075572 10.5606
47.75066684815169 10.5368
47.77520581885936 10.5245
47.799556865477655 10.4846
47.823910205386 10.4693
47.84826584033272 10.4772
47.87281407745551 10.4288
47.89717432569297 10.4002
47.92153687423484 10.3633
47.94609208429692 10.3743
47.97045925671401 10.3626
47.99482873471275 10.3275
48.01920052005013 10.3086
48.04376504619224 10.2979
48.068141469543484 10.3062
48.09252020552573 10.2191
48.11690125590099 10.2332
48.1414751266064 10.2127
48.16586082917454 10.1807
48.19024885144316 10.1567
48.2146391951793 10.1655
48.239222439012764 10.1417
48.26361744916137 10.1156
48.28801478610016 10.1301
48.31241445160131 10.0948
48.337007097209366 10.0848
48.36141144338331 10.0531
48.38581812345755 10.0258
48.41022713920929 10.0072
48.434829215320704 9.9847
48.45924292604658 9.96986
48.48365897780325 9.96302
48.50807737237308 9.93971
48.532688907799276 9.92521
48.55711201168574 9.91849
48.581537463754074 9.88838
48.60615611725119 9.85662
48.63058628942721 9.85718
48.65501881516546 9.88092
48.6794536962573 9.83944
48.70408185970339 9.83332
48.72852147531801 9.799669999999999
48.75296345168211 9.77917
48.77740779059232 9.7557
48.80204549302823 9.738430000000001
48.82649458091802 9.70208
48.85094603676547 9.68056
48.87539986237231 9.67078
48.90004713292306 9.64418
48.92450572200832 9.61927
48.94896668628025 9.636389999999999
48.97343002754588 9.58601
48.99808689542115 9.56737
49.02255501470614 9.579239999999999
49.04702551642794 9.55072
49.0714984023988 9.52572
49.096164896893235 9.51765
49.120642575466796 9.508389999999999
49.145122643748394 9.47954
49.16960510355558 9.42228
49.19428125404938 9.40731
49.2187685210852 9.4275
49.243258185121555 9.380560000000001
49.26794160167084 9.37926
49.2924360839405 9.3701
49.31693296869764 9.32615
49.34143225776915 9.31972
49.36612538195438 9.31645
49.39062950396021 9.288839999999999
49.41513603578346 9.28324
49.4396449792564 9.23073
49.46434784069503 9.23766
49.488861631846454 9.224219999999999
49.513377840166804 9.21803
49.537896467493745 9.17448
49.56260909589029 9.13136
49.587132585683285 9.14845
49.611658500018365 9.13888
49.636186840738596 9.10673
49.66090926588511 9.11031
49.685442483902584 9.10534
49.70997813385706 9.02544
49.734516217597076 9.026069999999999
49.75924846937352 9.04443
49.7837914452858 9.00226
49.80833686055187 8.98584
49.83288471702571 8.96049
49.85762682540054 8.94449
49.882179588965734 8.91385
49.9067347993235 8.89735
49.93129245833333 8.90738
49.95604445336378 8.88452
49.98060703442832 8.8779
50.005172069746266 8.84431
50.02993150438364 8.8683
50.05450147301533 8.85705
50.07907390151433 8.80367
50.10364879174981 8.7712
50.12841816587289 8.751389999999999
50.1529980044635 8.74187
50.17758031042124 8.730780000000001
50.20216508562089 8.71777
50.22694442953363 8.702060000000001
50.25153416817468 8.69928
50.27612638170508 8.67494
50.300721072005196 8.653780000000001
50.325510416102105 8.603530000000001
50.350110084975064 8.62738
50.37471223628208 8.609919999999999
50.39931687190919 8.55312
50.424116246675766 8.560939999999999
50.44872587605249 8.54004
50.47333799543065 8.55688
50.49795260670191 8.52251
50.52276204271512 8.50853
50.54738166295838 8.47472
50.57200378079314 8.47942
50.596628398116835 8.42474
50.62144792604559 8.41227
50.646077567609396 8.43367
50.670709714377715 8.45011
50.69553683636198 8.425889999999999
50.72017401885922 8.40226
50.7448137122895 8.38698
50.76945591856022 8.3452
50.79429318636823 8.35361
50.818940443716784 8.333860000000001
50.84359021965163 8.27314
50.868242516085964 8.291939999999999
50.893089960641895 8.27675
50.917747323549435 8.228589999999999
50.94240721271973 8.222480000000001
50.96706963007175 8.20306
50.99192728239342 8.193060000000001
51.01659478166073 8.179910000000001
51.04126481489051 8.17019
51.06593738400761 8.1368
51.090805275207074 8.11553
51.11548294172845 8.12498
51.14016314993547 8.08864
51.164845901758845 8.09383
51.18972406304274 8.0695
51.21441192780656 8.054910000000001
51.23910234200271 8.06132
51.2637953075678 8.03547
51.288683770237945 7.97508
51.31338186432707 7.96046
51.33808251561888 7.98222
51.362978729967345 7.97352
51.387684521509755 7.9375100000000005
51.41239287610203 7.92462
51.437103795691165 7.90025
51.46201036644977 7.89835
51.486726441956634 7.87325
51.51144508832545 7.875660000000001
51.536166307509156 7.82337
51.56108326624387 7.79683
51.58580965706056 7.79845
51.61053862657523 7.7582699999999996
51.635270176746864 7.7230300000000005
51.66019755512065 7.752610000000001
51.68493429268881 7.7284
51.70967361681515 7.731139999999999
51.73441552946465 7.72483
51.759353359237934 7.692760000000001
51.7841004750961 7.69533
51.80885018539685 7.64819
51.833602492111254 7.62935
51.8585508051424 7.613630000000001
51.883308330926425 7.63431
51.90806845906181 7.622539999999999
51.932831191525715 7.5381800000000005
51.95779001977161 7.54477
51.98255798721516 7.553960000000001
52.00732856494335 7.50293
52.03229530577543 7.53587
52.057071130455945 7.487939999999999
52.081849571391054 7.441610000000001
52.106630630568695 7.44637
52.13160794279417 7.4285
52.15639426492067 7.4337800000000005
52.18118321127822 7.43652
52.205974783860896 7.42559
52.23096269971011 7.373419999999999
52.255759551287994 7.41443
52.280559035098186 7.36309
52.30536115314103 7.3335
52.33035970494467 7.34915
52.35516711807904 7.30525
52.37997717147198 7.335660000000001
52.40478986713005 7.335539999999999
52.42979908731974 7.27543
52.454617094216 7.27462
52.47943774942214 7.23735
52.50426105495102 7.223910000000001
52.529280976059844 7.20858
52.554109609024096 7.217339999999999
52.57894089837482 7.16103
52.60377484613117 7.12182
52.62880550079408 7.153110000000001
52.65364479223379 7.1349800000000005
52.67848674816189 7.104889999999999
52.70352547971946 7.103280000000001
52.72837279155837 7.10428
52.753222773982785 7.0606100000000005
52.778075429022984 7.0681199999999995
52.80312495150885 7.065230000000001
52.827982978797436 7.02647
52.85284368481815 7.00622
52.87770707160767 6.950810000000001
52.90276741793998 6.9916
52.92763619336701 6.976489999999999
52.952507655698504 6.93916
52.977381806977576 6.94318
53.00245301017842 6.93876
53.02733256653592 6.9154100000000005
53.052214817996074 6.91903
53.077099766608484 6.88645
53.102181859804446 6.87922
53.127072229988265 6.865810000000001
53.15196530349892 6.8425199999999995
53.17686108239249 6.82125
53.20195409881522 6.79633
53.22685531582556 6.80962
53.25175924441303 6.76282
53.27666588664027 6.745539999999999
53.30176985962693 6.746910000000001
53.3266819565689 6.74403
53.35159677336455 6.71655
53.376514312083096 6.73263
53.40162927507703 6.7010000000000005
53.42655228516116 6.65388
53.45147802340193 6.66
53.47660125628886 6.62408
53.50153247842639 6.60716
53.52646643496923 6.627730000000001
53.55140312799818 6.64319
53.576537409691696 6.58255
53.60147960336152 6.5704199999999995
53.626424539786164 6.540769999999999
53.65137222105307 6.55812
53.67651758529126 6.53034
53.70147078399681 6.5412
53.72642673383343 6.477469999999999
53.75138543689533 6.51005
53.776541917524526 6.48666
53.801506154876755 6.43858
53.826473151763246 6.45943
53.851442910284916 6.45265
53.87661054126026 6.40074
53.9015858509782 6.4318
53.92656392866066 6.43751
53.95154477641532 6.38986
53.976723591801296 6.37346
54.00171000771266 6.37737
54.02669920004598 6.36019
54.051691170915745 6.31612
54.076881204886796 6.35502
54.101878760928514 6.3135
54.12687910187696 6.29228
54.152077577768296 6.28843
54.1770835166946 6.247669999999999
54.20209224691339 6.1901
54.22710377055121 6.24825
54.25231352511594 6.2231
54.27733066384342 6.20188
54.30235060239643 6.17938
54.32737334290836 6.17893
54.35259441062629 6.11267
54.377622783395324 6.12012
54.40265396455061 6.1102300000000005
54.42768795623251 6.04041
54.45292037169559 6.0311900000000005
54.477960012857906 6.02997
54.50300247099511 6.00868
54.52804774825457 6.001119999999999
54.55329154616743 5.96779
54.57834249018678 5.94327
54.6033962597977 5.94294
54.6284528571545 5.878830000000001
54.653708072335164 5.91828
54.67877035378786 5.92957
54.70383546947698 5.83863
54.72890342156389 5.88087
54.7541700889442 5.820069999999999
54.77924374251975 5.76788
54.8043202390049 5.73988
54.82959552413022 5.72498
54.8546777351945 5.79598
54.87976279569621 5.7256800000000005
54.90485070780914 5.75061
54.930137506558005 5.71056
54.95523115074295 5.74851
54.98032765308844 5.62849
55.005427015775496 5.6127400000000005
55.03072536339621 5.62723
55.05583047570572 5.6008
55.080938454927676 5.56755
55.10604930325027 5.54816
55.131359235107396 5.4783
55.15647585066083 5.487430000000001
55.181595341907496 5.44341
55.20671771104285 5.41041
55.232039262617704 5.41099
55.25716741665048 5.41035
55.28229845518636 5.40693
55.30743238042802 5.3483
55.33276558731939 5.3913199999999994
55.357905315183636 5.34149
55.383047936390035 5.24849
55.40819345314859 5.21972
55.433538351073295 5.24338
55.458689688238415 5.19107
55.483843927614096 5.22939
55.509197623043605 5.15266
55.53435769621134 5.0945800000000006
55.55952067826466 5.10905
55.5846865714265 5.09457
55.61005202069737 5.10428
55.63522376553902 5.09052
55.66039842818645 5.0091
55.68557601087004 5.0036
55.7109532500271 4.9413
55.73613670233794 4.994190000000001
