TT I
1.2716486653135266 8.112110000000001
1.2939594142134223 7.50581
1.3162702121660406 7.039960000000001
1.3385810600174564 6.92432
1.3608919586137629 6.89867
1.383202908801069 7.229260000000001
1.405513911425503 6.6442
1.4278249673332093 6.65235
1.4501343378461518 6.55917
1.4724455028545926 5.61396
1.4947567236847858 6.192069999999999
1.517068001182951 6.70028
1.5393793361953272 6.13755
1.5616907295681737 6.83362
1.5840021821477681 5.57803
1.60631369478041 5.62685
1.6286252683124185 5.48944
1.6509369035901333 5.56752
1.6732468618895553 5.40988
1.695558623192809 4.73338
1.7178704487808514 5.61656
1.7401823395001077 5.10315
1.7625012545597203 4.75654
1.7848028405262486 5.27005
1.8071218901122095 5.32695
1.8294236121921872 5.1832
1.8517427996910911 5.157109999999999
1.8740620574440425 5.36719
1.8963639900671978 5.14642
1.9186833908139995 4.88099
1.9409854680117449 5.30123
1.9633050151394713 5.18917
1.9856246367570705 5.08791
2.0079269371922672 5.21575
2.03024671027244 5.22065
2.0525491637446027 4.308680000000001
2.074869091674931 4.56315
2.097171701569106 4.22763
2.1194917877373847 4.62983
2.141811954326636 4.97231
2.164114805233074 5.10144
2.186435135143035 5.6604
2.208738150935709 9.776810000000001
2.231058647554722 18.3149
2.2533792288321184 14.5773
2.275682498336085 7.58675
2.298003251406138 5.28184
2.3203066942619714 5.137569999999999
2.3426276225136022 4.9744
2.3649486396617507 5.37961
2.387252348930071 5.07423
2.4095735463442893 5.07822
2.4318774374315884 4.77945
2.4541988185014043 4.9665099999999995
2.476502894794693 4.98878
2.498824462909887 5.7812
2.521146125856138 5.59326
2.5434504863470337 5.36025
2.5657723414244717 6.28926
2.588076895590662 6.65105
2.610398946189713 6.51461
2.6327210958598384 6.19548
2.6550259469304716 6.24529
2.6773482972090137 6.77958
2.6996533504259 6.6629
2.7219759047039602 7.3430100000000005
2.744298562293959 7.34771
2.7666039251246595 7.20334
2.7889267918020164 7.3223899999999995
2.8112323652516555 7.173260000000001
2.833555444408179 7.744260000000001
2.8558786311183852 7.79298
2.8781845268938557 8.24928
2.9005079311721484 8.74954
2.9228140460410397 8.490860000000001
2.9451376712799635 8.96476
2.967444008632326 9.67768
2.9897678582247247 9.875860000000001
3.0120918213106695 10.3622
3.0343984987899373 10.491
3.0567226913198637 11.2088
3.079029599759726 11.7981
3.101354025127254 12.2357
3.123678568232338 12.8618
3.145985829517914 13.2655
3.16831061055229 13.3215
3.1906181112775593 14.1905
3.212943133635653 14.9974
3.2352682779763207 15.0738
3.2575761442691227 15.7041
3.2799015350264273 16.4712
3.302209649240067 16.6134
3.3245352898092655 16.998
3.3468436553365257 17.3685
3.369169549113219 18.0462
3.3914955708171384 19.0389
3.413804319727358 19.1516
3.4361305997334863 19.3052
3.4584396084414553 19.9511
3.4807661501462652 20.8677
3.503092824025881 21.0902
3.5254022288463154 21.5374
3.5477291695206588 22.0523
3.5700388426251948 22.8411
3.5923660534916446 23.6829
3.6146934007816114 32.2844
3.637003482731501 61.114
3.6593311053109985 66.7952
3.681641464033634 43.2508
3.7039693653009733 28.1647
3.726297407241705 26.0295
3.7486081875460804 25.9728
3.7709365132734978 26.396
3.793247578841633 26.8013
3.8155761917550093 27.2258
3.8378875459837216 27.8197
3.8602164494827234 28.0126
3.882545499606844 28.4437
3.9048572932539183 29.0275
3.9271866390645718 29.4707
3.9494987298666713 30.4853
3.971828374764527 31.3915
3.9941581705403255 31.8453
4.016470713506008 32.2775
4.038800813471445 32.4502
4.061113662089144 33.5966
4.0834440696459176 34.8286
4.105774632334751 34.7531
4.128087945865126 35.4886
4.150418821249301 36.1719
4.172732448931298 37.6557
4.195063640413578 38.7824
4.2173775856475215 42.1041
4.239709096631102 62.1829
4.262040768704612 154.295
4.284355196706267 201.68599999999998
4.306687193387355 137.361
4.329001947444346 66.7234
4.35133427213731 47.5947
4.373666762177566 45.4907
4.395982011761091 45.6719
4.418314834921175 46.7752
4.44063041906622 51.4762
4.4629635787515625 57.9424
4.4852969080429785 58.4638
4.5076130004776225 54.1349
4.529946671403969 53.7372
4.552263106909177 53.9064
4.574597122877047 54.0364
4.596931312711224 54.8991
4.619248269273446 55.8275
4.6415828092605835 56.6864
4.663900117405352 57.9105
4.686235010953232 58.8439
4.708552674085913 60.5984
4.730887924602802 62.4995
4.753223354952695 63.9476
4.775541557023902 66.3386
4.797877349456786 67.2379
4.820195915032126 69.0876
4.842532072957498 71.0769
4.864868414979744 73.5067
4.88718753227192 75.9183
4.909524244902505 78.1154
4.931843734218147 79.7618
4.954180820867835 82.4671
4.976518095879839 86.1018
4.998838149695359 89.7108
5.021175803844231 94.3465
5.043496238205739 98.8375
5.065834274903528 103.78200000000001
5.088172504230693 110.024
5.1104935158799565 118.95700000000001
5.132832132875765 141.445
5.155153533596801 179.55200000000002
5.1774925416746225 237.48
5.199814334878411 566.9119999999999
5.2221537374521505 1679.92
5.244493338631803 3708.33
5.266815727034316 7029.34
5.289155727832427 10597.0
5.311478517248165 9652.71
5.333818921080011 4276.85
5.356159527788849 1012.62
5.3784829252032536 276.503
5.400823940070432 180.64
5.423147747031976 150.681
5.445489173474152 135.759
5.467830807066149 128.031
5.490155234831516 122.646
5.512497285125229 117.176
5.534822130975162 113.146
5.557164601388673 110.14399999999999
5.579489868738879 107.26899999999999
5.601832762690846 105.272
5.6241758697774475 103.988
5.646501775867269 103.36
5.668845311622074 102.554
5.691171647754637 101.28
5.713515615597765 100.421
5.735859800852677 98.9613
5.758186788542988 99.1931
5.780531411018185 99.7076
5.802858837297399 99.3539
5.825203900414495 99.5711
5.8475491852224 101.223
5.869877275883075 101.786
5.892223006467101 102.956
5.914551544266608 105.289
5.936897724049891 109.727
5.959244129804903 118.915
5.981573344815301 150.936
6.0039202049061 294.126
6.026249875609095 673.257
6.04859719346037 1296.87
6.070927323278297 2234.59
6.093275102315365 3681.73
6.115623113320588 4573.29
6.137953938319995 3655.88
6.160302415650845 1450.6
6.182633708324452 376.07800000000003
6.2049826554078376 148.784
6.227331838745022 108.92399999999999
6.249663839443684 95.8092
6.27201349767565 90.2488
6.294345974611799 90.8158
6.316696111167083 95.5784
6.339046488263839 91.1616
6.361379686074702 81.1481
6.383730546639482 75.9327
6.406064229255215 73.199
6.428415576718203 72.5166
6.450749747566656 70.4703
6.47310158535871 69.2039
6.495453669698332 68.2213
6.517788579421056 67.9361
6.540141159237969 66.6436
6.562476565766648 65.8939
6.5848296444934045 65.5937
6.607182974060425 65.3663
6.6295191323281015 65.215
6.651872965955752 66.8695
6.6742096296068985 81.1129
6.6965639707294615 107.68299999999999
6.71891856698715 107.855
6.741255995248479 82.684
6.763611104154477 67.1128
6.785949046381137 62.1525
6.808304671371482 60.9022
6.8306605557940046 60.6647
6.852999275508618 59.8786
6.875355681171544 59.3493
6.897694923437771 58.5965
6.92005185377892 58.8151
6.9423916220322655 58.6294
6.964749080490181 58.0007
6.987106804399774 57.85
7.009447368180821 58.1757
7.031805625367033 57.5942
7.054146723727803 57.2853
7.076505517631004 57.0711
7.098864581288365 57.5425
7.121206488070854 57.4912
7.143566093607822 57.5272
7.165908543567245 57.4447
7.188268694426048 57.4184
7.2106291193438095 57.2677
7.232972390625943 58.1516
7.255333366030969 65.0393
7.277677189091925 96.1099
7.300038718428332 124.132
7.322400526130865 109.33
7.344745183422596 77.6805
7.367107550224791 61.2673
7.389452767901992 57.5778
7.411815697249891 56.7625
7.434161478756298 55.9594
7.456524974096713 56.1812
7.478888753837185 55.832
7.501235387657368 56.6583
7.523599738562711 56.4568
7.545946944825532 56.5557
7.568311870344528 57.5299
7.5906770845765665 57.631
7.613025156078678 58.3806
7.635390950099687 59.167
7.657739602662809 58.5824
7.680105979923558 58.0004
7.702472650212829 58.3931
7.724822180948224 58.2047
7.747189439655568 58.3402
7.769539560075357 58.5757
7.791907410653562 58.8694
7.81425812420825 58.7733
7.836626570110925 58.9382
7.858995315087906 60.0911
7.881346924933401 60.0083
7.903716270417482 60.6759
7.926068482028405 61.2651
7.948438431475253 61.4936
7.9708086843180235 62.333
7.993161805171116 63.0276
8.015532667162402 63.6306
8.037886398416653 64.9616
8.060257873014221 65.0826
8.082629655331942 65.7115
8.104984308787587 66.665
8.127356708900503 69.1496
8.149711981398308 73.1656
8.172085002766314 74.9144
8.194458336181368 73.0731
8.216814543847752 72.1487
8.23918850371002 72.7495
8.26154533906492 73.4463
8.283919928836452 75.3857
8.306277395339652 76.7175
8.328652618483376 78.0669
8.351028159736202 80.219
8.373386579575245 82.9278
8.395762759396959 84.8327
8.418121819038275 89.4645
8.440498640894003 99.42399999999999
8.462875785192262 112.28399999999999
8.485235811156207 133.531
8.507613602688501 200.646
8.529974277114228 343.702
8.552352719347912 521.346
8.574731488360351 750.8919999999999
8.59709314210385 1114.2
8.619472567021075 1563.06
8.64183487789147 1971.52
8.664214962183097 1952.08
8.686577933647762 1248.91
8.708958680784317 558.844
8.731339760774953 231.12
8.753703729764451 132.57
8.77608547780821 110.705
8.798450116065078 103.89299999999999
8.820832535634787 99.8142
8.843215292401656 97.5034
8.865580941199045 95.5425
8.887964374703538 93.7568
8.910330701447199 94.2672
8.932714815164482 94.95100000000001
8.955099270424924 94.0214
8.977466620733543 91.3616
8.999851761421976 89.4595
9.022219798361645 88.3034
9.04460562795561 87.8526
9.066991803441677 87.4175
9.089360876979615 87.3493
9.111747746589993 86.8675
9.13411751544971 86.2475
9.156505082664324 85.9636
9.178875550323522 85.7738
9.20126381862328 85.8254
9.223652438908596 85.7844
9.246023961427412 86.6163
9.26841328802173 86.146
9.290785518039224 86.4187
9.313175554425882 87.37700000000001
9.335565947154315 87.2572
9.357939245086508 87.5896
9.380330352834827 87.8617
9.40270436697103 87.8148
9.425096193225055 86.8064
9.447488380180165 88.5068
9.469863475295412 88.23899999999999
9.492256385987508 88.90700000000001
9.514632206018318 89.5329
9.537025843935714 90.2271
9.559402392368193 90.854
9.581796761000229 91.9721
9.604191496441521 93.8665
9.626569144158516 96.001
9.648964615551032 98.4765
9.671343000390081 99.2553
9.693739211225699 98.9684
9.716135793237463 97.9032
9.738515290448102 97.6075
9.760912617143402 98.7772
9.783292860202891 100.759
9.805690935076182 102.521
9.828089385495742 103.285
9.850470754023561 105.59700000000001
9.872869957865444 110.794
9.89525208097539 121.03200000000001
9.917652041736662 130.4
9.940052382417589 135.123
9.962435644102392 154.812
9.984836746950979 213.653
10.007220771957746 322.182
10.029622640473708 463.01300000000003
10.052007432299963 627.219
10.074410069984072 825.0310000000001
10.096813093716005 1108.34
10.119199042482517 1455.31
10.141602840636468 1746.83
10.163989564971628 1705.66
10.186394141051062 1182.51
10.208799107559706 595.71
10.231187001965623 273.915
10.253592751657669 155.151
10.275981430388155 125.427
10.298387966769793 120.234
10.320794897965431 119.571
10.343184759907361 117.59
10.36559248305461 113.38799999999999
10.387983138083852 111.149
10.410391656691655 116.014
10.432800574501677 132.609
10.455192425893369 160.119
10.47760214443012 195.449
10.499994797678786 232.55599999999998
10.522405320453982 286.95
10.54479877906917 363.64599999999996
10.567210109595656 446.32300000000004
10.5896218454736 517.146
10.612016518879773 520.378
10.634429067781074 415.07
10.656824555333241 268.531
10.679237920773568 156.667
10.701651695961992 109.43299999999999
10.724048411481384 96.2002
10.746463008485165 92.0661
10.768860546937125 90.1007
10.791275969274796 87.861
10.81369180576079 86.3091
10.836090585366925 85.0117
10.858507252467449 83.5142
10.88090686379991 82.765
10.903324365036394 82.1013
10.925724811614439 81.5873
10.948143150509463 82.3271
10.970561909719066 81.3656
10.992963615930844 79.6557
11.015383218085756 78.2236
11.037785768347074 76.5906
11.06020621697282 76.0559
11.082627090322113 75.314
11.105030913430326 74.73899999999999
11.12745263854165 74.7427
11.149857314510728 76.1309
11.172279894912576 79.9737
11.194702904450653 80.0524
11.217108866490921 77.3092
11.239532736615194 74.472
11.26193956033512 73.2924
11.284364294577085 72.2602
11.306789462371718 70.8711
11.329197585398376 70.0863
11.351623622610898 69.9956
11.37403261614354 68.9359
11.396459526308487 68.7857
11.418869393879497 68.3689
11.441297180532617 68.0337
11.463725406927658 67.5692
11.486136592353875 67.4792
11.508565700543707 67.564
11.530977768845315 69.2103
11.553407762368774 69.3627
11.575838200059769 68.7373
11.598251599479612 67.3416
11.620682927815501 66.3858
11.64309721895548 66.3637
11.665529441478206 66.0028
11.687962112597958 65.686
11.710377748130886 65.4287
11.732811318753434 65.411
11.755227854859067 65.6449
11.777662328529495 65.5088
11.800079768750786 65.4682
11.822515149015453 65.431
11.844950984084935 65.7468
11.867369787303163 64.9981
11.889806534289491 65.1877
11.912226250487029 65.3373
11.934663912939751 65.399
11.9571020346363 65.8547
11.979523127133968 65.9936
12.001962169624331 66.8658
12.024384183972964 68.1835
12.046824150809913 72.7128
12.069264581333726 80.3652
12.091687985297767 89.3061
12.11412934550045 98.6437
12.136553680195208 110.09
12.158995973632788 124.86399999999999
12.181438735204349 143.92700000000002
12.20386447284199 165.571
12.226308172985636 191.88099999999997
12.24873485024193 202.981
12.271179492516982 188.00400000000002
12.293607112949127 150.38
12.316052700916226 110.54799999999999
12.338498763250042 85.7189
12.360927805303868 73.4814
12.383374818673879 69.2722
12.405804812803074 67.5234
12.428252780773262 67.3471
12.45070122756722 67.468
12.473132656675375 67.4668
12.49558206341869 67.6539
12.518014453510101 67.2561
12.540464823770117 67.4238
12.562915677315177 67.5528
12.58534951575545 67.9691
12.607801338171472 69.3009
12.630236146511358 72.4142
12.652688941369085 75.3087
12.675124723177234 75.7968
12.697578494048786 74.2719
12.720032754458185 71.4587
12.742470003354093 70.2687
12.764925245138771 70.6027
12.787363476431278 71.0814
12.809819703166806 71.4194
12.83227642391173 71.9372
12.854716135692716 72.6399
12.877173846755147 73.9691
12.899614549869717 74.2701
12.9220732548287 75.2683
12.94453245827299 75.5616
12.966974655289818 76.4361
12.989434858002571 77.3838
13.011878055298721 78.3495
13.034339260862497 79.6501
13.056800969391883 81.0001
13.079245674017244 83.3022
13.101708390774869 86.3582
13.12415410463411 95.2542
13.146617833206086 111.279
13.169064559883248 130.543
13.191529303857127 150.644
13.213994557076367 172.014
13.236442809902437 197.463
13.258909083908291 233.605
13.28135835851934 276.306
13.30382565690295 326.2
13.326293469022952 379.064
13.348744283242008 415.473
13.371213125129904 390.162
13.39366497011003 318.966
13.416134845360597 221.68099999999998
13.438605238843131 151.537
13.46105863690397 120.77600000000001
13.483530069144786 118.119
13.505984506951902 127.514
13.528456981549432 142.57
13.550929978879088 157.704
13.573385983253365 174.44
13.595860028340867 198.399
13.618317081455832 231.842
13.64079217790333 270.41200000000003
13.663250283359057 311.01
13.685726434770173 346.06300000000005
13.708203115221277 352.55400000000003
13.730662806148091 308.897
13.75314054697177 236.09
13.775601299246777 164.252
13.798080104050406 115.525
13.820559442405358 93.9119
13.843021793671388 87.0737
13.865502201420897 84.5921
13.887965623051947 84.2262
13.910447103807167 82.8018
13.932929122629764 81.2605
13.955394156785959 80.7767
13.977877254034569 79.842
14.000343367582113 78.7362
14.022827546871707 77.7725
14.045294743423524 77.2549
14.06778000837062 76.5219
14.090265817715476 76.5304
14.112734645763819 75.9943
14.13522154619454 75.4952
14.157691466286913 75.5346
14.180179461423874 75.343
14.202668005486178 74.5679
14.22513957064374 73.8935
14.247629214846473 73.7709
14.270101881097517 73.3797
14.29259262906496 73.6088
14.315083930490205 73.8075
14.337558255389705 73.9755
14.360050666019726 73.9031
14.382526101071944 72.9859
14.405019624534942 72.3709
14.427513705993134 71.92
14.449990813291825 71.9414
14.47248601302899 72.1726
14.49496423954951 72.1457
14.517460561197822 72.1305
14.539939910570322 71.7937
14.562437357763558 72.3185
14.58493536931253 72.9
14.607416409993311 73.5549
14.62991555254159 74.1911
14.652397725157423 74.1542
14.674898002342799 74.0601
14.697398848433282 73.8155
14.719882725991326 74.7013
14.74238471217934 76.1636
14.764869730765593 80.1905
14.787372860692983 85.835
14.809876564079925 93.3537
14.83236330125751 101.676
14.854868153850365 109.87100000000001
14.877356041159485 118.915
14.899862046604186 131.039
14.922351087688757 147.89700000000002
14.944858249632887 167.02599999999998
14.967365991421232 188.808
14.989856770231246 207.24400000000003
15.012365673994204 217.032
15.03485761569738 206.25799999999998
15.05736768508665 175.843
15.07987833888692 137.47
15.102372032001655 106.206
15.124883856909658 86.0071
15.14737872204565 77.7861
15.169891721717274 74.8116
15.192405310371893 74.0349
15.214901940621196 73.7917
15.237416709527137 73.5223
15.259914520936249 73.4706
15.282430473753607 72.3998
15.304947020131227 71.9045
15.327446610371178 71.1151
15.349964346154254 70.312
15.372465126703139 70.2635
15.394984055556009 69.7711
15.417486030076159 69.5715
15.44000615566487 69.1984
15.462526881230803 69.2348
15.485030653812652 69.12
15.507552581617434 69.0827
15.530057557334603 68.9971
15.55258069104857 68.9434
15.575104429329837 69.1964
15.597611216864632 68.895
15.620136166564563 69.066
15.6426441664095 70.3951
15.665170331202765 73.5392
15.687697105158826 78.5741
15.710206930593545 84.3636
15.732734925158933 90.9494
15.755245972089478 96.7261
15.77777519094324 103.30799999999999
15.800287463046663 112.015
15.822817909869592 123.945
15.84534897229804 137.821
15.867863089299354 155.079
15.890395385222186 170.679
15.912910736597423 186.361
15.935444269699861 188.34099999999998
15.957978423016485 174.487
15.980495633101265 146.22799999999998
16.003031029129367 115.92299999999999
16.02554948280019 89.5735
16.048086125229432 75.0389
16.070623392487107 69.1284
16.09314371869582 67.1904
16.11568223789321 66.0298
16.13820381691126 65.0829
16.160743591742527 64.06
16.183283996022084 63.4499
16.205807461423195 62.3323
16.228349126881973 61.5627
16.25087385432698 61.604
16.27341678466365 61.0849
16.29594277784926 60.9217
16.31848697676433 60.6927
16.341031811604868 60.4795
16.36355971058487 60.8983
16.3861058195587 60.42
16.40863499352978 59.7559
16.431182380342005 59.1281
16.453730407713202 58.559
16.476261501364792 58.2849
16.498810812136167 57.9491
16.52134319004079 57.9327
16.54389378792203 57.4474
16.566445031001553 57.5119
16.588979342490088 57.6969
16.61153187824822 57.4366
16.634067483263312 57.2712
16.656621315414416 57.3925
16.679175797408888 57.0897
16.701713349928728 56.9018
16.72426913389191 57.0663
16.74680798922351 57.2542
16.76936507887444 57.223
16.791905240734874 57.2128
16.814463639794468 56.9676
16.837022695210294 57.2374
16.859564824093756 57.5958
16.882125194503903 57.8762
16.904668639217885 58.4022
16.927230328348003 58.5301
16.949792678493612 58.516999999999996
16.972338104193863 58.2335
16.994901778652235 57.8577
17.017448529496576 57.9213
17.040013531998152 58.2559
17.06257920018044 58.9119
17.0851279459922 60.1513
17.107694947817667 61.4074
17.130245028099072 62.7059
17.15281336730298 64.2447
17.17536478578733 65.4663
17.19793446610687 67.1843
17.220504818648422 68.934
17.243058251703697 71.0071
17.265629950971032 74.3161
17.288184731571736 77.7204
17.310757781306908 81.8792
17.33333150794385 83.8122
17.355888317140174 84.7095
17.37846339986244 83.0183
17.401021565958885 77.8433
17.42359800851343 72.083
17.44617513265564 67.092
17.468735341390783 63.9439
17.491261035594565 62.4109
17.51396340099364 61.8295
17.536490463869136 61.7126
17.559018209820174 61.6364
17.58154663977963 61.7755
17.604251766089718 62.0336
17.626781572227713 62.2227
17.64931206518155 62.3507
17.671843245885103 62.9442
17.69455114821572 63.1733
17.717083712612634 63.2625
17.739616967569667 63.6684
17.762150914021706 63.9765
17.78486160749854 64.3132
17.807396945166804 65.1147
17.829932977143503 66.0448
17.85246970436452 67.9037
17.875183204129467 70.4971
17.897721330097664 73.9016
17.920260154126645 77.5825
17.942799677153296 81.3185
17.9655159983646 84.2287
17.988056927677544 87.713
18.010598558807683 92.62200000000001
18.033140892692916 99.5185
18.05586005052525 106.67299999999999
18.07840379824407 114.86
18.10094825154059 125.072
18.12366954819864 135.033
18.146215420998306 141.94899999999998
18.16876200220057 141.895
18.191309292745153 133.407
18.214033452627167 120.48299999999999
18.236582170236648 105.94200000000001
18.259131600016456 95.4976
18.281681742907335 90.9923
18.304408781233683 91.5848
18.32696035875955 94.0315
18.349512652227624 97.5511
18.372065662579683 102.10700000000001
18.394795594587553 105.125
18.41735004715306 105.79
18.43990521943684 102.40799999999999
18.46246111238171 94.8128
18.485193953325208 85.2927
18.507751296070428 76.9291
18.530309362314178 70.9184
18.552868153000343 67.6033
18.57560391815056 65.5197
18.59816416623245 64.7091
18.620725141597372 64.1259
18.643286845190268 63.7829
18.666025549835414 63.215
18.688588718427933 62.5515
18.711152618092243 62.4232
18.73389353884365 62.1371
18.75645890921984 61.735
18.77902501351406 61.4137
18.801591852673102 61.4947
18.824335739722738 60.6143
18.846904057212626 60.7278
18.8694731124168 60.3369
18.89204290628315 60.294
18.914789774966803 60.1752
18.937361054791623 59.9118
18.959933076131318 59.6155
18.982505839934877 59.5223
19.00525570560582 59.8286
19.027829963004184 59.3267
19.05040496572238 59.4619
19.072980714710468 59.6238
19.095733592739563 59.8272
19.11831084296757 60.2265
19.140888842324735 60.9444
19.16346759176222 61.5414
19.18622349753803 62.1974
19.208803755869358 63.1688
19.231384767143577 63.6805
19.253966532312948 64.7622
19.276725481241822 66.1408
19.29930876296784 67.5134
19.3218928014549 69.6472
19.34465404436217 71.968
19.36723960516257 74.5599
19.389825925592426 76.2572
19.412413006605938 77.3466
19.43517731967805 76.1668
19.457765930683355 73.5471
19.48035530514408 69.0869
19.50294544401556 64.9316
19.525712842708348 61.0385
19.54830451925909 58.5848
19.570896963095727 56.95399999999999
19.593490175174704 56.4502
19.616260674962184 56.38
19.638855432416964 56.0618
19.661450960992624 56.1016
19.68404726164677 55.9852
19.706820878021247 55.6687
19.729418731756834 55.9211
19.752017360452857 55.6973
19.77461676506804 55.9362
19.797393513540218 56.0262
19.819994478951667 56.3904
19.84259622316767 57.3064
19.8651987471481 58.0348
19.887978643247177 58.2445
19.91058273574792 58.5956
19.933187610901943 59.2086
19.955969879466828 60.306999999999995
19.97857632894404 61.1734
20.00118356396599 62.1118
20.023791585494575 63.5168
20.046577028914875 65.7288
20.069186632506966 67.7619
20.091797025500632 69.9366
20.114408208858933 71.566
20.137196842715273 72.7138
20.159809615886765 72.6803
20.18242318232135 70.5767
20.20503754298326 68.2611
20.227829382875154 66.1525
20.250445341109344 64.7955
20.27306209647285 64.3563
20.29567964993108 64.8687
20.31847471147704 65.5564
20.34109387027612 66.7029
20.363713830075454 67.5069
20.386334591841646 67.1112
20.409132890679302 65.2164
20.431755265564437 62.437
20.454378445325528 59.6859
20.477002430930366 57.3565
20.499803982716553 55.3084
20.522429589228004 53.9918
20.54505600449589 53.4565
20.567683229489194 53.1747
20.590488049900088 52.867
20.61311690359731 52.3727
20.63574656993626 52.2942
20.658553853717297 51.8677
20.681185154618298 51.9599
20.703817271080066 51.8483
20.72645020407368 51.3695
20.749260783967177 51.3275
20.771895359337133 51.2311
20.794530754161617 51.2476
20.817166969412938 51.0667
20.83998086114876 51.0126
20.86261872660049 50.9062
20.885257415405402 50.8832
20.90789692853701 51.0561
20.930714147864748 50.9277
20.953355319030678 50.9452
20.97599731745334 50.9754
20.99864014410749 51.0064
21.021460706796564 50.9274
21.044105199328826 51.1504
21.06675052302631 51.3955
21.089396678865015 51.3043
21.112220600704806 51.6146
21.134868430275347 51.9374
21.15751709492456 52.0663
21.180166595629693 52.2515
21.202993892429635 52.5111
21.22564507473034 52.7583
21.24829709602816 53.1506
21.27112693608965 53.4208
21.293780644891275 53.5744
21.316435195634053 53.3138
21.339090589297417 52.8319
21.361923832041875 52.2427
21.384580921090404 51.4516
21.407238856007325 51.0443
21.429897637773326 50.72
21.45273429906592 50.6806
21.475394784108598 50.6382
21.498056118951983 50.5948
21.520718304578022 50.7912
21.543558400304388 50.9311
21.566222297108816 51.0034
21.58888704765135 51.2571
21.61155265291521 51.6378
21.63439619898156 52.388999999999996
21.657063523335786 52.7694
21.67973170537063 53.4123
21.7024007460706 54.0545
21.72524775840385 54.6408
21.747918526116475 55.2757
21.770590155457388 56.0193
21.79326264741238 57.2403
21.816113141960237 58.3921
21.838787368860547 59.9059
21.861462461341976 61.3784
21.884315579735777 63.2833
21.90699241312273 64.7251
21.92967011506078 66.0961
21.95234868653799 66.8735
21.9752053151131 66.9628
21.997885635446785 65.4808
22.020566828293532 63.8414
22.04324889464272 61.3866
22.066109049404666 59.4362
22.088792872571794 58.1444
22.111477572219204 57.5696
22.1341631493376 57.5646
22.157026846313123 57.8832
22.179714188221507 57.8072
22.202402410582668 57.1931
22.22509151438863 56.0645
22.24795876962584 54.7919
22.270649646204486 53.6655
22.293341407213727 52.6653
22.316034053646906 51.7568
22.338904883215342 51.3639
22.36159931041458 51.3179
22.38429462602756 51.147
22.40699083104897 50.9149
22.429865251039757 50.9338
22.452563244831367 51.0344
22.47526213102522 50.9005
22.49813925616515 50.8759
22.520839937143307 50.7659
22.543541513520587 50.7933
22.56624398629403 51.0029
22.589124730075895 50.6264
22.611829005656723 50.761
22.63453418063466 50.8675
22.657240256008077 51.2626
22.680124634582935 51.5435
22.70283252079775 51.9603
22.725541310413075 52.2158
22.74825100442868 52.4293
22.771139033969575 52.8652
22.79385054687155 53.0426
22.81656296718292 53.6552
22.83927629590484 54.1434
22.862167992606945 54.66
22.88488314827121 55.5748
22.907599215359284 56.2887
22.93031619487366 57.1005
22.953211574954405 57.8231
22.975930389478226 58.994
22.998650119445763 59.7705
23.02137076586092 59.6624
23.044269845560063 59.2637
23.06699233506288 58.0084
23.089715744034912 56.5052
23.112617610931565 54.7433
23.135342869061212 53.1055
23.158069049684816 51.9782
23.1807961538087 51.4034
23.20370174880544 51.1023
23.226430710184808 51.083999999999996
23.249160598093425 51.1913
23.271891413539002 51.3378
23.294800752937697 51.3894
23.31753343374794 51.8844
23.340267045128353 51.9161
23.36300158808808 52.2513
23.38591468821339 52.4098
23.408651104658304 52.6478
23.431388455719986 53.0163
23.454126742409 53.478
23.4770436196085 54.2894
23.499783787914662 55.2259
23.522524894889884 55.6923
23.54526694154616 56.477
23.56818761219047 57.526
23.59093154860734 58.4681
23.613676427751283 59.3687
23.636422250635754 59.2751
23.659346731118656 58.6473
23.68209445191868 57.4456
23.704843119509587 55.4001
23.72759273490623 53.2702
23.750521041644767 51.5379
23.77327256312355 49.9671
23.796025035462787 49.1176
23.818956224555475 48.3613
23.841710609113413 48.2339
23.86446594758979 47.9194
23.887222241002014 47.5701
23.910157285144578 47.1938
23.932915498962537 47.2153
23.955674670778713 47.0828
23.978434801611975 46.7492
24.001373717286125 46.8105
24.024135776723917 46.637
24.046898798245582 46.6407
24.06966278287146 46.5577
24.092605586582614 46.2807
24.115371508023642 46.0655
24.1381383956401 45.9739
24.16090625045381 46.196000000000005
24.183852958731244 45.9761
24.206622758582608 45.7449
24.229393528706886 45.5034
24.252165270127392 45.5655
24.27511589952438 45.5427
24.297889594216997 45.3963
24.32066426328598 45.258
24.34343990775613 45.2684
24.36639447485003 45.1148
24.38917208083877 44.9644
24.41195066531332 45.0045
24.43490819850244 44.9705
24.457688750692377 44.8369
24.48047028445616 44.8074
24.503252800821233 44.7608
24.526214300784112 44.993
24.548998793132213 44.9579
24.57178427117417 44.777
24.59457073593893 44.8325
24.617536219319863 44.8105
24.64032466834748 44.8705
24.663114107195035 44.7572
24.685904536893013 44.5134
24.708874020360852 44.6068
24.731666442613744 44.3474
24.754459858818787 44.3016
24.777254270007962 44.2159
24.80022777025625 44.115
24.82302418230472 44.0524
24.845821592443674 44.1878
24.86862000170663 44.172
24.891597535453727 43.9265
24.914397953892728 44.3523
24.93719937456671 44.1037
24.96000179851076 44.2846
24.98298338249997 44.501000000000005
25.00578782394922 44.6144
25.028593271784167 44.68
25.05157790644186 44.9778
25.07438537804115 45.0397
25.097193859145293 45.2672
25.120003350792075 45.5177
25.142992065061257 45.7373
25.165803588823465 46.1702
25.18861612625217 46.2974
25.211429678386736 46.4843
25.234422489079968 46.6753
25.257238081693636 46.6588
25.280054692141732 46.5408
25.3028723214652 46.3469
25.325869245420463 46.3097
25.348688923599397 46.4444
25.371509623787006 46.5653
25.394331347025812 46.568000000000005
25.41733240110666 46.2218
25.440156181590016 45.7534
25.46298098826268 45.3947
25.48580682216873 44.7588
25.50881202326435 44.1001
25.53163992281684 43.5798
25.55446885274561 43.2501
25.577298814096377 42.7836
25.600308179121807 42.7457
25.623140214533745 42.7363
25.64597328451537 42.4677
25.66898578564376 42.1935
25.691820936010206 42.3118
25.714657124097695 42.2999
25.737494350954734 42.3702
25.760511045684957 42.3082
25.783350361364224 42.2736
25.806190718969255 42.371
25.82903211955018 42.5212
25.852053024868923 42.4947
25.874896522722523 42.4331
25.897741066713106 42.468999999999994
25.920586657892454 42.5168
25.943611790812668 42.4864
25.966459487728237 42.6746
25.989308234998564 42.6424
26.01215803367705 42.8305
26.03518741123814 42.9286
26.05803932412957 43.0622
26.080892291600094 43.1344
26.10374631470478 43.2638
26.12677995397268 43.31
26.14963609978026 43.441
26.172493304397875 43.3469
26.19535156888223 43.1936
26.218389486949604 42.9128
26.241249882640123 42.6091
26.26411134137826 42.3076
26.28715248187403 42.2408
26.31001607820869 41.9503
26.3328807407756 41.738
26.35574647063438 42.0396
26.37879191991473 41.9494
26.401659795896734 42.0133
26.424528742360263 42.1533
26.447398760366614 42.2231
26.470448535598294 42.2288
26.49332070826805 42.4669
26.516193955675355 42.7324
26.53906827888316 42.7945
26.562122397260108 42.9352
26.584998883685063 43.1688
26.607876449110325 43.3531
26.63075509460056 43.4875
26.65381357334404 43.8413
26.67669439061878 43.7704
26.699576291163382 43.8577
26.722459276044212 43.7787
26.745522132402975 43.5788
26.768407297649354 43.4148
26.791293550442003 43.0835
26.814180891848974 42.6979
26.837248143099337 42.3724
26.860137673466657 42.3054
26.88302829566349 41.9447
26.90592001075963 41.861000000000004
26.92899167420566 41.7384
26.951885586870763 41.4298
26.974780595655517 41.1416
26.99785558178161 40.9584
27.020752794605112 40.9776
27.043651106772522 40.6667
27.06655051935668 40.6081
27.089629948036183 40.3828
27.112531573292053 40.3753
27.135434302194138 40.5352
27.158338135817015 40.3805
27.181422024430987 40.3882
27.204328079372566 40.2631
27.22723524226965 40.2792
27.250143514198573 40.3479
27.273231880156334 40.2663
27.296142382065014 39.9784
27.319053996245536 40.058
27.341966723775965 40.0682
27.365059584515222 40.2058
27.38797455070062 40.0511
27.410890633481237 39.9238
27.433807833936918 39.9516
27.456905206923906 40.0913
27.47982465472398 40.1286
27.502745223449743 40.0872
27.525666914182825 40.1303
27.548768816912457 40.023
27.571692763693633 40.1881
27.59461783573812 40.0368
27.617723149491244 39.9207
27.640650484125285 39.8054
27.66357894728264 39.9232
27.686508540048052 39.9609
27.709618414237887 39.7232
27.732550278321757 39.617
27.755483275279115 39.5463
27.778417406196485 39.5816
27.801531858397514 39.5474
27.824468269376716 39.5268
27.847405817586786 39.5423
27.870344504116094 39.5842
27.893463551932008 39.6997
27.916404527281053 39.8176
27.93934664422563 39.869
27.962289903855886 39.8939
27.98541356491974 40.0584
28.00835912214229 40.1162
28.03130582533231 40.3045
28.054253675581805 40.4253
28.077381967556104 40.5851
28.100332124185126 40.4635
28.123283431160893 40.4576
28.146235889577238 40.4322
28.169368830154156 40.2395
28.192323603752033 40.0696
28.215279532083304 39.7011
28.238415973016764 39.6301
28.261374223145094 39.6152
28.284333631303806 39.3647
28.307294198589954 39.3316
28.330435319167677 38.9397
28.353398217078915 38.6768
28.376362277420153 38.4722
28.39932750129032 38.2557
28.422473319286713 38.1169
28.44544088262495 37.994
28.468409612800283 37.897
28.491379510913497 37.7021
28.51453004413313 37.5016
28.53750229057244 37.4702
28.56047570826344 37.4657
28.583450298308804 37.5422
28.606605564586562 37.3447
28.629582511831156 37.2481
28.65256063474956 37.0937
28.675539934446338 37.2383
28.698699951647605 37.2154
28.72168161743193 36.9402
28.74466446331978 37.0737
28.767648490417624 36.8801
28.790813276438353 36.8789
28.813799678527303 36.9627
28.836787265157085 36.8367
28.859955641890075 36.8168
28.882945610203045 36.7729
28.905936766392035 36.7831
28.928929111566863 36.8457
28.952102288520145 36.6927
28.975097024308607 36.7601
28.998092952423807 36.5998
29.021090073977508 36.4727
29.04426806913204 36.4079
29.067267590245258 36.2359
29.090268308143695 36.1681
29.11327022394099 36.1056
29.13645305530891 36.0829
29.159457379627167 35.9861
29.18246290519685 35.8821
29.20546963313352 35.7777
29.22865731875826 35.8277
29.25166646419296 35.8129
29.27467681535305 35.6302
29.29768837335608 35.8147
29.320880931312562 35.7717
29.34389491580634 35.6925
29.366910110507334 35.6816
29.38992651653503 35.6107
29.41312396492981 35.5949
29.436142806456754 35.4986
29.45916286268059 35.4936
29.48236399319994 35.4469
29.50538649169417 35.3037
29.528410208259935 35.2054
29.55143514402014 35.0644
29.574641196749695 34.9827
29.597668583816574 34.7548
29.6206971934585 34.5965
29.64372702680042 34.6008
29.666938019934474 34.4682
29.689970313635285 34.3854
29.713003834422636 34.4045
29.73603858342347 34.4331
29.759254535188578 34.3185
29.78229175361658 34.2715
29.80533020365064 34.3701
29.82836988641968 34.2467
29.85159081507472 34.2251
29.874632976355343 34.1137
29.89767637376955 34.1338
29.920721008448314 33.9028
29.9439469322847 34.0982
29.96699405457564 33.9221
29.9900424175358 33.9163
30.013092022298157 33.8574
30.03632295963995 33.7897
30.059375061131373 33.9292
30.08242840783577 33.9884
30.105483000888153 33.8402
30.128718970092244 33.7229
30.151776069006917 33.8005
30.17483441768648 33.738
30.198074175317235 33.728
30.221135036724256 33.7295
30.24419715131772 33.7379
30.267260520236203 33.6369
30.290505341942243 33.7644
30.313571232750228 33.7236
30.336638381310948 33.8118
30.35970678876503 33.7856
30.38295669299435 33.6865
30.40602763151657 33.6482
30.429099832366074 33.5331
30.452173296685572 33.4915
30.47542830191959 33.5038
30.498504306502497 33.3908
30.521581577995562 33.4036
30.544660117543582 33.4438
30.56792024229725 33.510999999999996
30.59100133132069 33.4361
30.614083691845494 33.4313
30.637167325018545 33.5111
30.660432587840603 33.5287
30.683518779717886 33.4549
30.70660624769615 33.6135
30.729694992924372 33.5646
30.75296541239743 33.5446
30.77605672557558 33.5846
30.799149319462742 33.5068
30.8224236211637 33.3487
30.845518789950724 33.2936
30.868615242910597 33.3911
30.891712981195973 33.0586
30.91499247215866 33.0754
30.938092794619365 32.9089
30.96119440587579 32.8312
30.984297307082752 32.7112
31.00758200598383 32.7086
31.030687500658694 32.6288
31.053794288760695 32.5711
31.076902371446767 32.3838
31.100192296997445 32.4582
31.12330298246119 32.3755
31.14641496599209 32.3365
31.169528248749216 32.3361
31.19282341969534 32.268
31.215939314557186 32.3379
31.239056512134788 32.2767
31.262175013589378 32.227
31.28547544871168 32.1788
31.30859657161541 32.1061
31.331719001892175 32.1373
31.35484274070538 32.2037
31.378148458819545 32.2536
31.401274828443725 32.1143
31.424402510106933 32.1642
31.447712205419993 32.2028
31.470842524931633 32.0601
31.493974159989783 32.1122
31.51710711176168 32.1143
31.54042212308802 32.1128
31.563557722100917 32.0592
31.586694641341655 31.9608
31.609832881979628 31.9137
31.63315322823208 31.7675
31.656294125521327 31.6715
31.679436347728515 31.6016
31.70257989602529 31.5706
31.725905596152327 31.52
31.74905181052835 31.4863
31.772199354521323 31.4907
31.79534822930507 31.5162
31.818679302290967 31.4948
31.84183085259981 31.465999999999998
31.864983737233473 31.4462
31.88813795736804 31.4924
31.911474422233013 31.267
31.934631327356435 31.4113
31.9577895715215 31.3416
31.980949155906522 31.351999999999997
32.004291031706956 31.2698
32.027453310562606 31.281
32.05061693318573 31.1215
32.07396288236386 31.0729
32.09712920658542 31.0358
32.12029687812702 30.8311
32.14346589817093 30.9025
32.166817291729984 30.8287
32.18998902288583 30.7283
32.21316210610336 30.7206
32.23633654256711 30.5687
32.259693399663725 30.5135
32.282870556771144 30.4371
32.30604907069099 30.5162
32.329228942610065 30.4171
32.35259128243769 30.2058
32.375773884550505 30.1751
32.398957848235646 30.166
32.422143174682176 30.18
32.445511016471215 29.9563
32.468699082679954 29.9835
32.49188851523011 29.9642
32.51507931531304 29.8962
32.538452678331 29.9239
32.56164622776311 29.8149
32.58484114831493 29.6803
32.60803744118015 29.7419
32.631416344731896 29.7074
32.654615396551876 29.7141
32.67781582427913 29.7027
32.701198898634416 29.5944
32.72440209253756 29.4784
32.747606665947124 29.4946
32.77081262006088 29.423000000000002
32.79420126883317 29.3902
32.81740999876112 29.3537
32.840620112999424 29.3091
32.86383161274818 29.3398
32.88722585534586 29.2498
32.91044014056596 29.2812
32.933655814909734 29.2222
32.95687287957963 29.2408
32.98027273544904 29.147
33.00349259526636 29.0684
33.026713849030116 29.1915
33.04993649794511 29.0958
33.073341986570746 28.9807
33.09656744032826 28.9659
33.11979429286444 28.9247
33.14302254538647 29.0069
33.166433686291185 28.9523
33.18966475336992 28.7986
33.212897224069096 28.6991
33.23613109959831 28.8188
33.259547912343415 28.7247
33.2827846121627 28.8567
33.306022720453775 28.6997
33.32926223842861 28.578000000000003
33.352684742614166 28.6835
33.37592709463173 28.6413
33.399170859982064 28.4862
33.422597648419426 28.4071
33.44584425514446 28.2483
33.46909227885668 28.333000000000002
33.4923417207723 28.180999999999997
33.51577423505344 28.2448
33.539026528130385 28.1263
33.56228024307245 28.0532
33.585535381098246 28.0306
33.60897364093058 27.929000000000002
33.63223163992385 27.9144
33.6554910656699 27.7978
33.678751919389796 27.7534
33.702195944520106 27.6552
33.72545966903325 27.7057
33.74872482519663 27.6456
33.771991414233746 27.6227
33.79544122444841 27.6144
33.81871069412428 27.5718
33.84198160035767 27.5738
33.86525394437455 27.5225
33.88870955949969 27.4586
33.911984794020626 27.4622
33.93526147001624 27.3742
33.958539588715006 27.4243
33.98200102861669 27.3059
34.0052820477047 27.2601
34.02856451319451 27.1878
34.05203033759056 27.1974
34.07531571090147 27.1606
34.09860253431845 27.0729
34.121890809074316 27.0046
34.145362493118924 26.9913
34.16865368561615 26.9539
34.191946333164054 26.8766
34.21524043699793 26.9223
34.23871800066799 26.7927
34.26201503218366 26.7491
34.28531352370466 26.7515
34.30861347646881 26.678
34.33209693978188 26.6928
34.3553998301885 26.6499
34.378704185565205 26.5103
34.402010007152356 26.4127
34.42549939016683 26.4857
34.44880815937748 26.33
34.472118398533134 26.4089
34.49543010887669 26.3122
34.51892543169198 26.2455
34.54224009966052 26.2227
34.56555624255917 26.2476
34.58887386163339 26.0662
34.61237514439016 26.1027
34.6356957311114 26.0407
34.65901779775809 26.058000000000003
34.68252356662995 25.973000000000003
34.705848608458616 25.989
34.72917513396849 25.8521
34.75250314440949 25.8372
34.77601490857862 25.7496
34.799345904259795 25.752
34.82267838863559 25.7372
34.846012362958525 25.7016
34.869530142679984 25.7352
34.89286711232212 25.6011
34.91620557568269 25.6709
34.93954553401677 25.6566
34.9630693495876 25.596999999999998
34.986412313340814 25.605
35.00975677584668 25.5418
35.033102738362956 25.4286
35.05663261012228 25.3548
35.0799815881786 25.4258
35.10333207003229 25.353
35.12668405694369 25.3237
35.150220005273056 25.2807
35.17357501786656 25.2322
35.19693153931268 25.2305
35.220289570874385 25.1676
35.24383161619786 25.230999999999998
35.267192683604904 25.2629
35.290555264930376 25.1341
35.314101899412165 25.0889
35.33746752422433 25.0703
35.36083466676374 25.0371
35.38420332829803 24.9741
35.407756095629054 25.0462
35.43112781085063 25.0163
35.45450104888391 24.9068
35.477875810999194 25.0098
35.50143473172161 24.8583
35.52481255774625 24.9105
35.54819191167777 24.8092
35.57157279478914 24.8232
35.595137889488406 24.7152
35.61852184675279 24.7413
35.641907337029984 24.6471
35.665294361595684 24.5934
35.68886565090076 24.5419
35.7122557598848 24.4867
35.73564740699838 24.4783
35.759040593519934 24.3924
35.78261809810353 24.3269
35.80601437933051 24.3191
35.829412203814705 24.3033
35.85281157283719 24.3047
35.876395313415884 24.3076
35.8997977874528 24.1777
35.92320180988546 24.1704
35.946790244133936 24.1229
35.97019737933222 24.0881
35.993606066789866 24.0748
36.01701630779276 24.0004
36.04061101440684 23.9925
36.06402437852291 23.9572
36.08743930005611 23.926
36.1108557802951 23.8655
36.13445678011326 23.8966
36.15787639383515 23.7896
36.18129757014299 23.7955
36.20472031032821 23.7562
36.22832762423364 23.7161
36.25175350829375 23.744
36.275180960119776 23.5796
36.298609981005924 23.7113
36.32222362992669 23.705
36.34565580510207 23.5925
36.36908955323448 23.5637
36.39252487562093 23.4692
36.416144880530226 23.4258
36.43958336764275 23.4132
36.463023432914625 23.3732
36.486465077645676 23.2931
36.51009145956204 23.3209
36.53353627947859 23.3721
36.55698268276811 23.3379
36.58043067073321 23.2716
36.60406345072071 23.0875
36.62751462435344 23.0982
36.65096738658405 23.0988
36.67460498210655 23.055
36.69806093788647 23.1448
36.72151848619297 22.997
36.744977628333636 22.9782
36.76862165890998 22.8855
36.79208400512205 22.886999999999997
36.81554794910557 22.9451
36.83901349217101 22.7607
36.862663978991606 22.758000000000003
36.88613273667352 22.7515
36.90960309738324 22.7035
36.933075062434064 22.7095
36.95673202673572 22.6644
36.98020721697122 22.5608
37.003684015502365 22.5314
37.027162423645365 22.471999999999998
37.050825886711465 22.4845
37.07430753063053 22.4537
37.09779078812467 22.4268
37.121275660513014 22.4017
37.144945643673694 22.3034
37.16843376245278 22.3621
37.19192350009803 22.3316
37.215414857931435 22.2462
37.239091382563885 22.2288
37.262585997426164 22.1638
37.28608223645736 22.1754
37.309763684451696 22.1234
37.33326318851098 22.1223
37.356764320726555 22.0643
37.380267082425526 22.0773
37.40395510942588 22.0011
37.42746114683234 21.9674
37.45096881771841 21.8893
37.474478123414166 21.9073
37.49817275092816 21.886
37.52168534303452 21.8373
37.54519957395567 21.745
37.568715445024665 21.785
37.592416694607714 21.735
37.61593586281424 21.6564
37.63945667518264 21.714000000000002
37.66297913304891 21.5684
37.68668702630454 21.6306
37.710212792059274 21.491
37.733740207334854 21.4618
37.757269273470364 21.4321
37.780983832050374 21.4477
37.80451621684926 21.4
37.82805025654007 21.3786
37.851585952464795 21.3153
37.8753071980695 21.2039
37.89884622345676 21.1595
37.92238690911902 21.158
37.94611318753442 21.168000000000003
37.969657210779765 21.1522
37.99320289834801 21.1873
38.016750251586465 21.0607
38.04048325513017 21.0854
38.06403395679343 21.0431
38.087586328183946 20.9716
38.11114037065203 20.9588
38.13488012115898 20.9439
38.1584375229181 20.8179
38.181996599821 20.7385
38.205557353221124 20.787
38.229303872575656 20.7859
38.2528679961576 20.8082
38.27643380031219 20.7758
38.30000128639589 20.7014
38.32375459653193 20.6249
38.34732546371299 20.6137
38.37089801690786 20.559
38.39447225747609 20.5803
38.418232380377425 20.5025
38.441810012983396 20.4522
38.46538933705673 20.4853
38.488970353960084 20.4723
38.51273731166058 20.4009
38.536321731567014 20.339000000000002
38.55990784840681 20.3407
38.58367995004091 20.2516
38.60726947812959 20.182000000000002
38.63086070726198 20.2997
38.654453638806274 20.248
38.678232613930824 20.1151
38.70182896773327 20.0811
38.72542702806741 20.1038
38.7490267963045 20.0701
38.77281266709232 20.0881
38.79641586862214 20.0788
38.8200207821842 19.9887
38.843627409152944 20.0055
38.86742019782782 19.9031
38.891030269149255 19.8986
38.914642058016156 19.8243
38.938255565806124 19.7579
38.96205529464307 19.7798
38.98567225787121 19.8037
39.00929094417078 19.7101
39.03291135492255 19.7574
39.05671804624804 19.6715
39.080341923549106 19.6763
39.103967529460334 19.5353
39.127594865365744 19.5279
39.15140854155791 19.4703
39.17503935514948 19.5248
39.19867190290282 19.4895
39.22249083587951 19.4083
39.24612686969409 19.3922
39.269764641845306 19.4115
39.293404153722804 19.3516
39.317230110864074 19.288
39.34087311998506 19.2758
39.36451787301696 19.2324
39.388164371352595 19.1655
39.41199737518003 19.1364
39.43564738196752 19.1511
39.45929913825317 19.1351
39.48295264543308 19.1387
39.506792718520884 18.9953
39.530449745387216 19.0493
39.55410852735203 18.9945
39.57776906581474 19.0057
39.60161623079 19.0063
39.625280300200025 18.9268
39.64894613032202 18.8719
39.67261372255866 18.8912
39.6964680021016 18.8569
39.72013913657293 18.8372
39.74381203738292 18.7375
39.76748670593756 18.7617
39.79134812278169 18.621
39.81502634488497 18.6928
39.83870633896685 18.6877
39.862388106436654 18.6112
39.88625668336918 18.6111
39.90994201572829 18.5722
39.933629125719285 18.5174
39.957503091207826 18.5393
39.9811937746168 18.5126
40.00488623990914 18.4965
40.02858048850006 18.4414
40.05246165409549 18.4176
40.076159487492085 18.3461
40.099859108448875 18.3704
40.123560518384345 18.3478
40.1474489070226 18.2706
40.171153913178564 18.2618
40.194860712584955 18.2172
40.2185693066637 18.2253
40.242464941335314 18.1667
40.26617714307655 18.1354
40.289891143772046 18.1108
40.3136069448471 18.085
40.33750984859743 18.1311
40.3612292688043 18.0273
40.3849504936829 17.9696
40.40867352466194 18.0105
40.43258372059144 17.9558
40.45631038219906 18.0001
40.48003885420956 17.8675
40.503769138055105 17.9028
40.52768664931955 17.8547
40.55142057531802 17.8168
40.57515631746428 17.7674
40.599079334038514 17.7141
40.62281872700477 17.6746
40.64655994043941 17.623
40.67030297578061 17.6643
40.69423334835778 17.6332
40.71798004609188 17.5721
40.74172857006355 17.5317
40.76547892171441 17.5037
40.7894166736039 17.5143
40.813170699248566 17.4598
40.83692655691388 17.4923
40.86068424804498 17.4281
40.884629402612525 17.4256
40.908390779366385 17.4207
40.932153993938 17.3435
40.95591904777605 17.2882
40.979871628443995 17.2701
41.003640379561936 17.289
41.02741097430883 17.3083
41.05118341413683 17.2331
41.075143444384416 17.1796
41.098919593177826 17.1744
41.1226975914255 17.1119
41.14647744058318 17.1127
41.170444943946755 17.070999999999998
41.19422851378379 17.0002
41.218013938914645 16.9439
41.24198706625173 16.9192
41.26577622087193 16.9373
41.289567235177785 16.9099
41.31336011063129 16.8499
41.337340752422875 16.8784
41.361137369129835 16.8641
41.38493585138705 16.8262
41.40873620066004 16.7605
41.43272438060107 16.7383
41.45652848292052 16.6637
41.48033445666918 16.6421
41.50414230331616 16.6872
41.528138045159764 16.6812
41.551949656675205 16.5357
41.575763145513235 16.5591
41.59957851314666 16.5096
41.62358184070442 16.5001
41.64740098505737 16.5092
41.6712220126409 16.4576
41.69504492493139 16.4444
41.71905586207357 16.4117
41.74288256296395 16.4383
41.766711153007456 16.3551
41.79054163368412 16.3179
41.814560204340054 16.2703
41.838394485526365 16.2503
41.86223066180303 16.1938
41.88625497706819 16.2196
41.910094962812 16.1593
41.93393684811168 16.1663
41.95778063445365 16.1456
41.981812625263366 16.1511
42.00566023303407 16.1007
42.029509746323676 16.0836
42.05336116662236 16.0205
42.077400857069705 16.0215
42.10125611078846 16.0167
42.12511327600405 15.9498
42.14897235421036 15.9074
42.173019768448455 15.8886
42.19688269209613 15.8552
42.22074753323349 15.8762
42.24461429335818 15.8227
42.268669455600495 15.7721
42.292540073217886 15.7865
42.31641261433284 15.7333
42.34028708044675 15.7197
42.36435001496739 15.6987
42.38822835065557 15.6552
42.41210861586426 15.6455
42.4359908120986 15.6127
42.46006154323262 15.5975
42.48394762115317 15.5238
42.507835634632315 15.5869
42.531912233047436 15.4831
42.55580413732265 15.4843
42.579697981698 15.4857
42.60359376768525 15.4251
42.62767820545945 15.3854
42.65157789440821 15.399000000000001
42.67547952952185 15.3824
42.699383112316 15.3944
42.72347541395347 15.2719
42.74738291190531 15.2715
42.771292362102166 15.2741
42.795203766063516 15.2143
42.819303956130405 15.1625
42.843219287476536 15.1195
42.86713657716324 15.1312
42.89105582671383 15.1118
42.91516392983864 15.1138
42.939087119032166 15.0924
42.963012272677304 15.0693
42.98693939230129 14.9794
43.01105543317513 14.9989
43.034986504731386 14.9765
43.05891954686589 14.9408
43.08285456110972 14.9347
43.10697856448665 14.905
43.130917542983475 14.8325
43.15485849820081 14.8182
43.17880143167367 14.8099
43.20293342237094 14.7816
43.226880332449 14.7311
43.25082922540554 14.7553
43.27496722682525 14.709000000000001
43.29892010567796 14.706
43.32287497204102 14.6443
43.34683182745632 14.6585
43.370977859791836 14.5801
43.39493871351105 14.5405
43.41890156092628 14.530999999999999
43.44286640358341 14.5243
43.46702049182749 14.5401
43.49098934522816 14.4675
43.51496019852649 14.4253
43.5389330532723 14.3913
43.56309522248204 14.3934
43.58707210044314 14.3895
43.61105098451946 14.34
43.63503187626491 14.2656
43.659202151562134 14.3027
43.68318707902681 14.267999999999999
43.70717401884041 14.2551
43.731162972560874 14.1961
43.75534137913236 14.195
43.779334381108384 14.1689
43.803329401683186 14.1516
43.82732644241872 14.1593
43.8515130055166 14.1276
43.87551410707659 14.0613
43.89951723350145 14.1078
43.923709934595614 13.9786
43.94771713129917 13.950999999999999
43.97172635758096 13.968
43.99573761501002 13.9629
44.0199385169922 13.9914
44.04395385732619 13.9131
44.067971233533086 13.9173
44.09199064718605 13.8919
44.11619977548961 13.8373
44.14022328470671 13.8345
44.16424883610785 13.8115
44.18827643127035 13.7566
44.21249381139513 13.7338
44.236525514814076 13.7117
44.26055926674478 13.6968
44.28459506876863 13.7345
44.3088207262813 13.651
44.33286064928722 13.5883
44.35690262714919 13.5998
44.38094666145278 13.5542
44.4051806219871 13.5573
44.42922879003185 13.5045
44.45327901929361 13.5107
44.477331311362136 13.5659
44.501573600619416 13.4521
44.525630039221795 13.4203
44.54968854541895 13.4185
44.573937102200176 13.3914
44.5979997645541 13.3692
44.622064499300315 13.3111
44.64613130803592 13.2607
44.67038823869318 13.2435
44.69445921643748 13.2154
44.718532272981385 13.2171
44.742607409926194 13.2624
44.76687274034801 13.2805
44.79095205918753 13.1861
44.81503346325094 13.1583
44.839116954143876 13.1204
44.86339071028742 13.1026
44.88747839599524 13.0778
44.91156817336837 13.0255
44.93566004401666 13.0303
44.959942251908146 12.9845
44.984038330325966 12.947000000000001
45.00813650686762 12.9224
45.03223678314731 12.914000000000001
45.05652746888232 12.9038
45.08063196592069 12.8476
45.104738567558705 12.8373
45.128847275414856 12.809000000000001
45.15314646515866 12.7673
45.17725940679741 12.843
45.20137445952892 12.7701
45.22568004865265 12.7705
45.24979934496396 12.787
45.27392075725247 12.7406
45.29804428714431 12.6849
45.322358426247604 12.6717
45.346486212804315 12.6162
45.370616121861914 12.6547
45.39474815505086 12.6299
45.41907087049246 12.5861
45.4432071734666 12.582
45.46734560548283 12.5683
45.49148616817604 12.5515
45.51581748638564 12.4966
45.5399623320197 12.4399
45.56410931325473 12.4573
45.58825843173002 12.4362
45.61259837920865 12.4107
45.636751793816 12.3998
45.66090735060093 12.3415
45.68506505120716 12.334000000000001
45.7094136545275 12.3058
45.73357566449271 12.2833
45.75773982322992 12.2755
45.78190613238733 12.2318
45.806263418194064 12.2202
45.83043404997326 12.2189
45.85460683713677 12.2103
45.87897065658495 12.1576
45.90314777634752 12.1487
45.92732705646868 12.136
45.9515084986045 12.0822
45.97588104735473 12.1003
46.00006683541565 12.0616
46.02425479047904 12.0353
46.04844491420549 12.0348
46.0728262191024 12.0318
46.09702070211635 11.9969
46.12121735879483 11.9265
46.14541619080294 11.9206
46.169806278764455 11.9294
46.194009483459034 11.9583
46.21821486849841 11.8543
46.24242243555223 11.8145
46.266821333570014 11.7751
46.29103328674601 11.7693
46.31524742696538 11.7627
46.33946375590237 11.7599
46.36387149104216 11.722000000000001
46.38809221957392 11.6753
46.41231514186606 11.6951
46.436540259597464 11.6711
46.460956858999374 11.616
46.48518638983522 11.6104
46.509418121166966 11.5983
46.533652054678114 11.6161
46.55807754555709 11.5319
46.58231590571962 11.4793
46.60655647313217 11.4911
46.630988654873654 11.4855
46.655233659129024 11.4256
46.67948087571551 11.4229
46.70373030632484 11.4362
46.72817142736393 11.4019
46.752425308428684 11.3754
46.77668140861147 11.3776
46.80093972960865 11.3309
46.82538981736788 11.2929
46.849652602470904 11.2596
46.87391761349769 11.2423
46.8981848521493 11.2847
46.9226439341274 11.2229
46.946915650573224 11.1911
46.97118959976749 11.1994
46.99546578341598 11.1455
47.019933887188216 11.1361
47.04421456235744 11.1357
47.06849747711879 11.1215
47.09278263318286 11.0658
47.11725978640143 11.0713
47.14154944775105 11.0134
47.165841355555656 10.978
47.1901355115306 11.0359
47.214621741924994 11.0029
47.23892041698887 11.0181
47.26322134538975 10.9241
47.28771440635075 10.9078
47.31201986422527 10.9359
47.33632758061436 10.8932
47.360637557241866 10.8641
47.38513974410611 10.8519
47.40945426407847 10.8235
47.43377104948137 10.7639
47.45809010204344 10.7727
47.48260144275502 10.7544
47.506925052572285 10.7347
47.53125093475548 10.7158
47.55557909103813 10.6725
47.58009961361992 10.6956
47.60443234110732 10.6558
47.62876734791564 10.6558
47.65310463578333 10.6602
47.6776343683373 10.6032
47.7019762413987 10.5702
47.72632040075572 10.5875
47.75066684815169 10.5908
47.77520581885936 10.5434
47.799556865477655 10.5004
47.823910205386 10.5066
47.84826584033272 10.488
47.87281407745551 10.4285
47.89717432569297 10.4405
47.92153687423484 10.4666
47.94609208429692 10.3959
47.97045925671401 10.3825
47.99482873471275 10.3793
48.01920052005013 10.3455
48.04376504619224 10.3229
48.068141469543484 10.3416
48.09252020552573 10.2629
48.11690125590099 10.247
48.1414751266064 10.241
48.16586082917454 10.2334
48.19024885144316 10.2181
48.2146391951793 10.1721
48.239222439012764 10.1856
48.26361744916137 10.1421
48.28801478610016 10.1634
48.31241445160131 10.119
48.337007097209366 10.1032
48.36141144338331 10.0839
48.38581812345755 10.095
48.41022713920929 10.0584
48.434829215320704 10.0369
48.45924292604658 10.0135
48.48365897780325 10.0227
48.50807737237308 9.95081
48.532688907799276 9.98212
48.55711201168574 9.961739999999999
48.581537463754074 9.9249
48.60615611725119 9.94045
48.63058628942721 9.89542
48.65501881516546 9.84654
48.6794536962573 9.84167
48.70408185970339 9.8135
48.72852147531801 9.7759
48.75296345168211 9.781080000000001
48.77740779059232 9.78572
48.80204549302823 9.79214
48.82649458091802 9.76768
48.85094603676547 9.743889999999999
48.87539986237231 9.69262
48.90004713292306 9.685089999999999
48.92450572200832 9.65583
48.94896668628025 9.66911
48.97343002754588 9.64137
48.99808689542115 9.62903
49.02255501470614 9.61254
49.04702551642794 9.54645
49.0714984023988 9.52693
49.096164896893235 9.548760000000001
49.120642575466796 9.472430000000001
49.145122643748394 9.470180000000001
49.16960510355558 9.44305
49.19428125404938 9.48002
49.2187685210852 9.42451
49.243258185121555 9.43501
49.26794160167084 9.42329
49.2924360839405 9.41272
49.31693296869764 9.39585
49.34143225776915 9.34816
49.36612538195438 9.37247
49.39062950396021 9.305489999999999
49.41513603578346 9.28513
49.4396449792564 9.31666
49.46434784069503 9.27731
49.488861631846454 9.25565
49.513377840166804 9.19714
49.537896467493745 9.20289
49.56260909589029 9.16656
49.587132585683285 9.17884
49.611658500018365 9.16344
49.636186840738596 9.122810000000001
49.66090926588511 9.14507
49.685442483902584 9.124080000000001
49.70997813385706 9.08109
49.734516217597076 9.07502
49.75924846937352 9.086039999999999
49.7837914452858 9.05494
49.80833686055187 8.9838
49.83288471702571 8.99129
49.85762682540054 8.98761
49.882179588965734 8.984869999999999
49.9067347993235 8.93357
49.93129245833333 8.94416
49.95604445336378 8.94
49.98060703442832 8.90165
50.005172069746266 8.87827
50.02993150438364 8.8807
50.05450147301533 8.83175
50.07907390151433 8.847719999999999
50.10364879174981 8.8316
50.12841816587289 8.80297
50.1529980044635 8.77685
50.17758031042124 8.762789999999999
50.20216508562089 8.770710000000001
50.22694442953363 8.72415
50.25153416817468 8.72067
50.27612638170508 8.71828
50.300721072005196 8.64837
50.325510416102105 8.66232
50.350110084975064 8.64547
50.37471223628208 8.63524
50.39931687190919 8.59838
50.424116246675766 8.571060000000001
50.44872587605249 8.57484
50.47333799543065 8.56917
50.49795260670191 8.56054
50.52276204271512 8.54735
50.54738166295838 8.5303
50.57200378079314 8.54146
50.596628398116835 8.48509
50.62144792604559 8.47146
50.646077567609396 8.448960000000001
50.670709714377715 8.447980000000001
50.69553683636198 8.43491
50.72017401885922 8.39904
50.7448137122895 8.4099
50.76945591856022 8.380930000000001
50.79429318636823 8.35571
50.818940443716784 8.35891
50.84359021965163 8.33667
50.868242516085964 8.29727
50.893089960641895 8.28305
50.917747323549435 8.27515
50.94240721271973 8.24283
50.96706963007175 8.193439999999999
50.99192728239342 8.21129
51.01659478166073 8.18248
51.04126481489051 8.17273
51.06593738400761 8.20181
51.090805275207074 8.160730000000001
51.11548294172845 8.12884
51.14016314993547 8.13785
51.164845901758845 8.1204
51.18972406304274 8.09601
51.21441192780656 8.04192
51.23910234200271 8.03938
51.2637953075678 8.05874
51.288683770237945 8.03582
51.31338186432707 7.9937
51.33808251561888 7.9832600000000005
51.362978729967345 8.01515
51.387684521509755 7.95785
51.41239287610203 7.923939999999999
51.437103795691165 7.94105
51.46201036644977 7.920560000000001
51.486726441956634 7.89507
51.51144508832545 7.84888
51.536166307509156 7.88598
51.56108326624387 7.84668
51.58580965706056 7.81535
51.61053862657523 7.784089999999999
51.635270176746864 7.74978
51.66019755512065 7.73005
51.68493429268881 7.7328
51.70967361681515 7.76651
51.73441552946465 7.76405
51.759353359237934 7.72617
51.7841004750961 7.690360000000001
51.80885018539685 7.68933
51.833602492111254 7.666910000000001
51.8585508051424 7.639060000000001
51.883308330926425 7.62515
51.90806845906181 7.59172
51.932831191525715 7.635619999999999
51.95779001977161 7.5789100000000005
51.98255798721516 7.60434
52.00732856494335 7.5566699999999996
52.03229530577543 7.569260000000001
52.057071130455945 7.55233
52.081849571391054 7.537439999999999
52.106630630568695 7.4825
52.13160794279417 7.493810000000001
52.15639426492067 7.49166
52.18118321127822 7.451039999999999
52.205974783860896 7.4098
52.23096269971011 7.43215
52.255759551287994 7.423889999999999
52.280559035098186 7.391369999999999
52.30536115314103 7.3566899999999995
52.33035970494467 7.375539999999999
52.35516711807904 7.357410000000001
52.37997717147198 7.33138
52.40478986713005 7.315180000000001
52.42979908731974 7.32227
52.454617094216 7.282310000000001
52.47943774942214 7.2740100000000005
52.50426105495102 7.25046
52.529280976059844 7.204439999999999
52.554109609024096 7.2209699999999994
52.57894089837482 7.21382
52.60377484613117 7.20366
52.62880550079408 7.20177
52.65364479223379 7.1145
52.67848674816189 7.1330100000000005
52.70352547971946 7.137339999999999
52.72837279155837 7.12918
52.753222773982785 7.110119999999999
52.778075429022984 7.0962
52.80312495150885 7.101380000000001
52.827982978797436 7.05848
52.85284368481815 7.03325
52.87770707160767 7.03291
52.90276741793998 7.026560000000001
52.92763619336701 7.02062
52.952507655698504 7.01238
52.977381806977576 6.958410000000001
53.00245301017842 6.96785
53.02733256653592 6.98155
53.052214817996074 6.940519999999999
53.077099766608484 6.93398
53.102181859804446 6.908110000000001
53.127072229988265 6.9142
53.15196530349892 6.84895
53.17686108239249 6.88311
53.20195409881522 6.833130000000001
53.22685531582556 6.79967
53.25175924441303 6.746160000000001
53.27666588664027 6.77332
53.30176985962693 6.79535
53.3266819565689 6.772
53.35159677336455 6.774960000000001
53.376514312083096 6.73556
53.40162927507703 6.73177
53.42655228516116 6.69959
53.45147802340193 6.6688
53.47660125628886 6.69446
53.50153247842639 6.6478399999999995
53.52646643496923 6.66115
53.55140312799818 6.6276600000000006
53.576537409691696 6.59324
53.60147960336152 6.631
53.626424539786164 6.599710000000001
53.65137222105307 6.6097399999999995
53.67651758529126 6.54486
53.70147078399681 6.54453
53.72642673383343 6.559
53.75138543689533 6.51471
53.776541917524526 6.51814
53.801506154876755 6.46119
53.826473151763246 6.46645
53.851442910284916 6.48231
53.87661054126026 6.44846
53.9015858509782 6.42448
53.92656392866066 6.40521
53.95154477641532 6.40205
53.976723591801296 6.3692
54.00171000771266 6.34195
54.02669920004598 6.34059
54.051691170915745 6.3274300000000006
54.076881204886796 6.30158
54.101878760928514 6.28627
54.12687910187696 6.30209
54.152077577768296 6.28607
54.1770835166946 6.25191
54.20209224691339 6.24801
54.22710377055121 6.2324
54.25231352511594 6.1679900000000005
54.27733066384342 6.17143
54.30235060239643 6.21052
54.32737334290836 6.1589
54.35259441062629 6.14525
54.377622783395324 6.1435900000000006
54.40265396455061 6.08796
54.42768795623251 6.08713
54.45292037169559 6.04582
54.477960012857906 6.03822
54.50300247099511 6.02838
54.52804774825457 5.99679
54.55329154616743 5.96684
54.57834249018678 6.0378099999999995
54.6033962597977 5.95062
54.6284528571545 5.943980000000001
54.653708072335164 5.87036
54.67877035378786 5.90775
54.70383546947698 5.88244
54.72890342156389 5.8328
54.7541700889442 5.81815
54.77924374251975 5.74395
54.8043202390049 5.73195
54.82959552413022 5.75622
54.8546777351945 5.73327
54.87976279569621 5.73027
54.90485070780914 5.78935
54.930137506558005 5.6921
54.95523115074295 5.62399
54.98032765308844 5.62372
55.005427015775496 5.66061
55.03072536339621 5.59176
55.05583047570572 5.54516
55.080938454927676 5.5593699999999995
55.10604930325027 5.5753900000000005
55.131359235107396 5.526680000000001
55.15647585066083 5.4984
55.181595341907496 5.46434
55.20671771104285 5.42323
55.232039262617704 5.43352
55.25716741665048 5.39002
55.28229845518636 5.37308
55.30743238042802 5.307930000000001
55.33276558731939 5.33103
55.357905315183636 5.29061
55.383047936390035 5.27061
55.40819345314859 5.2767
55.433538351073295 5.22203
55.458689688238415 5.21818
55.483843927614096 5.17204
55.509197623043605 5.17028
55.53435769621134 5.16249
55.55952067826466 5.1345
55.5846865714265 5.10305
55.61005202069737 5.05915
55.63522376553902 5.029730000000001
55.66039842818645 5.01187
55.68557601087004 5.062869999999999
55.7109532500271 4.94612
55.73613670233794 4.99008
