TT I
1.2716486653135266 7.018619999999999
1.2939594142134223 6.99447
1.3162702121660406 6.79537
1.3385810600174564 6.45134
1.3608919586137629 6.1126
1.383202908801069 6.67051
1.405513911425503 5.44487
1.4278249673332093 5.932869999999999
1.4501343378461518 5.63152
1.4724455028545926 5.75202
1.4947567236847858 6.32618
1.517068001182951 6.1518
1.5393793361953272 5.71392
1.5616907295681737 5.62718
1.5840021821477681 5.03217
1.60631369478041 4.62363
1.6286252683124185 5.01837
1.6509369035901333 4.86768
1.6732468618895553 5.11494
1.695558623192809 4.65072
1.7178704487808514 5.58971
1.7401823395001077 4.65064
1.7625012545597203 4.85945
1.7848028405262486 4.929209999999999
1.8071218901122095 4.71778
1.8294236121921872 4.39225
1.8517427996910911 4.47687
1.8740620574440425 5.02189
1.8963639900671978 4.58932
1.9186833908139995 4.59347
1.9409854680117449 4.818630000000001
1.9633050151394713 4.71936
1.9856246367570705 4.59535
2.0079269371922672 4.8634699999999995
2.03024671027244 4.78146
2.0525491637446027 4.64834
2.074869091674931 4.72084
2.097171701569106 3.85293
2.1194917877373847 4.44603
2.141811954326636 4.81855
2.164114805233074 4.49867
2.186435135143035 5.33692
2.208738150935709 9.13547
2.231058647554722 15.3889
2.2533792288321184 12.8149
2.275682498336085 8.06771
2.298003251406138 5.14155
2.3203066942619714 4.78863
2.3426276225136022 5.52033
2.3649486396617507 5.81867
2.387252348930071 5.95408
2.4095735463442893 5.72676
2.4318774374315884 5.84019
2.4541988185014043 6.36998
2.476502894794693 6.72071
2.498824462909887 6.900469999999999
2.521146125856138 7.11378
2.5434504863470337 6.966189999999999
2.5657723414244717 7.13426
2.588076895590662 8.012319999999999
2.610398946189713 8.319460000000001
2.6327210958598384 7.71983
2.6550259469304716 7.31048
2.6773482972090137 7.90475
2.6996533504259 8.0752
2.7219759047039602 7.78834
2.744298562293959 8.1388
2.7666039251246595 8.087769999999999
2.7889267918020164 8.37544
2.8112323652516555 7.882219999999999
2.833555444408179 7.97615
2.8558786311183852 8.45123
2.8781845268938557 8.5963
2.9005079311721484 8.818539999999999
2.9228140460410397 8.62918
2.9451376712799635 9.08256
2.967444008632326 9.594289999999999
2.9897678582247247 9.713610000000001
3.0120918213106695 10.4254
3.0343984987899373 10.693
3.0567226913198637 11.2685
3.079029599759726 11.472000000000001
3.101354025127254 12.1601
3.123678568232338 12.264000000000001
3.145985829517914 12.9393
3.16831061055229 13.3895
3.1906181112775593 13.919
3.212943133635653 14.9119
3.2352682779763207 15.1132
3.2575761442691227 14.9691
3.2799015350264273 15.6745
3.302209649240067 15.9821
3.3245352898092655 16.9417
3.3468436553365257 17.1759
3.369169549113219 17.9757
3.3914955708171384 18.3902
3.413804319727358 19.0623
3.4361305997334863 19.0267
3.4584396084414553 19.3276
3.4807661501462652 20.396
3.503092824025881 21.1159
3.5254022288463154 20.6438
3.5477291695206588 21.5794
3.5700388426251948 22.2536
3.5923660534916446 23.2158
3.6146934007816114 30.9815
3.637003482731501 53.4719
3.6593311053109985 58.6327
3.681641464033634 39.4092
3.7039693653009733 27.1809
3.726297407241705 25.4562
3.7486081875460804 25.3646
3.7709365132734978 25.6299
3.793247578841633 26.7218
3.8155761917550093 26.6222
3.8378875459837216 26.6335
3.8602164494827234 27.7691
3.882545499606844 28.1478
3.9048572932539183 28.506999999999998
3.9271866390645718 29.346
3.9494987298666713 29.9069
3.971828374764527 30.5188
3.9941581705403255 30.8471
4.016470713506008 31.3041
4.038800813471445 32.4089
4.061113662089144 32.5909
4.0834440696459176 33.6774
4.105774632334751 33.8963
4.128087945865126 34.4067
4.150418821249301 35.0766
4.172732448931298 36.1554
4.195063640413578 37.1129
4.2173775856475215 40.0392
4.239709096631102 55.94
4.262040768704612 131.851
4.284355196706267 167.263
4.306687193387355 115.367
4.329001947444346 59.2832
4.35133427213731 45.0194
4.373666762177566 43.3533
4.395982011761091 43.9881
4.418314834921175 44.9438
4.44063041906622 49.7081
4.4629635787515625 55.0005
4.4852969080429785 55.4806
4.5076130004776225 52.0458
4.529946671403969 54.3537
4.552263106909177 55.9282
4.574597122877047 54.9812
4.596931312711224 54.36600000000001
4.619248269273446 54.1129
4.6415828092605835 55.0317
4.663900117405352 56.3449
4.686235010953232 57.8123
4.708552674085913 58.3808
4.730887924602802 60.6294
4.753223354952695 62.3491
4.775541557023902 64.8159
4.797877349456786 67.3788
4.820195915032126 68.4796
4.842532072957498 68.8708
4.864868414979744 71.1383
4.88718753227192 74.2295
4.909524244902505 76.2584
4.931843734218147 77.14
4.954180820867835 79.2596
4.976518095879839 82.2762
4.998838149695359 85.29899999999999
5.021175803844231 89.1205
5.043496238205739 92.6278
5.065834274903528 97.2393
5.088172504230693 102.081
5.1104935158799565 109.31299999999999
5.132832132875765 129.341
5.155153533596801 162.369
5.1774925416746225 217.085
5.199814334878411 478.83
5.2221537374521505 1268.1
5.244493338631803 3240.43
5.266815727034316 7871.01
5.289155727832427 12282.5
5.311478517248165 8267.12
5.333818921080011 2771.3
5.356159527788849 578.076
5.3784829252032536 201.217
5.400823940070432 154.293
5.423147747031976 132.491
5.445489173474152 121.794
5.467830807066149 119.204
5.490155234831516 116.788
5.512497285125229 110.82
5.534822130975162 106.038
5.557164601388673 103.363
5.579489868738879 100.37700000000001
5.601832762690846 99.1987
5.6241758697774475 97.8504
5.646501775867269 97.6462
5.668845311622074 96.6251
5.691171647754637 95.6344
5.713515615597765 94.2629
5.735859800852677 93.5918
5.758186788542988 94.7612
5.780531411018185 96.7855
5.802858837297399 96.8
5.825203900414495 96.6119
5.8475491852224 98.75299999999999
5.869877275883075 98.6606
5.892223006467101 97.4356
5.914551544266608 97.662
5.936897724049891 100.509
5.959244129804903 108.676
5.981573344815301 143.566
6.0039202049061 274.185
6.026249875609095 559.7090000000001
6.04859719346037 1110.63
6.070927323278297 2359.06
6.093275102315365 4392.59
6.115623113320588 5474.22
6.137953938319995 3305.33
6.160302415650845 999.988
6.182633708324452 239.703
6.2049826554078376 115.094
6.227331838745022 93.5544
6.249663839443684 85.7507
6.27201349767565 82.3042
6.294345974611799 83.0788
6.316696111167083 87.0552
6.339046488263839 84.3208
6.361379686074702 76.008
6.383730546639482 71.5696
6.406064229255215 69.5105
6.428415576718203 70.4006
6.450749747566656 68.6706
6.47310158535871 66.788
6.495453669698332 66.0074
6.517788579421056 65.2441
6.540141159237969 63.957
6.562476565766648 63.2807
6.5848296444934045 63.3148
6.607182974060425 62.8809
6.6295191323281015 62.9848
6.651872965955752 64.1294
6.6742096296068985 75.7528
6.6965639707294615 97.6247
6.71891856698715 97.2407
6.741255995248479 75.8793
6.763611104154477 63.6993
6.785949046381137 59.8302
6.808304671371482 59.1258
6.8306605557940046 60.3434
6.852999275508618 59.1539
6.875355681171544 57.8258
6.897694923437771 57.1387
6.92005185377892 56.9326
6.9423916220322655 56.4207
6.964749080490181 55.7289
6.987106804399774 56.0912
7.009447368180821 56.1588
7.031805625367033 55.7214
7.054146723727803 55.9394
7.076505517631004 55.2127
7.098864581288365 55.2181
7.121206488070854 55.0759
7.143566093607822 55.2744
7.165908543567245 56.141999999999996
7.188268694426048 56.1556
7.2106291193438095 55.5514
7.232972390625943 55.4506
7.255333366030969 61.8909
7.277677189091925 87.9944
7.300038718428332 108.727
7.322400526130865 95.5447
7.344745183422596 70.4418
7.367107550224791 58.0254
7.389452767901992 55.5769
7.411815697249891 55.0217
7.434161478756298 54.1354
7.456524974096713 54.2664
7.478888753837185 54.31399999999999
7.501235387657368 54.6387
7.523599738562711 54.5866
7.545946944825532 54.7504
7.568311870344528 55.3944
7.5906770845765665 55.9443
7.613025156078678 56.0273
7.635390950099687 56.6072
7.657739602662809 56.4065
7.680105979923558 56.0994
7.702472650212829 56.4884
7.724822180948224 56.5727
7.747189439655568 56.5702
7.769539560075357 56.4833
7.791907410653562 57.0811
7.81425812420825 56.8218
7.836626570110925 56.8046
7.858995315087906 58.0558
7.881346924933401 58.1537
7.903716270417482 58.5992
7.926068482028405 58.5949
7.948438431475253 59.3634
7.9708086843180235 60.0006
7.993161805171116 60.5158
8.015532667162402 61.105
8.037886398416653 62.228
8.060257873014221 62.6975
8.082629655331942 63.4066
8.104984308787587 64.2508
8.127356708900503 66.7735
8.149711981398308 71.0145
8.172085002766314 72.5451
8.194458336181368 70.6298
8.216814543847752 69.3141
8.23918850371002 70.1254
8.26154533906492 70.9475
8.283919928836452 72.4946
8.306277395339652 73.8169
8.328652618483376 75.3268
8.351028159736202 77.03699999999999
8.373386579575245 79.2541
8.395762759396959 81.3634
8.418121819038275 85.1563
8.440498640894003 93.7809
8.462875785192262 107.46700000000001
8.485235811156207 136.89700000000002
8.507613602688501 198.465
8.529974277114228 293.872
8.552352719347912 439.48699999999997
8.574731488360351 717.895
8.59709314210385 1244.03
8.619472567021075 1888.99
8.64183487789147 2216.82
8.664214962183097 1753.58
8.686577933647762 928.192
8.708958680784317 361.106
8.731339760774953 159.21
8.753703729764451 111.07
8.77608547780821 99.5539
8.798450116065078 95.9903
8.820832535634787 93.8267
8.843215292401656 93.0546
8.865580941199045 91.8841
8.887964374703538 91.2734
8.910330701447199 91.4616
8.932714815164482 91.8702
8.955099270424924 89.7588
8.977466620733543 87.3409
8.999851761421976 85.7089
9.022219798361645 84.4981
9.04460562795561 84.6855
9.066991803441677 84.4138
9.089360876979615 84.3385
9.111747746589993 84.2063
9.13411751544971 83.2324
9.156505082664324 82.6879
9.178875550323522 82.6256
9.20126381862328 82.9923
9.223652438908596 83.4642
9.246023961427412 83.3744
9.26841328802173 82.781
9.290785518039224 83.281
9.313175554425882 84.7956
9.335565947154315 85.3293
9.357939245086508 85.7918
9.380330352834827 85.5338
9.40270436697103 85.6968
9.425096193225055 85.1507
9.447488380180165 85.4845
9.469863475295412 85.7819
9.492256385987508 85.8503
9.514632206018318 86.4683
9.537025843935714 86.6285
9.559402392368193 87.4546
9.581796761000229 89.3369
9.604191496441521 90.7175
9.626569144158516 93.2881
9.648964615551032 95.5507
9.671343000390081 95.8639
9.693739211225699 94.7105
9.716135793237463 93.5515
9.738515290448102 94.0359
9.760912617143402 95.6992
9.783292860202891 97.4405
9.805690935076182 99.3275
9.828089385495742 100.325
9.850470754023561 101.751
9.872869957865444 106.40299999999999
9.89525208097539 114.34700000000001
9.917652041736662 123.132
9.940052382417589 132.326
9.962435644102392 161.05
9.984836746950979 210.702
10.007220771957746 275.728
10.029622640473708 382.50300000000004
10.052007432299963 572.85
10.074410069984072 868.22
10.096813093716005 1283.82
10.119199042482517 1717.69
10.141602840636468 1892.12
10.163989564971628 1531.98
10.186394141051062 840.3860000000001
10.208799107559706 367.18199999999996
10.231187001965623 178.547
10.253592751657669 125.257
10.275981430388155 113.301
10.298387966769793 111.163
10.320794897965431 111.046
10.343184759907361 110.15700000000001
10.36559248305461 107.23200000000001
10.387983138083852 107.031
10.410391656691655 115.20299999999999
10.432800574501677 128.067
10.455192425893369 144.49200000000002
10.47760214443012 171.921
10.499994797678786 218.56799999999998
10.522405320453982 299.455
10.54479877906917 411.0
10.567210109595656 518.399
10.5896218454736 566.2919999999999
10.612016518879773 482.11199999999997
10.634429067781074 326.01599999999996
10.656824555333241 189.753
10.679237920773568 119.009
10.701651695961992 95.3099
10.724048411481384 89.6936
10.746463008485165 86.8952
10.768860546937125 85.6702
10.791275969274796 84.1629
10.81369180576079 82.9155
10.836090585366925 81.7372
10.858507252467449 80.2678
10.88090686379991 79.4951
10.903324365036394 79.0032
10.925724811614439 78.5294
10.948143150509463 79.0375
10.970561909719066 78.5572
10.992963615930844 77.2157
11.015383218085756 75.5952
11.037785768347074 73.9593
11.06020621697282 73.0938
11.082627090322113 72.6717
11.105030913430326 71.845
11.12745263854165 71.7471
11.149857314510728 73.0475
11.172279894912576 75.5858
11.194702904450653 75.6735
11.217108866490921 73.2799
11.239532736615194 70.8532
11.26193956033512 69.9804
11.284364294577085 69.0042
11.306789462371718 67.9426
11.329197585398376 67.6297
11.351623622610898 67.4461
11.37403261614354 66.3627
11.396459526308487 66.3169
11.418869393879497 65.8208
11.441297180532617 65.5645
11.463725406927658 65.2966
11.486136592353875 64.9792
11.508565700543707 65.2208
11.530977768845315 66.1995
11.553407762368774 66.3018
11.575838200059769 65.7586
11.598251599479612 64.7532
11.620682927815501 64.0024
11.64309721895548 63.7918
11.665529441478206 63.6709
11.687962112597958 63.2879
11.710377748130886 63.424
11.732811318753434 63.2411
11.755227854859067 63.2477
11.777662328529495 63.2042
11.800079768750786 63.0125
11.822515149015453 62.8241
11.844950984084935 63.5122
11.867369787303163 62.9929
11.889806534289491 62.8639
11.912226250487029 63.4059
11.934663912939751 63.571000000000005
11.9571020346363 63.7728
11.979523127133968 63.6754
12.001962169624331 65.1714
12.024384183972964 67.1312
12.046824150809913 70.9386
12.069264581333726 75.7383
12.091687985297767 81.84899999999999
12.11412934550045 91.4416
12.136553680195208 106.485
12.158995973632788 130.599
12.181438735204349 156.16299999999998
12.20386447284199 183.97
12.226308172985636 202.53099999999998
12.24873485024193 196.635
12.271179492516982 161.248
12.293607112949127 120.868
12.316052700916226 89.3606
12.338498763250042 74.2136
12.360927805303868 67.8122
12.383374818673879 65.5496
12.405804812803074 64.4326
12.428252780773262 64.6057
12.45070122756722 64.4549
12.473132656675375 64.5892
12.49558206341869 64.9129
12.518014453510101 64.9912
12.540464823770117 65.3164
12.562915677315177 65.3148
12.58534951575545 65.7523
12.607801338171472 66.7417
12.630236146511358 69.0204
12.652688941369085 71.5334
12.675124723177234 72.0821
12.697578494048786 71.0888
12.720032754458185 68.6173
12.742470003354093 68.0778
12.764925245138771 68.395
12.787363476431278 68.6203
12.809819703166806 68.9958
12.83227642391173 69.6996
12.854716135692716 70.1532
12.877173846755147 71.5594
12.899614549869717 71.9298
12.9220732548287 72.8452
12.94453245827299 73.6062
12.966974655289818 74.2647
12.989434858002571 75.0663
13.011878055298721 75.7991
13.034339260862497 77.1542
13.056800969391883 78.5299
13.079245674017244 81.3433
13.101708390774869 86.1673
13.12415410463411 95.5332
13.146617833206086 106.82
13.169064559883248 117.90799999999999
13.191529303857127 133.739
13.213994557076367 158.619
13.236442809902437 198.035
13.258909083908291 253.892
13.28135835851934 312.83099999999996
13.30382565690295 375.337
13.326293469022952 424.37699999999995
13.348744283242008 420.13300000000004
13.371213125129904 344.957
13.39366497011003 249.61
13.416134845360597 165.108
13.438605238843131 121.611
13.46105863690397 109.47
13.483530069144786 111.11399999999999
13.505984506951902 116.26100000000001
13.528456981549432 126.867
13.550929978879088 143.494
13.573385983253365 168.53400000000002
13.595860028340867 208.533
13.618317081455832 256.216
13.64079217790333 309.805
13.663250283359057 352.327
13.685726434770173 366.975
13.708203115221277 329.592
13.730662806148091 252.982
13.75314054697177 180.11599999999999
13.775601299246777 125.311
13.798080104050406 96.7345
13.820559442405358 85.3756
13.843021793671388 82.469
13.865502201420897 80.738
13.887965623051947 80.4215
13.910447103807167 79.179
13.932929122629764 77.9325
13.955394156785959 77.5078
13.977877254034569 76.6327
14.000343367582113 75.5446
14.022827546871707 74.9545
14.045294743423524 74.104
14.06778000837062 73.6063
14.090265817715476 73.4627
14.112734645763819 73.1381
14.13522154619454 72.4685
14.157691466286913 72.4847
14.180179461423874 72.4036
14.202668005486178 71.87
14.22513957064374 71.3548
14.247629214846473 70.9595
14.270101881097517 70.8816
14.29259262906496 70.6937
14.315083930490205 70.8557
14.337558255389705 71.0396
14.360050666019726 71.2072
14.382526101071944 70.3678
14.405019624534942 69.9586
14.427513705993134 69.51
14.449990813291825 69.3968
14.47248601302899 69.2425
14.49496423954951 69.3431
14.517460561197822 69.5601
14.539939910570322 69.4193
14.562437357763558 69.7102
14.58493536931253 70.2612
14.607416409993311 70.5864
14.62991555254159 71.3195
14.652397725157423 71.1536
14.674898002342799 71.2952
14.697398848433282 71.3553
14.719882725991326 72.7447
14.74238471217934 74.9692
14.764869730765593 79.1024
14.787372860692983 82.0508
14.809876564079925 86.7525
14.83236330125751 92.7659
14.854868153850365 101.986
14.877356041159485 116.427
14.899862046604186 135.795
14.922351087688757 159.60399999999998
14.944858249632887 186.331
14.967365991421232 210.317
14.989856770231246 222.829
15.012365673994204 215.21400000000003
15.03485761569738 184.295
15.05736768508665 144.934
15.07987833888692 111.598
15.102372032001655 88.6693
15.124883856909658 76.7461
15.14737872204565 72.7198
15.169891721717274 71.2106
15.192405310371893 70.6729
15.214901940621196 70.5107
15.237416709527137 70.42
15.259914520936249 70.1741
15.282430473753607 69.6098
15.304947020131227 68.8723
15.327446610371178 67.9669
15.349964346154254 67.6195
15.372465126703139 67.2834
15.394984055556009 67.2488
15.417486030076159 66.9926
15.44000615566487 66.7744
15.462526881230803 66.6432
15.485030653812652 66.7008
15.507552581617434 66.5828
15.530057557334603 66.4514
15.55258069104857 66.4485
15.575104429329837 66.8105
15.597611216864632 66.6569
15.620136166564563 67.4229
15.6426441664095 69.5538
15.665170331202765 72.3177
15.687697105158826 75.01
15.710206930593545 78.4197
15.732734925158933 82.7683
15.755245972089478 89.7868
15.77777519094324 99.4346
15.800287463046663 112.98
15.822817909869592 131.22899999999998
15.84534897229804 151.276
15.867863089299354 173.088
15.890395385222186 188.982
15.912910736597423 192.983
15.935444269699861 179.96099999999998
15.957978423016485 150.286
15.980495633101265 118.796
16.003031029129367 92.9087
16.02554948280019 75.0186
16.048086125229432 67.0254
16.070623392487107 64.6149
16.09314371869582 63.6639
16.11568223789321 62.8763
16.13820381691126 61.9332
16.160743591742527 61.3826
16.183283996022084 60.7195
16.205807461423195 59.7561
16.228349126881973 59.3399
16.25087385432698 59.1821
16.27341678466365 58.6478
16.29594277784926 58.4031
16.31848697676433 58.3774
16.341031811604868 58.2155
16.36355971058487 58.221000000000004
16.3861058195587 58.1538
16.40863499352978 57.3193
16.431182380342005 56.9187
16.453730407713202 56.3344
16.476261501364792 56.0532
16.498810812136167 55.6582
16.52134319004079 55.9871
16.54389378792203 55.7794
16.566445031001553 55.567
16.588979342490088 55.6056
16.61153187824822 55.3881
16.634067483263312 55.3622
16.656621315414416 55.1036
16.679175797408888 54.8524
16.701713349928728 55.0273
16.72426913389191 55.1906
16.74680798922351 55.1824
16.76936507887444 55.2024
16.791905240734874 55.2399
16.814463639794468 55.0914
16.837022695210294 55.1881
16.859564824093756 55.3756
16.882125194503903 55.7224
16.904668639217885 56.3196
16.927230328348003 55.9657
16.949792678493612 56.3548
16.972338104193863 55.9347
16.994901778652235 55.5806
17.017448529496576 55.9017
17.040013531998152 56.6441
17.06257920018044 57.2777
17.0851279459922 57.977
17.107694947817667 58.7836
17.130245028099072 59.327
17.15281336730298 60.8076
17.17536478578733 62.6507
17.19793446610687 64.9901
17.220504818648422 68.0202
17.243058251703697 71.3691
17.265629950971032 75.4808
17.288184731571736 79.4135
17.310757781306908 82.8612
17.33333150794385 84.2135
17.355888317140174 81.8294
17.37846339986244 77.4942
17.401021565958885 70.7472
17.42359800851343 65.4343
17.44617513265564 62.2368
17.468735341390783 60.5426
17.491261035594565 59.7062
17.51396340099364 59.4309
17.536490463869136 59.6694
17.559018209820174 59.7127
17.58154663977963 59.6683
17.604251766089718 60.0369
17.626781572227713 60.2023
17.64931206518155 60.1935
17.671843245885103 60.7841
17.69455114821572 61.1264
17.717083712612634 61.1912
17.739616967569667 61.4175
17.762150914021706 61.9802
17.78486160749854 62.3023
17.807396945166804 63.2393
17.829932977143503 64.4858
17.85246970436452 66.3106
17.875183204129467 67.9827
17.897721330097664 69.9852
17.920260154126645 72.4877
17.942799677153296 75.668
17.9655159983646 79.7484
17.988056927677544 85.4841
18.010598558807683 93.6848
18.033140892692916 103.28200000000001
18.05586005052525 113.113
18.07840379824407 123.855
18.10094825154059 134.547
18.12366954819864 141.895
18.146215420998306 141.25799999999998
18.16876200220057 131.894
18.191309292745153 117.072
18.214033452627167 102.697
18.236582170236648 91.9764
18.259131600016456 87.5115
18.281681742907335 88.2322
18.304408781233683 92.2144
18.32696035875955 96.9353
18.349512652227624 101.581
18.372065662579683 105.426
18.394795594587553 106.416
18.41735004715306 102.169
18.43990521943684 95.3435
18.46246111238171 85.8425
18.485193953325208 76.5539
18.507751296070428 69.8054
18.530309362314178 65.7382
18.552868153000343 63.5564
18.57560391815056 62.5131
18.59816416623245 62.2543
18.620725141597372 61.6088
18.643286845190268 61.3512
18.666025549835414 60.7054
18.688588718427933 60.058
18.711152618092243 60.1703
18.73389353884365 59.8286
18.75645890921984 59.3877
18.77902501351406 59.0019
18.801591852673102 59.0013
18.824335739722738 58.3581
18.846904057212626 58.2984
18.8694731124168 57.8924
18.89204290628315 58.156000000000006
18.914789774966803 57.9429
18.937361054791623 57.6197
18.959933076131318 57.4587
18.982505839934877 57.306999999999995
19.00525570560582 57.3314
19.027829963004184 57.375
19.05040496572238 57.4271
19.072980714710468 57.4463
19.095733592739563 57.9009
19.11831084296757 58.0833
19.140888842324735 58.3584
19.16346759176222 58.638999999999996
19.18622349753803 59.278999999999996
19.208803755869358 59.9984
19.231384767143577 61.4188
19.253966532312948 63.0939
19.276725481241822 65.377
19.29930876296784 67.7257
19.3218928014549 70.2484
19.34465404436217 73.029
19.36723960516257 75.4632
19.389825925592426 76.1287
19.412413006605938 75.1217
19.43517731967805 71.7349
19.457765930683355 67.1114
19.48035530514408 63.0339
19.50294544401556 59.1099
19.525712842708348 56.7384
19.54830451925909 55.4174
19.570896963095727 54.5041
19.593490175174704 54.3098
19.616260674962184 54.0871
19.638855432416964 53.8383
19.661450960992624 54.1613
19.68404726164677 53.9634
19.706820878021247 53.7994
19.729418731756834 54.0802
19.752017360452857 53.8319
19.77461676506804 54.048
19.797393513540218 54.3518
19.819994478951667 54.6271
19.84259622316767 55.0119
19.8651987471481 55.2692
19.887978643247177 55.3647
19.91058273574792 56.107
19.933187610901943 56.9129
19.955969879466828 58.3126
19.97857632894404 59.7972
20.00118356396599 61.5676
20.023791585494575 63.7037
20.046577028914875 66.3185
20.069186632506966 68.1426
20.091797025500632 70.0162
20.114408208858933 70.2642
20.137196842715273 69.7865
20.159809615886765 68.2577
20.18242318232135 65.6917
20.20503754298326 63.8697
20.227829382875154 62.7842
20.250445341109344 62.5918
20.27306209647285 63.2052
20.29567964993108 64.0786
20.31847471147704 65.403
20.34109387027612 66.0801
20.363713830075454 65.2614
20.386334591841646 64.0922
20.409132890679302 61.2032
20.431755265564437 58.423
20.454378445325528 55.38399999999999
20.477002430930366 53.4778
20.499803982716553 52.3628
20.522429589228004 51.4873
20.54505600449589 51.1001
20.567683229489194 51.0001
20.590488049900088 50.7432
20.61311690359731 50.5552
20.63574656993626 50.2754
20.658553853717297 49.876000000000005
20.681185154618298 49.8275
20.703817271080066 49.7531
20.72645020407368 49.5023
20.749260783967177 49.4829
20.771895359337133 49.39
20.794530754161617 49.224
20.817166969412938 49.2442
20.83998086114876 49.2341
20.86261872660049 48.9748
20.885257415405402 49.1987
20.90789692853701 49.0696
20.930714147864748 49.1411
20.953355319030678 49.1419
20.97599731745334 49.0792
20.99864014410749 48.854
21.021460706796564 48.8557
21.044105199328826 49.2466
21.06675052302631 49.343
21.089396678865015 49.6299
21.112220600704806 49.8459
21.134868430275347 50.2335
21.15751709492456 50.3889
21.180166595629693 50.8574
21.202993892429635 51.2458
21.22564507473034 51.4209
21.24829709602816 51.8228
21.27112693608965 51.7633
21.293780644891275 51.6737
21.316435195634053 51.0611
21.339090589297417 50.2683
21.361923832041875 49.9021
21.384580921090404 49.2025
21.407238856007325 48.7854
21.429897637773326 48.7468
21.45273429906592 48.8119
21.475394784108598 48.8914
21.498056118951983 48.8744
21.520718304578022 48.9491
21.543558400304388 49.1579
21.566222297108816 49.4968
21.58888704765135 49.6302
21.61155265291521 49.8231
21.63439619898156 50.3779
21.657063523335786 50.4504
21.67973170537063 51.0369
21.7024007460706 51.5336
21.72524775840385 52.3457
21.747918526116475 53.438
21.770590155457388 54.8499
21.79326264741238 56.2518
21.816113141960237 58.0971
21.838787368860547 59.7235
21.861462461341976 61.5193
21.884315579735777 63.4398
21.90699241312273 64.6485
21.92967011506078 65.0501
21.95234868653799 64.82
21.9752053151131 63.3221
21.997885635446785 61.4072
22.020566828293532 59.6641
22.04324889464272 58.03
22.066109049404666 56.8211
22.088792872571794 56.3961
22.111477572219204 56.4002
22.1341631493376 56.3659
22.157026846313123 56.1358
22.179714188221507 55.354
22.202402410582668 54.4234
22.22509151438863 52.7932
22.24795876962584 51.5978
22.270649646204486 50.8036
22.293341407213727 50.0464
22.316034053646906 49.5945
22.338904883215342 49.27
22.36159931041458 49.1458
22.38429462602756 49.0908
22.40699083104897 49.0313
22.429865251039757 49.0818
22.452563244831367 49.1452
22.47526213102522 49.0785
22.49813925616515 48.995
22.520839937143307 48.9964
22.543541513520587 48.9899
22.56624398629403 48.9189
22.589124730075895 48.7675
22.611829005656723 49.2191
22.63453418063466 49.2028
22.657240256008077 49.3619
22.680124634582935 49.5777
22.70283252079775 49.8362
22.725541310413075 50.0992
22.74825100442868 50.1627
22.771139033969575 50.7534
22.79385054687155 51.0567
22.81656296718292 51.9571
22.83927629590484 52.8651
22.862167992606945 53.684
22.88488314827121 54.8449
22.907599215359284 55.7372
22.93031619487366 56.6682
22.953211574954405 57.489
22.975930389478226 58.2129
22.998650119445763 58.3188
23.02137076586092 57.4533
23.044269845560063 56.2095
23.06699233506288 54.4167
23.089715744034912 52.6713
23.112617610931565 51.1341
23.135342869061212 50.1344
23.158069049684816 49.4892
23.1807961538087 49.1896
23.20370174880544 49.1498
23.226430710184808 49.286
23.249160598093425 49.4569
23.271891413539002 49.3025
23.294800752937697 49.2383
23.31753343374794 49.4954
23.340267045128353 49.5362
23.36300158808808 49.958999999999996
23.38591468821339 50.4669
23.408651104658304 50.8037
23.431388455719986 51.5059
23.454126742409 52.3877
23.4770436196085 53.2519
23.499783787914662 54.4596
23.522524894889884 55.261
23.54526694154616 56.3586
23.56818761219047 57.3015
23.59093154860734 57.8299
23.613676427751283 58.2668
23.636422250635754 57.1868
23.659346731118656 55.7827
23.68209445191868 53.7963
23.704843119509587 51.6014
23.72759273490623 49.5179
23.750521041644767 48.2663
23.77327256312355 47.4328
23.796025035462787 46.7881
23.818956224555475 46.3217
23.841710609113413 46.3791
23.86446594758979 46.2018
23.887222241002014 45.7394
23.910157285144578 45.4922
23.932915498962537 45.586000000000006
23.955674670778713 45.4918
23.978434801611975 45.1769
24.001373717286125 44.9501
24.024135776723917 44.8908
24.046898798245582 44.9048
24.06966278287146 44.7754
24.092605586582614 44.4207
24.115371508023642 44.3679
24.1381383956401 44.2124
24.16090625045381 44.2355
24.183852958731244 44.1956
24.206622758582608 43.968999999999994
24.229393528706886 43.7435
24.252165270127392 44.0195
24.27511589952438 43.9842
24.297889594216997 43.6358
24.32066426328598 43.393
24.34343990775613 43.4674
24.36639447485003 43.4076
24.38917208083877 43.4431
24.41195066531332 43.315
24.43490819850244 43.3879
24.457688750692377 43.1897
24.48047028445616 43.2833
24.503252800821233 43.2872
24.526214300784112 43.2831
24.548998793132213 43.3903
24.57178427117417 43.3527
24.59457073593893 43.1631
24.617536219319863 43.0726
24.64032466834748 43.2236
24.663114107195035 43.0292
24.685904536893013 42.7899
24.708874020360852 42.7975
24.731666442613744 42.8044
24.754459858818787 42.685
24.777254270007962 42.7264
24.80022777025625 42.5825
24.82302418230472 42.4887
24.845821592443674 42.5942
24.86862000170663 42.5426
24.891597535453727 42.3296
24.914397953892728 42.5904
24.93719937456671 42.5769
24.96000179851076 42.8133
24.98298338249997 42.8577
25.00578782394922 43.263000000000005
25.028593271784167 43.3387
25.05157790644186 43.5403
25.07438537804115 43.7004
25.097193859145293 44.0413
25.120003350792075 44.363
25.142992065061257 44.5058
25.165803588823465 44.7834
25.18861612625217 45.0352
25.211429678386736 45.0365
25.234422489079968 45.1788
25.257238081693636 45.2151
25.280054692141732 45.1746
25.3028723214652 45.0477
25.325869245420463 45.1682
25.348688923599397 45.1449
25.371509623787006 45.1966
25.394331347025812 44.7724
25.41733240110666 44.2926
25.440156181590016 43.6956
25.46298098826268 43.1655
25.48580682216873 42.6538
25.50881202326435 42.1666
25.53163992281684 41.7311
25.55446885274561 41.4447
25.577298814096377 41.1047
25.600308179121807 41.1962
25.623140214533745 41.0815
25.64597328451537 41.1621
25.66898578564376 40.7991
25.691820936010206 40.77
25.714657124097695 40.8496
25.737494350954734 40.7978
25.760511045684957 40.541
25.783350361364224 40.8529
25.806190718969255 40.7404
25.82903211955018 40.9227
25.852053024868923 40.9054
25.874896522722523 40.7422
25.897741066713106 40.9169
25.920586657892454 41.0906
25.943611790812668 41.1405
25.966459487728237 41.4114
25.989308234998564 41.4089
26.01215803367705 41.5835
26.03518741123814 41.7702
26.05803932412957 42.0045
26.080892291600094 41.7902
26.10374631470478 41.8103
26.12677995397268 41.9708
26.14963609978026 42.019
26.172493304397875 41.7247
26.19535156888223 41.4215
26.218389486949604 41.1212
26.241249882640123 40.817
26.26411134137826 40.5632
26.28715248187403 40.4953
26.31001607820869 40.3719
26.3328807407756 40.3819
26.35574647063438 40.3518
26.37879191991473 40.4498
26.401659795896734 40.4705
26.424528742360263 40.5641
26.447398760366614 40.8195
26.470448535598294 40.8724
26.49332070826805 41.114
26.516193955675355 41.4492
26.53906827888316 41.5695
26.562122397260108 41.8081
26.584998883685063 42.0429
26.607876449110325 42.3662
26.63075509460056 42.4316
26.65381357334404 42.4978
26.67669439061878 42.5367
26.699576291163382 42.3818
26.722459276044212 42.3638
26.745522132402975 41.9172
26.768407297649354 41.7332
26.791293550442003 41.2874
26.814180891848974 41.1435
26.837248143099337 40.6666
26.860137673466657 40.7299
26.88302829566349 40.4045
26.90592001075963 40.2264
26.92899167420566 40.1475
26.951885586870763 39.6915
26.974780595655517 39.5482
26.99785558178161 39.4721
27.020752794605112 39.293
27.043651106772522 39.0754
27.06655051935668 39.1492
27.089629948036183 38.9036
27.112531573292053 39.0631
27.135434302194138 39.078
27.158338135817015 38.9334
27.181422024430987 38.7876
27.204328079372566 38.7169
27.22723524226965 38.8546
27.250143514198573 38.7791
27.273231880156334 38.8257
27.296142382065014 38.5119
27.319053996245536 38.5811
27.341966723775965 38.6268
27.365059584515222 38.7556
27.38797455070062 38.785
27.410890633481237 38.6809
27.433807833936918 38.731
27.456905206923906 38.8037
27.47982465472398 38.8148
27.502745223449743 38.8811
27.525666914182825 39.0212
27.548768816912457 38.9719
27.571692763693633 38.8075
27.59461783573812 38.8533
27.617723149491244 38.4522
27.640650484125285 38.3043
27.66357894728264 38.3171
27.686508540048052 38.3432
27.709618414237887 38.3541
27.732550278321757 38.1071
27.755483275279115 38.1229
27.778417406196485 38.2049
27.801531858397514 38.2746
27.824468269376716 38.1469
27.847405817586786 38.1258
27.870344504116094 38.3155
27.893463551932008 38.4366
27.916404527281053 38.6777
27.93934664422563 38.6704
27.962289903855886 38.826
27.98541356491974 39.0017
28.00835912214229 39.0798
28.03130582533231 39.2851
28.054253675581805 39.4114
28.077381967556104 39.2693
28.100332124185126 39.3066
28.123283431160893 39.2234
28.146235889577238 39.0845
28.169368830154156 38.8894
28.192323603752033 38.5913
28.215279532083304 38.3833
28.238415973016764 38.1126
28.261374223145094 38.0387
28.284333631303806 37.7984
28.307294198589954 37.6788
28.330435319167677 37.2676
28.353398217078915 37.116
28.376362277420153 37.0098
28.39932750129032 36.6898
28.422473319286713 36.6449
28.44544088262495 36.7111
28.468409612800283 36.5197
28.491379510913497 36.2126
28.51453004413313 36.1418
28.53750229057244 36.1327
28.56047570826344 36.1727
28.583450298308804 36.1782
28.606605564586562 35.9152
28.629582511831156 36.135
28.65256063474956 35.9305
28.675539934446338 35.9226
28.698699951647605 35.8699
28.72168161743193 35.7079
28.74466446331978 35.779
28.767648490417624 35.7599
28.790813276438353 35.7522
28.813799678527303 35.6938
28.836787265157085 35.6491
28.859955641890075 35.6087
28.882945610203045 35.6414
28.905936766392035 35.4885
28.928929111566863 35.5153
28.952102288520145 35.4704
28.975097024308607 35.3364
28.998092952423807 35.1976
29.021090073977508 35.1759
29.04426806913204 35.1139
29.067267590245258 34.9594
29.090268308143695 34.7489
29.11327022394099 34.6958
29.13645305530891 34.6621
29.159457379627167 34.6626
29.18246290519685 34.5921
29.20546963313352 34.6509
29.22865731875826 34.614000000000004
29.25166646419296 34.5794
29.27467681535305 34.4786
29.29768837335608 34.4793
29.320880931312562 34.5616
29.34389491580634 34.5307
29.366910110507334 34.4817
29.38992651653503 34.5411
29.41312396492981 34.5348
29.436142806456754 34.2862
29.45916286268059 34.2143
29.48236399319994 34.1273
29.50538649169417 34.0136
29.528410208259935 33.8555
29.55143514402014 33.709
29.574641196749695 33.5694
29.597668583816574 33.583
29.6206971934585 33.3717
29.64372702680042 33.3703
29.666938019934474 33.2648
29.689970313635285 33.2545
29.713003834422636 33.2203
29.73603858342347 33.1555
29.759254535188578 33.0188
29.78229175361658 32.9872
29.80533020365064 33.1535
29.82836988641968 33.1589
29.85159081507472 33.0093
29.874632976355343 32.9391
29.89767637376955 32.9721
29.920721008448314 32.8356
29.9439469322847 32.878
29.96699405457564 32.7047
29.9900424175358 32.7828
30.013092022298157 32.7103
30.03632295963995 32.6055
30.059375061131373 32.7316
30.08242840783577 32.7562
30.105483000888153 32.6929
30.128718970092244 32.5992
30.151776069006917 32.6422
30.17483441768648 32.6425
30.198074175317235 32.5414
30.221135036724256 32.662
30.24419715131772 32.5868
30.267260520236203 32.5196
30.290505341942243 32.6225
30.313571232750228 32.4933
30.336638381310948 32.4882
30.35970678876503 32.5129
30.38295669299435 32.4545
30.40602763151657 32.4823
30.429099832366074 32.4332
30.452173296685572 32.3412
30.47542830191959 32.295
30.498504306502497 32.3281
30.521581577995562 32.3039
30.544660117543582 32.3925
30.56792024229725 32.4775
30.59100133132069 32.4225
30.614083691845494 32.3766
30.637167325018545 32.4271
30.660432587840603 32.4553
30.683518779717886 32.4363
30.70660624769615 32.4771
30.729694992924372 32.4765
30.75296541239743 32.4467
30.77605672557558 32.3282
30.799149319462742 32.3366
30.8224236211637 32.2613
30.845518789950724 32.1786
30.868615242910597 32.085
30.891712981195973 31.8414
30.91499247215866 31.8072
30.938092794619365 31.8021
30.96119440587579 31.7097
30.984297307082752 31.6091
31.00758200598383 31.6049
31.030687500658694 31.4691
31.053794288760695 31.4542
31.076902371446767 31.2519
31.100192296997445 31.2492
31.12330298246119 31.3983
31.14641496599209 31.2213
31.169528248749216 31.1323
31.19282341969534 31.092
31.215939314557186 31.1719
31.239056512134788 31.14
31.262175013589378 31.0543
31.28547544871168 31.1056
31.30859657161541 31.0425
31.331719001892175 31.2348
31.35484274070538 31.2179
31.378148458819545 31.2116
31.401274828443725 31.1058
31.424402510106933 31.0578
31.447712205419993 31.247
31.470842524931633 31.0571
31.493974159989783 30.9813
31.51710711176168 31.0262
31.54042212308802 31.0404
31.563557722100917 31.025
31.586694641341655 30.738000000000003
31.609832881979628 30.7863
31.63315322823208 30.6516
31.656294125521327 30.4663
31.679436347728515 30.475
31.70257989602529 30.4757
31.725905596152327 30.3935
31.74905181052835 30.4039
31.772199354521323 30.4486
31.79534822930507 30.4619
31.818679302290967 30.3531
31.84183085259981 30.4495
31.864983737233473 30.4325
31.88813795736804 30.3717
31.911474422233013 30.2914
31.934631327356435 30.3421
31.9577895715215 30.2492
31.980949155906522 30.2653
32.004291031706956 30.2889
32.027453310562606 30.1666
32.05061693318573 30.0232
32.07396288236386 30.0638
32.09712920658542 29.9507
32.12029687812702 29.7462
32.14346589817093 29.7144
32.166817291729984 29.7342
32.18998902288583 29.7313
32.21316210610336 29.5543
32.23633654256711 29.4434
32.259693399663725 29.4591
32.282870556771144 29.3907
32.30604907069099 29.3236
32.329228942610065 29.2724
32.35259128243769 29.2312
32.375773884550505 29.1297
32.398957848235646 29.1324
32.422143174682176 29.0968
32.445511016471215 28.9304
32.468699082679954 28.9557
32.49188851523011 28.9229
32.51507931531304 28.8564
32.538452678331 28.924
32.56164622776311 28.7754
32.58484114831493 28.6833
32.60803744118015 28.648000000000003
32.631416344731896 28.6414
32.654615396551876 28.6961
32.67781582427913 28.5963
32.701198898634416 28.5557
32.72440209253756 28.4392
32.747606665947124 28.4488
32.77081262006088 28.3803
32.79420126883317 28.4065
32.81740999876112 28.3317
32.840620112999424 28.2535
32.86383161274818 28.2045
32.88722585534586 28.2336
32.91044014056596 28.2433
32.933655814909734 28.1815
32.95687287957963 28.2293
32.98027273544904 28.1456
33.00349259526636 27.9689
33.026713849030116 27.9807
33.04993649794511 27.965999999999998
33.073341986570746 27.9589
33.09656744032826 27.9487
33.11979429286444 27.9575
33.14302254538647 27.9923
33.166433686291185 27.9526
33.18966475336992 27.8885
33.212897224069096 27.8246
33.23613109959831 27.7769
33.259547912343415 27.745
33.2827846121627 27.7086
33.306022720453775 27.6344
33.32926223842861 27.5627
33.352684742614166 27.6671
33.37592709463173 27.656999999999996
33.399170859982064 27.4247
33.422597648419426 27.4391
33.44584425514446 27.4024
33.46909227885668 27.3418
33.4923417207723 27.1966
33.51577423505344 27.2303
33.539026528130385 27.1227
33.56228024307245 27.0835
33.585535381098246 26.9159
33.60897364093058 26.9292
33.63223163992385 26.9088
33.6554910656699 26.8551
33.678751919389796 26.8631
33.702195944520106 26.7612
33.72545966903325 26.8184
33.74872482519663 26.7786
33.771991414233746 26.6464
33.79544122444841 26.6734
33.81871069412428 26.6157
33.84198160035767 26.6019
33.86525394437455 26.6711
33.88870955949969 26.4677
33.911984794020626 26.4462
33.93526147001624 26.3638
33.958539588715006 26.3583
33.98200102861669 26.3048
34.0052820477047 26.2296
34.02856451319451 26.2501
34.05203033759056 26.1945
34.07531571090147 26.1817
34.09860253431845 26.0987
34.121890809074316 26.1269
34.145362493118924 26.029
34.16865368561615 26.0024
34.191946333164054 25.9609
34.21524043699793 25.8921
34.23871800066799 25.948
34.26201503218366 25.8216
34.28531352370466 25.8155
34.30861347646881 25.673000000000002
34.33209693978188 25.7726
34.3553998301885 25.7325
34.378704185565205 25.5808
34.402010007152356 25.5055
34.42549939016683 25.5926
34.44880815937748 25.5422
34.472118398533134 25.4916
34.49543010887669 25.325
34.51892543169198 25.3283
34.54224009966052 25.3711
34.56555624255917 25.3258
34.58887386163339 25.2064
34.61237514439016 25.2005
34.6356957311114 25.1284
34.65901779775809 25.0901
34.68252356662995 25.1186
34.705848608458616 25.0345
34.72917513396849 24.9841
34.75250314440949 25.0145
34.77601490857862 24.9306
34.799345904259795 24.8615
34.82267838863559 24.8955
34.846012362958525 24.8471
34.869530142679984 24.823
34.89286711232212 24.7915
34.91620557568269 24.8406
34.93954553401677 24.7549
34.9630693495876 24.6929
34.986412313340814 24.6924
35.00975677584668 24.7815
35.033102738362956 24.6831
35.05663261012228 24.5508
35.0799815881786 24.4985
35.10333207003229 24.5291
35.12668405694369 24.459
35.150220005273056 24.3983
35.17357501786656 24.3772
35.19693153931268 24.3874
35.220289570874385 24.2811
35.24383161619786 24.3037
35.267192683604904 24.3116
35.290555264930376 24.2617
35.314101899412165 24.252
35.33746752422433 24.2061
35.36083466676374 24.2364
35.38420332829803 24.1565
35.407756095629054 24.1539
35.43112781085063 24.1393
35.45450104888391 24.1135
35.477875810999194 24.1318
35.50143473172161 24.0669
35.52481255774625 24.0969
35.54819191167777 23.9401
35.57157279478914 23.9479
35.595137889488406 23.9134
35.61852184675279 23.9524
35.641907337029984 23.7881
35.665294361595684 23.7299
35.68886565090076 23.6354
35.7122557598848 23.6245
35.73564740699838 23.5982
35.759040593519934 23.5715
35.78261809810353 23.6417
35.80601437933051 23.4847
35.829412203814705 23.5133
35.85281157283719 23.4816
35.876395313415884 23.4463
35.8997977874528 23.3926
35.92320180988546 23.3611
35.946790244133936 23.3425
35.97019737933222 23.2978
35.993606066789866 23.2622
36.01701630779276 23.2638
36.04061101440684 23.1665
36.06402437852291 23.1726
36.08743930005611 23.1709
36.1108557802951 23.1083
36.13445678011326 23.0835
36.15787639383515 23.0765
36.18129757014299 22.9867
36.20472031032821 22.9182
36.22832762423364 22.8719
36.25175350829375 22.9219
36.275180960119776 22.7841
36.298609981005924 22.8194
36.32222362992669 22.7995
36.34565580510207 22.7698
36.36908955323448 22.7276
36.39252487562093 22.6121
36.416144880530226 22.6177
36.43958336764275 22.5922
36.463023432914625 22.6509
36.486465077645676 22.5723
36.51009145956204 22.6389
36.53353627947859 22.5893
36.55698268276811 22.5336
36.58043067073321 22.5153
36.60406345072071 22.3346
36.62751462435344 22.3148
36.65096738658405 22.3177
36.67460498210655 22.2775
36.69806093788647 22.3001
36.72151848619297 22.1535
36.744977628333636 22.1837
36.76862165890998 22.128
36.79208400512205 22.1205
36.81554794910557 22.069000000000003
36.83901349217101 22.000999999999998
36.862663978991606 22.0229
36.88613273667352 22.0269
36.90960309738324 21.8868
36.933075062434064 21.8308
36.95673202673572 21.8384
36.98020721697122 21.831
37.003684015502365 21.7406
37.027162423645365 21.7478
37.050825886711465 21.7055
37.07430753063053 21.6819
37.09779078812467 21.5703
37.121275660513014 21.609
37.144945643673694 21.5442
37.16843376245278 21.6599
37.19192350009803 21.5467
37.215414857931435 21.4605
37.239091382563885 21.3773
37.262585997426164 21.4065
37.28608223645736 21.4127
37.309763684451696 21.4058
37.33326318851098 21.3459
37.356764320726555 21.2432
37.380267082425526 21.2674
37.40395510942588 21.2656
37.42746114683234 21.1439
37.45096881771841 21.1269
37.474478123414166 21.1063
37.49817275092816 21.0689
37.52168534303452 21.1336
37.54519957395567 20.9613
37.568715445024665 20.910999999999998
37.592416694607714 20.9638
37.61593586281424 21.0205
37.63945667518264 21.0657
37.66297913304891 20.9292
37.68668702630454 20.8399
37.710212792059274 20.7192
37.733740207334854 20.6786
37.757269273470364 20.6572
37.780983832050374 20.6968
37.80451621684926 20.6841
37.82805025654007 20.6546
37.851585952464795 20.5875
37.8753071980695 20.5113
37.89884622345676 20.4876
37.92238690911902 20.4303
37.94611318753442 20.4019
37.969657210779765 20.3937
37.99320289834801 20.4075
38.016750251586465 20.3091
38.04048325513017 20.3053
38.06403395679343 20.3034
38.087586328183946 20.2674
38.11114037065203 20.2477
38.13488012115898 20.2141
38.1584375229181 20.0812
38.181996599821 20.0591
38.205557353221124 20.1144
38.229303872575656 20.0194
38.2528679961576 20.09
38.27643380031219 20.0087
38.30000128639589 20.0251
38.32375459653193 19.9896
38.34732546371299 19.9611
38.37089801690786 19.8794
38.39447225747609 19.8406
38.418232380377425 19.8262
38.441810012983396 19.7651
38.46538933705673 19.7115
38.488970353960084 19.7539
38.51273731166058 19.6918
38.536321731567014 19.6226
38.55990784840681 19.6326
38.58367995004091 19.5588
38.60726947812959 19.5164
38.63086070726198 19.5558
38.654453638806274 19.543
38.678232613930824 19.4897
38.70182896773327 19.3702
38.72542702806741 19.3865
38.7490267963045 19.3885
38.77281266709232 19.3508
38.79641586862214 19.3381
38.8200207821842 19.2571
38.843627409152944 19.2946
38.86742019782782 19.1808
38.891030269149255 19.1261
38.914642058016156 19.1289
38.938255565806124 19.0843
38.96205529464307 19.0951
38.98567225787121 19.0901
39.00929094417078 19.0686
39.03291135492255 19.0597
39.05671804624804 18.9593
39.080341923549106 18.9736
39.103967529460334 18.9202
39.127594865365744 18.8413
39.15140854155791 18.8728
39.17503935514948 18.8188
39.19867190290282 18.8042
39.22249083587951 18.7391
39.24612686969409 18.7423
39.269764641845306 18.7567
39.293404153722804 18.7523
39.317230110864074 18.6122
39.34087311998506 18.5801
39.36451787301696 18.5887
39.388164371352595 18.5538
39.41199737518003 18.4361
39.43564738196752 18.476
39.45929913825317 18.4677
39.48295264543308 18.449
39.506792718520884 18.3989
39.530449745387216 18.3801
39.55410852735203 18.3293
39.57776906581474 18.3767
39.60161623079 18.266
39.625280300200025 18.2807
39.64894613032202 18.2776
39.67261372255866 18.23
39.6964680021016 18.1953
39.72013913657293 18.1688
39.74381203738292 18.123
39.76748670593756 18.098
39.79134812278169 18.1204
39.81502634488497 17.9952
39.83870633896685 17.964000000000002
39.862388106436654 17.9872
39.88625668336918 18.0014
39.90994201572829 17.9481
39.933629125719285 17.875
39.957503091207826 17.852999999999998
39.9811937746168 17.8614
40.00488623990914 17.829
40.02858048850006 17.7649
40.05246165409549 17.67
40.076159487492085 17.6292
40.099859108448875 17.6572
40.123560518384345 17.6455
40.1474489070226 17.6479
40.171153913178564 17.5377
40.194860712584955 17.5483
40.2185693066637 17.5863
40.242464941335314 17.5011
40.26617714307655 17.5136
40.289891143772046 17.4762
40.3136069448471 17.4344
40.33750984859743 17.4216
40.3612292688043 17.372
40.3849504936829 17.3751
40.40867352466194 17.3447
40.43258372059144 17.2913
40.45631038219906 17.3387
40.48003885420956 17.2213
40.503769138055105 17.1827
40.52768664931955 17.2032
40.55142057531802 17.2476
40.57515631746428 17.1758
40.599079334038514 17.1837
40.62281872700477 17.0813
40.64655994043941 17.0873
40.67030297578061 17.0865
40.69423334835778 17.0788
40.71798004609188 16.9862
40.74172857006355 16.954
40.76547892171441 16.9782
40.7894166736039 16.8794
40.813170699248566 16.8472
40.83692655691388 16.863
40.86068424804498 16.8416
40.884629402612525 16.7949
40.908390779366385 16.8002
40.932153993938 16.7728
40.95591904777605 16.7223
40.979871628443995 16.6892
41.003640379561936 16.598
41.02741097430883 16.6011
41.05118341413683 16.6152
41.075143444384416 16.5365
41.098919593177826 16.5495
41.1226975914255 16.5725
41.14647744058318 16.4993
41.170444943946755 16.3832
41.19422851378379 16.4316
41.218013938914645 16.3427
41.24198706625173 16.3278
41.26577622087193 16.3197
41.289567235177785 16.3408
41.31336011063129 16.3208
41.337340752422875 16.2462
41.361137369129835 16.256
41.38493585138705 16.1902
41.40873620066004 16.2329
41.43272438060107 16.1636
41.45652848292052 16.1311
41.48033445666918 16.0655
41.50414230331616 15.9908
41.528138045159764 16.0617
41.551949656675205 16.0125
41.575763145513235 15.9814
41.59957851314666 15.9277
41.62358184070442 15.9427
41.64740098505737 15.9275
41.6712220126409 15.8696
41.69504492493139 15.8667
41.71905586207357 15.8093
41.74288256296395 15.8108
41.766711153007456 15.7727
41.79054163368412 15.7832
41.814560204340054 15.7557
41.838394485526365 15.7849
41.86223066180303 15.7241
41.88625497706819 15.6573
41.910094962812 15.642999999999999
41.93393684811168 15.6148
41.95778063445365 15.5735
41.981812625263366 15.5168
42.00566023303407 15.5193
42.029509746323676 15.4946
42.05336116662236 15.4656
42.077400857069705 15.4783
42.10125611078846 15.4054
42.12511327600405 15.395
42.14897235421036 15.3593
42.173019768448455 15.3228
42.19688269209613 15.2821
42.22074753323349 15.329
42.24461429335818 15.224
42.268669455600495 15.1562
42.292540073217886 15.2174
42.31641261433284 15.1738
42.34028708044675 15.1922
42.36435001496739 15.1581
42.38822835065557 15.1226
42.41210861586426 15.0838
42.4359908120986 15.1428
42.46006154323262 15.0509
42.48394762115317 15.007
42.507835634632315 14.9792
42.531912233047436 14.9603
42.55580413732265 14.9526
42.579697981698 14.9254
42.60359376768525 14.8563
42.62767820545945 14.8374
42.65157789440821 14.8438
42.67547952952185 14.7426
42.699383112316 14.8204
42.72347541395347 14.7933
42.74738291190531 14.7286
42.771292362102166 14.7085
42.795203766063516 14.6889
42.819303956130405 14.684000000000001
42.843219287476536 14.6676
42.86713657716324 14.6447
42.89105582671383 14.5917
42.91516392983864 14.5745
42.939087119032166 14.5656
42.963012272677304 14.5192
42.98693939230129 14.4866
43.01105543317513 14.4079
43.034986504731386 14.4238
43.05891954686589 14.3979
43.08285456110972 14.3775
43.10697856448665 14.3676
43.130917542983475 14.2631
43.15485849820081 14.3496
43.17880143167367 14.3062
43.20293342237094 14.2401
43.226880332449 14.2518
43.25082922540554 14.2079
43.27496722682525 14.2017
43.29892010567796 14.1725
43.32287497204102 14.1244
43.34683182745632 14.0393
43.370977859791836 14.0612
43.39493871351105 13.9867
43.41890156092628 14.037
43.44286640358341 14.0245
43.46702049182749 13.9988
43.49098934522816 14.017000000000001
43.51496019852649 13.9047
43.5389330532723 13.8938
43.56309522248204 13.8742
43.58707210044314 13.8565
43.61105098451946 13.8354
43.63503187626491 13.7974
43.659202151562134 13.8032
43.68318707902681 13.7869
43.70717401884041 13.748
43.731162972560874 13.7273
43.75534137913236 13.6957
43.779334381108384 13.6535
43.803329401683186 13.6249
43.82732644241872 13.5862
43.8515130055166 13.5856
43.87551410707659 13.5658
43.89951723350145 13.5584
43.923709934595614 13.550999999999998
43.94771713129917 13.5566
43.97172635758096 13.5117
43.99573761501002 13.4208
44.0199385169922 13.4055
44.04395385732619 13.4498
44.067971233533086 13.4318
44.09199064718605 13.3862
44.11619977548961 13.3433
44.14022328470671 13.3367
44.16424883610785 13.342
44.18827643127035 13.3299
44.21249381139513 13.2693
44.236525514814076 13.2341
44.26055926674478 13.2462
44.28459506876863 13.252
44.3088207262813 13.1928
44.33286064928722 13.1331
44.35690262714919 13.1026
44.38094666145278 13.0464
44.4051806219871 13.0581
44.42922879003185 13.0308
44.45327901929361 13.0209
44.477331311362136 13.0098
44.501573600619416 12.9902
44.525630039221795 12.9503
44.54968854541895 12.9402
44.573937102200176 12.9346
44.5979997645541 12.9323
44.622064499300315 12.8422
44.64613130803592 12.8261
44.67038823869318 12.8461
44.69445921643748 12.8306
44.718532272981385 12.7642
44.742607409926194 12.7262
44.76687274034801 12.7583
44.79095205918753 12.6721
44.81503346325094 12.6893
44.839116954143876 12.6716
44.86339071028742 12.6379
44.88747839599524 12.6136
44.91156817336837 12.5933
44.93566004401666 12.6131
44.959942251908146 12.5178
44.984038330325966 12.5543
45.00813650686762 12.4717
45.03223678314731 12.4933
45.05652746888232 12.5033
45.08063196592069 12.4519
45.104738567558705 12.4154
45.128847275414856 12.3998
45.15314646515866 12.3283
45.17725940679741 12.3896
45.20137445952892 12.3282
45.22568004865265 12.314
45.24979934496396 12.2754
45.27392075725247 12.2604
45.29804428714431 12.2723
45.322358426247604 12.2185
45.346486212804315 12.2386
45.370616121861914 12.1787
45.39474815505086 12.1582
45.41907087049246 12.1107
45.4432071734666 12.1125
45.46734560548283 12.1293
45.49148616817604 12.1
45.51581748638564 12.0686
45.5399623320197 12.0176
45.56410931325473 11.9937
45.58825843173002 12.0124
45.61259837920865 11.9738
45.636751793816 11.9999
45.66090735060093 11.9241
45.68506505120716 11.9321
45.7094136545275 11.8736
45.73357566449271 11.8446
45.75773982322992 11.8527
45.78190613238733 11.8097
45.806263418194064 11.7585
45.83043404997326 11.7515
45.85460683713677 11.7995
45.87897065658495 11.7815
45.90314777634752 11.7615
45.92732705646868 11.715
45.9515084986045 11.6708
45.97588104735473 11.6804
46.00006683541565 11.672
46.02425479047904 11.6302
46.04844491420549 11.5958
46.0728262191024 11.5776
46.09702070211635 11.533
46.12121735879483 11.5446
46.14541619080294 11.5181
46.169806278764455 11.4777
46.194009483459034 11.5249
46.21821486849841 11.4453
46.24242243555223 11.4207
46.266821333570014 11.4106
46.29103328674601 11.4031
46.31524742696538 11.3749
46.33946375590237 11.3648
46.36387149104216 11.3288
46.38809221957392 11.2937
46.41231514186606 11.2712
46.436540259597464 11.2691
46.460956858999374 11.2196
46.48518638983522 11.2089
46.509418121166966 11.167
46.533652054678114 11.1504
46.55807754555709 11.1029
46.58231590571962 11.1553
46.60655647313217 11.1474
46.630988654873654 11.1054
46.655233659129024 11.0902
46.67948087571551 11.0792
46.70373030632484 11.0262
46.72817142736393 11.0595
46.752425308428684 10.9752
46.77668140861147 10.9759
46.80093972960865 10.9417
46.82538981736788 10.9112
46.849652602470904 10.927
46.87391761349769 10.8803
46.8981848521493 10.8927
46.9226439341274 10.8326
46.946915650573224 10.8149
46.97118959976749 10.8298
46.99546578341598 10.8443
47.019933887188216 10.7753
47.04421456235744 10.7475
47.06849747711879 10.6981
47.09278263318286 10.7316
47.11725978640143 10.6878
47.14154944775105 10.6354
47.165841355555656 10.6407
47.1901355115306 10.6198
47.214621741924994 10.6191
47.23892041698887 10.61
47.26322134538975 10.5623
47.28771440635075 10.5263
47.31201986422527 10.5552
47.33632758061436 10.5053
47.360637557241866 10.4581
47.38513974410611 10.5245
47.40945426407847 10.4295
47.43377104948137 10.4746
47.45809010204344 10.4282
47.48260144275502 10.3676
47.506925052572285 10.3869
47.53125093475548 10.3563
47.55557909103813 10.3188
47.58009961361992 10.3185
47.60443234110732 10.3016
47.62876734791564 10.2602
47.65310463578333 10.2795
47.6776343683373 10.2321
47.7019762413987 10.2223
47.72632040075572 10.213
47.75066684815169 10.1809
47.77520581885936 10.1519
47.799556865477655 10.142000000000001
47.823910205386 10.136000000000001
47.84826584033272 10.1007
47.87281407745551 10.0563
47.89717432569297 10.0685
47.92153687423484 10.0582
47.94609208429692 10.0328
47.97045925671401 10.0299
47.99482873471275 9.98318
48.01920052005013 9.98578
48.04376504619224 9.971219999999999
48.068141469543484 10.0172
48.09252020552573 9.94881
48.11690125590099 9.930019999999999
48.1414751266064 9.875060000000001
48.16586082917454 9.82062
48.19024885144316 9.816989999999999
48.2146391951793 9.84948
48.239222439012764 9.84543
48.26361744916137 9.8353
48.28801478610016 9.816889999999999
48.31241445160131 9.77719
48.337007097209366 9.75347
48.36141144338331 9.73343
48.38581812345755 9.71349
48.41022713920929 9.6974
48.434829215320704 9.67656
48.45924292604658 9.69219
48.48365897780325 9.66775
48.50807737237308 9.646180000000001
48.532688907799276 9.68825
48.55711201168574 9.60683
48.581537463754074 9.58169
48.60615611725119 9.58248
48.63058628942721 9.576410000000001
48.65501881516546 9.537410000000001
48.6794536962573 9.4879
48.70408185970339 9.48987
48.72852147531801 9.46394
48.75296345168211 9.45394
48.77740779059232 9.47711
48.80204549302823 9.46551
48.82649458091802 9.42353
48.85094603676547 9.38234
48.87539986237231 9.373339999999999
48.90004713292306 9.34202
48.92450572200832 9.34036
48.94896668628025 9.294789999999999
48.97343002754588 9.33389
48.99808689542115 9.3089
49.02255501470614 9.31378
49.04702551642794 9.2759
49.0714984023988 9.22182
49.096164896893235 9.18447
49.120642575466796 9.174760000000001
49.145122643748394 9.162980000000001
49.16960510355558 9.16905
49.19428125404938 9.15496
49.2187685210852 9.13003
49.243258185121555 9.13441
49.26794160167084 9.07661
49.2924360839405 9.05376
49.31693296869764 9.02927
49.34143225776915 9.04031
49.36612538195438 9.02617
49.39062950396021 9.00077
49.41513603578346 8.97757
49.4396449792564 8.95792
49.46434784069503 8.95045
49.488861631846454 8.936069999999999
49.513377840166804 8.9422
49.537896467493745 8.90263
49.56260909589029 8.89332
49.587132585683285 8.87979
49.611658500018365 8.857510000000001
49.636186840738596 8.866
49.66090926588511 8.84326
49.685442483902584 8.762739999999999
49.70997813385706 8.75783
49.734516217597076 8.73754
49.75924846937352 8.70072
49.7837914452858 8.733360000000001
49.80833686055187 8.69904
49.83288471702571 8.711039999999999
49.85762682540054 8.71142
49.882179588965734 8.64212
49.9067347993235 8.62123
49.93129245833333 8.62315
49.95604445336378 8.61544
49.98060703442832 8.579930000000001
50.005172069746266 8.60585
50.02993150438364 8.564169999999999
50.05450147301533 8.53402
50.07907390151433 8.53999
50.10364879174981 8.51366
50.12841816587289 8.48145
50.1529980044635 8.480030000000001
50.17758031042124 8.46422
50.20216508562089 8.45915
50.22694442953363 8.46285
50.25153416817468 8.43406
50.27612638170508 8.40991
50.300721072005196 8.350769999999999
50.325510416102105 8.34368
50.350110084975064 8.368260000000001
50.37471223628208 8.371369999999999
50.39931687190919 8.32201
50.424116246675766 8.28191
50.44872587605249 8.288680000000001
50.47333799543065 8.277519999999999
50.49795260670191 8.22771
50.52276204271512 8.22057
50.54738166295838 8.26825
50.57200378079314 8.21193
50.596628398116835 8.20089
50.62144792604559 8.17198
50.646077567609396 8.15548
50.670709714377715 8.15656
50.69553683636198 8.133469999999999
50.72017401885922 8.1253
50.7448137122895 8.08533
50.76945591856022 8.06374
50.79429318636823 8.05485
50.818940443716784 8.05026
50.84359021965163 8.02893
50.868242516085964 8.02367
50.893089960641895 8.0143
50.917747323549435 7.955889999999999
50.94240721271973 7.9729
50.96706963007175 7.931
50.99192728239342 7.9432100000000005
51.01659478166073 7.929589999999999
51.04126481489051 7.88842
51.06593738400761 7.89399
51.090805275207074 7.882860000000001
51.11548294172845 7.89244
51.14016314993547 7.88046
51.164845901758845 7.811719999999999
51.18972406304274 7.7949399999999995
51.21441192780656 7.800089999999999
51.23910234200271 7.75506
51.2637953075678 7.74337
51.288683770237945 7.74898
51.31338186432707 7.715839999999999
51.33808251561888 7.69124
51.362978729967345 7.688910000000001
51.387684521509755 7.689710000000001
51.41239287610203 7.68853
51.437103795691165 7.64445
51.46201036644977 7.63135
51.486726441956634 7.591539999999999
51.51144508832545 7.6317699999999995
51.536166307509156 7.61132
51.56108326624387 7.588589999999999
51.58580965706056 7.59801
51.61053862657523 7.543080000000001
51.635270176746864 7.537719999999999
51.66019755512065 7.52234
51.68493429268881 7.51615
51.70967361681515 7.50285
51.73441552946465 7.49413
51.759353359237934 7.447080000000001
51.7841004750961 7.452310000000001
51.80885018539685 7.42065
51.833602492111254 7.4405
51.8585508051424 7.368510000000001
51.883308330926425 7.410830000000001
51.90806845906181 7.33788
51.932831191525715 7.3251100000000005
51.95779001977161 7.31733
51.98255798721516 7.258610000000001
52.00732856494335 7.278110000000001
52.03229530577543 7.25635
52.057071130455945 7.286739999999999
52.081849571391054 7.27341
52.106630630568695 7.2529699999999995
52.13160794279417 7.20615
52.15639426492067 7.21422
52.18118321127822 7.20043
52.205974783860896 7.188839999999999
52.23096269971011 7.17075
52.255759551287994 7.17128
52.280559035098186 7.16172
52.30536115314103 7.12093
52.33035970494467 7.123289999999999
52.35516711807904 7.1183
52.37997717147198 7.09388
52.40478986713005 7.07565
52.42979908731974 7.0518600000000005
52.454617094216 7.05047
52.47943774942214 7.0027
52.50426105495102 6.966589999999999
52.529280976059844 6.99695
52.554109609024096 6.985760000000001
52.57894089837482 6.97871
52.60377484613117 6.929460000000001
52.62880550079408 6.91718
52.65364479223379 6.91021
52.67848674816189 6.8688899999999995
52.70352547971946 6.9042699999999995
52.72837279155837 6.85888
52.753222773982785 6.814960000000001
52.778075429022984 6.8427
52.80312495150885 6.82976
52.827982978797436 6.82207
52.85284368481815 6.784
52.87770707160767 6.77975
52.90276741793998 6.7804
52.92763619336701 6.77889
52.952507655698504 6.7567
52.977381806977576 6.73608
53.00245301017842 6.7295300000000005
53.02733256653592 6.71195
53.052214817996074 6.67965
53.077099766608484 6.68838
53.102181859804446 6.66622
53.127072229988265 6.683739999999999
53.15196530349892 6.635489999999999
53.17686108239249 6.657439999999999
53.20195409881522 6.635110000000001
53.22685531582556 6.58202
53.25175924441303 6.560339999999999
53.27666588664027 6.56844
53.30176985962693 6.53316
53.3266819565689 6.56125
53.35159677336455 6.48245
53.376514312083096 6.4675
53.40162927507703 6.514130000000001
53.42655228516116 6.5086900000000005
53.45147802340193 6.44399
53.47660125628886 6.45911
53.50153247842639 6.44982
53.52646643496923 6.41305
53.55140312799818 6.4004199999999996
53.576537409691696 6.41706
53.60147960336152 6.376469999999999
53.626424539786164 6.37857
53.65137222105307 6.348269999999999
53.67651758529126 6.34219
53.70147078399681 6.2854
53.72642673383343 6.33793
53.75138543689533 6.30777
53.776541917524526 6.24822
53.801506154876755 6.28777
53.826473151763246 6.278969999999999
53.851442910284916 6.251469999999999
53.87661054126026 6.2209900000000005
53.9015858509782 6.22846
53.92656392866066 6.19574
53.95154477641532 6.22649
53.976723591801296 6.18424
54.00171000771266 6.14593
54.02669920004598 6.1714
54.051691170915745 6.1177
54.076881204886796 6.1155800000000005
54.101878760928514 6.12518
54.12687910187696 6.06454
54.152077577768296 6.05013
54.1770835166946 6.03594
54.20209224691339 6.09259
54.22710377055121 6.00221
54.25231352511594 5.99927
54.27733066384342 5.98471
54.30235060239643 5.9763
54.32737334290836 6.043830000000001
54.35259441062629 5.9461900000000005
54.377622783395324 5.93051
54.40265396455061 5.88692
54.42768795623251 5.883380000000001
54.45292037169559 5.85654
54.477960012857906 5.84961
54.50300247099511 5.8773
54.52804774825457 5.85496
54.55329154616743 5.80159
54.57834249018678 5.80788
54.6033962597977 5.81295
54.6284528571545 5.78529
54.653708072335164 5.7339
54.67877035378786 5.7043
54.70383546947698 5.74161
54.72890342156389 5.71845
54.7541700889442 5.64884
54.77924374251975 5.587330000000001
54.8043202390049 5.61634
54.82959552413022 5.58585
54.8546777351945 5.59417
54.87976279569621 5.5824300000000004
54.90485070780914 5.56807
54.930137506558005 5.5099800000000005
54.95523115074295 5.561719999999999
54.98032765308844 5.49984
55.005427015775496 5.45651
55.03072536339621 5.452319999999999
55.05583047570572 5.36384
55.080938454927676 5.44062
55.10604930325027 5.40166
55.131359235107396 5.36775
55.15647585066083 5.3638699999999995
55.181595341907496 5.405069999999999
55.20671771104285 5.331
55.232039262617704 5.26275
55.25716741665048 5.19492
55.28229845518636 5.2401
55.30743238042802 5.23298
55.33276558731939 5.18061
55.357905315183636 5.1924
55.383047936390035 5.09983
55.40819345314859 5.10433
55.433538351073295 5.12102
55.458689688238415 5.06125
55.483843927614096 5.0463
55.509197623043605 5.0198599999999995
55.53435769621134 4.998419999999999
55.55952067826466 4.92851
55.5846865714265 4.97577
55.61005202069737 4.95361
55.63522376553902 4.95389
55.66039842818645 4.88961
55.68557601087004 4.926830000000001
55.7109532500271 4.881130000000001
55.73613670233794 4.87924
