TT I
1.2716486653135266 7.731839999999999
1.2939594142134223 7.45708
1.3162702121660406 7.08029
1.3385810600174564 7.20224
1.3608919586137629 7.03425
1.383202908801069 6.73792
1.405513911425503 6.1444
1.4278249673332093 6.72474
1.4501343378461518 6.632689999999999
1.4724455028545926 6.29925
1.4947567236847858 5.83164
1.517068001182951 5.93153
1.5393793361953272 6.47769
1.5616907295681737 6.42514
1.5840021821477681 6.23613
1.60631369478041 5.7051
1.6286252683124185 5.59663
1.6509369035901333 5.0774099999999995
1.6732468618895553 5.32566
1.695558623192809 5.40953
1.7178704487808514 5.5333
1.7401823395001077 5.50221
1.7625012545597203 5.31174
1.7848028405262486 5.34406
1.8071218901122095 4.98021
1.8294236121921872 5.072030000000001
1.8517427996910911 5.08116
1.8740620574440425 4.70898
1.8963639900671978 4.6664
1.9186833908139995 5.54425
1.9409854680117449 5.4054
1.9633050151394713 4.72423
1.9856246367570705 4.96716
2.0079269371922672 5.53774
2.03024671027244 4.8141300000000005
2.0525491637446027 4.27614
2.074869091674931 4.235
2.097171701569106 4.22081
2.1194917877373847 5.14628
2.141811954326636 4.812790000000001
2.164114805233074 4.8742
2.186435135143035 4.19736
2.208738150935709 5.0711699999999995
2.231058647554722 5.0916
2.2533792288321184 4.92345
2.275682498336085 4.53378
2.298003251406138 4.94658
2.3203066942619714 4.84358
2.3426276225136022 4.30134
2.3649486396617507 4.8712800000000005
2.387252348930071 4.712359999999999
2.4095735463442893 4.7584
2.4318774374315884 4.90952
2.4541988185014043 4.6156
2.476502894794693 5.19683
2.498824462909887 4.90439
2.521146125856138 5.07901
2.5434504863470337 5.5957
2.5657723414244717 5.59277
2.588076895590662 5.83253
2.610398946189713 6.3024
2.6327210958598384 5.822690000000001
2.6550259469304716 6.2544699999999995
2.6773482972090137 6.4131800000000005
2.6996533504259 6.19509
2.7219759047039602 6.66753
2.744298562293959 6.7077800000000005
2.7666039251246595 6.70245
2.7889267918020164 6.79793
2.8112323652516555 7.285839999999999
2.833555444408179 7.14809
2.8558786311183852 7.51991
2.8781845268938557 7.851030000000001
2.9005079311721484 8.36093
2.9228140460410397 8.43272
2.9451376712799635 9.24276
2.967444008632326 8.81562
2.9897678582247247 10.1496
3.0120918213106695 10.4471
3.0343984987899373 11.07
3.0567226913198637 11.2818
3.079029599759726 11.7318
3.101354025127254 12.2655
3.123678568232338 12.4796
3.145985829517914 12.7458
3.16831061055229 13.8001
3.1906181112775593 14.5974
3.212943133635653 14.8981
3.2352682779763207 14.9566
3.2575761442691227 15.3254
3.2799015350264273 15.7735
3.302209649240067 16.2257
3.3245352898092655 16.1799
3.3468436553365257 17.2219
3.369169549113219 17.5604
3.3914955708171384 18.4723
3.413804319727358 19.1485
3.4361305997334863 19.0102
3.4584396084414553 19.5847
3.4807661501462652 20.3416
3.503092824025881 20.6157
3.5254022288463154 21.0187
3.5477291695206588 21.6627
3.5700388426251948 21.9247
3.5923660534916446 22.4564
3.6146934007816114 23.1617
3.637003482731501 23.4399
3.6593311053109985 23.8252
3.681641464033634 24.1144
3.7039693653009733 24.4572
3.726297407241705 25.2326
3.7486081875460804 25.6326
3.7709365132734978 25.9371
3.793247578841633 26.4568
3.8155761917550093 26.6369
3.8378875459837216 26.9726
3.8602164494827234 27.5824
3.882545499606844 28.4534
3.9048572932539183 29.474
3.9271866390645718 29.9403
3.9494987298666713 29.9997
3.971828374764527 30.7027
3.9941581705403255 31.1211
4.016470713506008 31.5474
4.038800813471445 32.4474
4.061113662089144 33.1402
4.0834440696459176 33.84
4.105774632334751 34.2081
4.128087945865126 34.8864
4.150418821249301 35.6042
4.172732448931298 36.1664
4.195063640413578 37.6265
4.2173775856475215 38.2309
4.239709096631102 38.8238
4.262040768704612 39.3981
4.284355196706267 39.9349
4.306687193387355 40.5086
4.329001947444346 42.3781
4.35133427213731 42.8776
4.373666762177566 43.0041
4.395982011761091 44.4302
4.418314834921175 45.4451
4.44063041906622 46.3355
4.4629635787515625 46.9749
4.4852969080429785 48.6435
4.5076130004776225 50.6708
4.529946671403969 53.2584
4.552263106909177 53.8011
4.574597122877047 54.1093
4.596931312711224 55.26
4.619248269273446 55.7143
4.6415828092605835 57.1472
4.663900117405352 58.5019
4.686235010953232 59.8605
4.708552674085913 61.2825
4.730887924602802 62.64
4.753223354952695 64.4318
4.775541557023902 66.1258
4.797877349456786 68.1226
4.820195915032126 70.3905
4.842532072957498 71.5212
4.864868414979744 74.1432
4.88718753227192 77.0421
4.909524244902505 79.1674
4.931843734218147 81.2072
4.954180820867835 83.9596
4.976518095879839 87.9983
4.998838149695359 91.6376
5.021175803844231 95.9115
5.043496238205739 100.431
5.065834274903528 106.81700000000001
5.088172504230693 113.648
5.1104935158799565 123.546
5.132832132875765 140.68
5.155153533596801 168.483
5.1774925416746225 288.006
5.199814334878411 894.3439999999999
5.2221537374521505 2190.93
5.244493338631803 3960.57
5.266815727034316 6974.42
5.289155727832427 10609.9
5.311478517248165 9297.46
5.333818921080011 4009.46
5.356159527788849 917.591
5.3784829252032536 264.94
5.400823940070432 180.44400000000002
5.423147747031976 151.517
5.445489173474152 136.512
5.467830807066149 129.056
5.490155234831516 123.66799999999999
5.512497285125229 118.041
5.534822130975162 114.825
5.557164601388673 111.384
5.579489868738879 108.22
5.601832762690846 106.647
5.6241758697774475 104.271
5.646501775867269 103.596
5.668845311622074 102.803
5.691171647754637 102.02600000000001
5.713515615597765 101.471
5.735859800852677 100.611
5.758186788542988 100.469
5.780531411018185 101.95299999999999
5.802858837297399 101.60700000000001
5.825203900414495 102.573
5.8475491852224 104.012
5.869877275883075 104.514
5.892223006467101 106.194
5.914551544266608 109.73899999999999
5.936897724049891 116.573
5.959244129804903 132.611
5.981573344815301 198.968
6.0039202049061 445.67800000000005
6.026249875609095 884.888
6.04859719346037 1426.97
6.070927323278297 2253.29
6.093275102315365 3734.51
6.115623113320588 4605.81
6.137953938319995 3659.33
6.160302415650845 1362.52
6.182633708324452 345.223
6.2049826554078376 144.401
6.227331838745022 108.191
6.249663839443684 95.8402
6.27201349767565 88.5246
6.294345974611799 84.3199
6.316696111167083 80.6886
6.339046488263839 78.4911
6.361379686074702 75.5768
6.383730546639482 74.259
6.406064229255215 73.0298
6.428415576718203 72.4024
6.450749747566656 70.8982
6.47310158535871 69.1149
6.495453669698332 68.1778
6.517788579421056 67.4263
6.540141159237969 66.2474
6.562476565766648 65.6179
6.5848296444934045 65.2807
6.607182974060425 64.7289
6.6295191323281015 64.4444
6.651872965955752 63.3791
6.6742096296068985 62.3795
6.6965639707294615 62.471000000000004
6.71891856698715 61.6898
6.741255995248479 60.7828
6.763611104154477 60.9135
6.785949046381137 60.2251
6.808304671371482 60.2754
6.8306605557940046 60.6131
6.852999275508618 59.251999999999995
6.875355681171544 58.9505
6.897694923437771 58.2026
6.92005185377892 57.9254
6.9423916220322655 57.9929
6.964749080490181 57.1724
6.987106804399774 57.5178
7.009447368180821 57.6869
7.031805625367033 57.1784
7.054146723727803 56.7849
7.076505517631004 56.6605
7.098864581288365 56.5849
7.121206488070854 56.3219
7.143566093607822 56.3517
7.165908543567245 57.0241
7.188268694426048 56.5379
7.2106291193438095 56.0923
7.232972390625943 55.8092
7.255333366030969 55.6428
7.277677189091925 55.5031
7.300038718428332 55.6157
7.322400526130865 55.6423
7.344745183422596 55.9815
7.367107550224791 55.6928
7.389452767901992 55.7794
7.411815697249891 56.0997
7.434161478756298 55.4554
7.456524974096713 55.4386
7.478888753837185 55.1309
7.501235387657368 55.8743
7.523599738562711 56.2997
7.545946944825532 56.6328
7.568311870344528 56.766000000000005
7.5906770845765665 56.7763
7.613025156078678 56.7502
7.635390950099687 57.1855
7.657739602662809 57.0216
7.680105979923558 57.328
7.702472650212829 58.2407
7.724822180948224 58.1278
7.747189439655568 58.0891
7.769539560075357 58.4088
7.791907410653562 58.9601
7.81425812420825 58.7478
7.836626570110925 59.3741
7.858995315087906 60.0467
7.881346924933401 59.8769
7.903716270417482 60.6724
7.926068482028405 61.2519
7.948438431475253 61.7752
7.9708086843180235 62.5337
7.993161805171116 63.3017
8.015532667162402 63.6739
8.037886398416653 64.4957
8.060257873014221 64.8283
8.082629655331942 66.116
8.104984308787587 66.5754
8.127356708900503 67.668
8.149711981398308 69.1833
8.172085002766314 69.9894
8.194458336181368 70.3728
8.216814543847752 71.5628
8.23918850371002 73.0205
8.26154533906492 74.3978
8.283919928836452 75.9321
8.306277395339652 77.4502
8.328652618483376 78.9556
8.351028159736202 81.7191
8.373386579575245 84.1884
8.395762759396959 86.2611
8.418121819038275 89.9119
8.440498640894003 96.1492
8.462875785192262 111.225
8.485235811156207 166.87599999999998
8.507613602688501 291.743
8.529974277114228 446.129
8.552352719347912 578.684
8.574731488360351 762.89
8.59709314210385 1086.08
8.619472567021075 1545.88
8.64183487789147 2013.19
8.664214962183097 1902.03
8.686577933647762 1162.52
8.708958680784317 515.11
8.731339760774953 212.705
8.753703729764451 127.881
8.77608547780821 109.61
8.798450116065078 103.75
8.820832535634787 100.141
8.843215292401656 97.7485
8.865580941199045 96.1838
8.887964374703538 94.4047
8.910330701447199 93.6893
8.932714815164482 92.1822
8.955099270424924 91.0272
8.977466620733543 89.9398
8.999851761421976 89.516
9.022219798361645 88.648
9.04460562795561 88.2478
9.066991803441677 87.8053
9.089360876979615 87.7958
9.111747746589993 87.3892
9.13411751544971 86.9948
9.156505082664324 86.2396
9.178875550323522 86.7665
9.20126381862328 86.1582
9.223652438908596 86.3095
9.246023961427412 86.6892
9.26841328802173 86.7275
9.290785518039224 87.0737
9.313175554425882 88.0858
9.335565947154315 88.439
9.357939245086508 88.32700000000001
9.380330352834827 88.3251
9.40270436697103 88.1853
9.425096193225055 88.6296
9.447488380180165 89.1932
9.469863475295412 88.8906
9.492256385987508 89.6724
9.514632206018318 90.0093
9.537025843935714 90.6738
9.559402392368193 91.8206
9.581796761000229 93.3071
9.604191496441521 93.8699
9.626569144158516 94.6711
9.648964615551032 95.0594
9.671343000390081 95.4214
9.693739211225699 96.2926
9.716135793237463 97.3598
9.738515290448102 98.6068
9.760912617143402 100.061
9.783292860202891 101.73
9.805690935076182 103.749
9.828089385495742 104.72
9.850470754023561 107.234
9.872869957865444 109.06299999999999
9.89525208097539 112.40299999999999
9.917652041736662 118.65
9.940052382417589 138.154
9.962435644102392 203.003
9.984836746950979 304.541
10.007220771957746 411.954
10.029622640473708 511.384
10.052007432299963 639.441
10.074410069984072 812.715
10.096813093716005 1089.05
10.119199042482517 1476.91
10.141602840636468 1790.2
10.163989564971628 1696.1
10.186394141051062 1132.93
10.208799107559706 533.3919999999999
10.231187001965623 246.795
10.253592751657669 147.287
10.275981430388155 123.132
10.298387966769793 116.844
10.320794897965431 114.902
10.343184759907361 112.259
10.36559248305461 111.275
10.387983138083852 115.491
10.410391656691655 131.873
10.432800574501677 158.651
10.455192425893369 185.639
10.47760214443012 210.292
10.499994797678786 238.42
10.522405320453982 284.759
10.54479877906917 359.949
10.567210109595656 451.064
10.5896218454736 531.946
10.612016518879773 530.69
10.634429067781074 412.819
10.656824555333241 248.345
10.679237920773568 148.30100000000002
10.701651695961992 105.859
10.724048411481384 95.6813
10.746463008485165 91.64399999999999
10.768860546937125 89.9121
10.791275969274796 87.9114
10.81369180576079 86.4324
10.836090585366925 84.8955
10.858507252467449 83.6776
10.88090686379991 83.1564
10.903324365036394 82.1495
10.925724811614439 81.0297
10.948143150509463 80.5785
10.970561909719066 79.82
10.992963615930844 78.5589
11.015383218085756 77.4917
11.037785768347074 76.4893
11.06020621697282 75.8216
11.082627090322113 75.1055
11.105030913430326 74.5524
11.12745263854165 74.0222
11.149857314510728 72.9917
11.172279894912576 73.2278
11.194702904450653 72.2323
11.217108866490921 71.3115
11.239532736615194 71.0414
11.26193956033512 70.9832
11.284364294577085 70.8676
11.306789462371718 69.9495
11.329197585398376 70.0905
11.351623622610898 69.8333
11.37403261614354 68.7841
11.396459526308487 69.0039
11.418869393879497 68.4957
11.441297180532617 68.2226
11.463725406927658 67.6367
11.486136592353875 67.5101
11.508565700543707 67.0194
11.530977768845315 67.0539
11.553407762368774 66.6051
11.575838200059769 66.4875
11.598251599479612 66.523
11.620682927815501 66.2974
11.64309721895548 66.5189
11.665529441478206 65.9094
11.687962112597958 65.4715
11.710377748130886 65.7982
11.732811318753434 65.4722
11.755227854859067 65.3149
11.777662328529495 65.1589
11.800079768750786 65.1104
11.822515149015453 65.2085
11.844950984084935 65.5987
11.867369787303163 65.1668
11.889806534289491 65.3556
11.912226250487029 65.6051
11.934663912939751 65.961
11.9571020346363 66.0824
11.979523127133968 66.5403
12.001962169624331 68.7224
12.024384183972964 72.8591
12.046824150809913 79.947
12.069264581333726 87.4614
12.091687985297767 93.6845
12.11412934550045 100.027
12.136553680195208 109.51899999999999
12.158995973632788 122.959
12.181438735204349 141.24
12.20386447284199 165.93099999999998
12.226308172985636 195.731
12.24873485024193 206.985
12.271179492516982 183.697
12.293607112949127 145.034
12.316052700916226 102.76899999999999
12.338498763250042 78.4293
12.360927805303868 69.8767
12.383374818673879 67.7393
12.405804812803074 67.0867
12.428252780773262 67.03399999999999
12.45070122756722 66.9311
12.473132656675375 67.0468
12.49558206341869 67.1088
12.518014453510101 67.34
12.540464823770117 67.4554
12.562915677315177 67.3519
12.58534951575545 67.7884
12.607801338171472 67.5139
12.630236146511358 68.0789
12.652688941369085 68.5651
12.675124723177234 68.7893
12.697578494048786 69.4083
12.720032754458185 69.6789
12.742470003354093 70.1906
12.764925245138771 70.8327
12.787363476431278 71.3095
12.809819703166806 71.7627
12.83227642391173 72.5595
12.854716135692716 72.9194
12.877173846755147 74.4204
12.899614549869717 74.7308
12.9220732548287 75.5149
12.94453245827299 76.2169
12.966974655289818 77.7024
12.989434858002571 78.2988
13.011878055298721 79.2484
13.034339260862497 80.7255
13.056800969391883 82.3577
13.079245674017244 86.5491
13.101708390774869 94.6683
13.12415410463411 111.47
13.146617833206086 130.491
13.169064559883248 146.055
13.191529303857127 159.09
13.213994557076367 175.12599999999998
13.236442809902437 198.407
13.258909083908291 232.296
13.28135835851934 272.642
13.30382565690295 328.569
13.326293469022952 390.94
13.348744283242008 422.73800000000006
13.371213125129904 389.541
13.39366497011003 305.433
13.416134845360597 207.255
13.438605238843131 147.665
13.46105863690397 129.468
13.483530069144786 133.341
13.505984506951902 142.135
13.528456981549432 151.94899999999998
13.550929978879088 161.575
13.573385983253365 175.78
13.595860028340867 198.16299999999998
13.618317081455832 228.445
13.64079217790333 270.119
13.663250283359057 315.763
13.685726434770173 357.026
13.708203115221277 360.849
13.730662806148091 301.733
13.75314054697177 222.929
13.775601299246777 151.796
13.798080104050406 109.311
13.820559442405358 92.006
13.843021793671388 86.6575
13.865502201420897 84.4986
13.887965623051947 83.9032
13.910447103807167 82.8151
13.932929122629764 81.2031
13.955394156785959 80.6944
13.977877254034569 79.6216
14.000343367582113 78.983
14.022827546871707 78.3696
14.045294743423524 77.7226
14.06778000837062 76.8065
14.090265817715476 76.51
14.112734645763819 76.229
14.13522154619454 75.5037
14.157691466286913 75.157
14.180179461423874 74.8485
14.202668005486178 74.4424
14.22513957064374 74.1788
14.247629214846473 73.9503
14.270101881097517 73.5739
14.29259262906496 73.1644
14.315083930490205 73.0193
14.337558255389705 72.7685
14.360050666019726 72.9922
14.382526101071944 72.5229
14.405019624534942 72.6592
14.427513705993134 72.1591
14.449990813291825 72.2732
14.47248601302899 72.2455
14.49496423954951 72.5339
14.517460561197822 72.52600000000001
14.539939910570322 72.1494
14.562437357763558 72.3716
14.58493536931253 72.6672
14.607416409993311 72.6975
14.62991555254159 73.1039
14.652397725157423 73.5022
14.674898002342799 73.949
14.697398848433282 74.7395
14.719882725991326 76.8868
14.74238471217934 81.475
14.764869730765593 88.7773
14.787372860692983 94.8644
14.809876564079925 101.052
14.83236330125751 106.02600000000001
14.854868153850365 111.492
14.877356041159485 120.116
14.899862046604186 131.313
14.922351087688757 146.542
14.944858249632887 165.954
14.967365991421232 189.543
14.989856770231246 211.53900000000002
15.012365673994204 221.83
15.03485761569738 203.782
15.05736768508665 167.484
15.07987833888692 129.097
15.102372032001655 99.9853
15.124883856909658 83.0455
15.14737872204565 76.6457
15.169891721717274 74.2787
15.192405310371893 73.6116
15.214901940621196 72.9645
15.237416709527137 72.1225
15.259914520936249 71.915
15.282430473753607 71.1401
15.304947020131227 70.6171
15.327446610371178 70.3596
15.349964346154254 70.1175
15.372465126703139 69.7931
15.394984055556009 69.6137
15.417486030076159 69.7923
15.44000615566487 69.4379
15.462526881230803 69.0813
15.485030653812652 69.2058
15.507552581617434 69.1735
15.530057557334603 69.0838
15.55258069104857 69.1144
15.575104429329837 69.4118
15.597611216864632 69.6975
15.620136166564563 71.4457
15.6426441664095 75.2699
15.665170331202765 80.5196
15.687697105158826 85.8118
15.710206930593545 90.6635
15.732734925158933 94.09299999999999
15.755245972089478 98.0379
15.77777519094324 103.82
15.800287463046663 112.132
15.822817909869592 123.212
15.84534897229804 136.494
15.867863089299354 154.105
15.890395385222186 173.565
15.912910736597423 190.27599999999998
15.935444269699861 191.481
15.957978423016485 170.165
15.980495633101265 139.601
16.003031029129367 109.13600000000001
16.02554948280019 84.2795
16.048086125229432 71.8187
16.070623392487107 67.4449
16.09314371869582 65.693
16.11568223789321 64.3757
16.13820381691126 63.8039
16.160743591742527 63.4519
16.183283996022084 62.8354
16.205807461423195 62.0983
16.228349126881973 61.5467
16.25087385432698 61.3806
16.27341678466365 60.817
16.29594277784926 60.4589
16.31848697676433 59.9977
16.341031811604868 59.4522
16.36355971058487 59.3225
16.3861058195587 59.2583
16.40863499352978 58.8818
16.431182380342005 58.6715
16.453730407713202 58.5411
16.476261501364792 58.2048
16.498810812136167 57.9376
16.52134319004079 57.9117
16.54389378792203 57.7028
16.566445031001553 57.4941
16.588979342490088 57.5433
16.61153187824822 57.3877
16.634067483263312 57.0927
16.656621315414416 57.1556
16.679175797408888 56.8086
16.701713349928728 56.8823
16.72426913389191 57.0876
16.74680798922351 56.951
16.76936507887444 57.0003
16.791905240734874 56.9831
16.814463639794468 56.8707
16.837022695210294 57.2988
16.859564824093756 57.2608
16.882125194503903 57.2924
16.904668639217885 57.2704
16.927230328348003 57.4259
16.949792678493612 57.4311
16.972338104193863 57.5989
16.994901778652235 57.8007
17.017448529496576 58.2942
17.040013531998152 59.3895
17.06257920018044 60.5898
17.0851279459922 61.6841
17.107694947817667 62.9196
17.130245028099072 63.6522
17.15281336730298 64.5608
17.17536478578733 65.3575
17.19793446610687 67.1461
17.220504818648422 68.9476
17.243058251703697 70.9568
17.265629950971032 74.3534
17.288184731571736 78.0168
17.310757781306908 82.4736
17.33333150794385 85.0525
17.355888317140174 85.2053
17.37846339986244 82.2941
17.401021565958885 76.9538
17.42359800851343 70.9001
17.44617513265564 66.3706
17.468735341390783 63.6413
17.491261035594565 62.4335
17.51396340099364 61.9558
17.536490463869136 61.8739
17.559018209820174 61.8972
17.58154663977963 61.8311
17.604251766089718 62.1605
17.626781572227713 62.406000000000006
17.64931206518155 62.7183
17.671843245885103 62.9987
17.69455114821572 63.2886
17.717083712612634 63.571999999999996
17.739616967569667 63.9534
17.762150914021706 64.501
17.78486160749854 64.8925
17.807396945166804 66.7557
17.829932977143503 68.9183
17.85246970436452 71.9893
17.875183204129467 75.2298
17.897721330097664 77.7727
17.920260154126645 80.3034
17.942799677153296 82.624
17.9655159983646 84.814
17.988056927677544 88.4622
18.010598558807683 93.6018
18.033140892692916 99.7695
18.05586005052525 106.531
18.07840379824407 116.10799999999999
18.10094825154059 128.23
18.12366954819864 139.59799999999998
18.146215420998306 145.547
18.16876200220057 142.76
18.191309292745153 131.906
18.214033452627167 116.51700000000001
18.236582170236648 102.27
18.259131600016456 93.0055
18.281681742907335 89.5158
18.304408781233683 90.5462
18.32696035875955 93.4209
18.349512652227624 97.5177
18.372065662579683 103.162
18.394795594587553 106.723
18.41735004715306 106.714
18.43990521943684 101.509
18.46246111238171 92.9603
18.485193953325208 83.0882
18.507751296070428 74.5451
18.530309362314178 69.6175
18.552868153000343 66.8237
18.57560391815056 65.2757
18.59816416623245 64.7049
18.620725141597372 64.086
18.643286845190268 63.4435
18.666025549835414 63.0704
18.688588718427933 62.7525
18.711152618092243 62.4616
18.73389353884365 62.0403
18.75645890921984 61.6938
18.77902501351406 61.3184
18.801591852673102 61.4056
18.824335739722738 60.8213
18.846904057212626 60.7927
18.8694731124168 60.3976
18.89204290628315 60.6073
18.914789774966803 60.2416
18.937361054791623 59.896
18.959933076131318 59.7611
18.982505839934877 59.5916
19.00525570560582 59.7849
19.027829963004184 59.4814
19.05040496572238 59.8328
19.072980714710468 60.1352
19.095733592739563 60.7711
19.11831084296757 61.1195
19.140888842324735 61.5822
19.16346759176222 61.8633
19.18622349753803 62.1697
19.208803755869358 62.7907
19.231384767143577 63.4915
19.253966532312948 64.6985
19.276725481241822 65.8826
19.29930876296784 67.3411
19.3218928014549 69.116
19.34465404436217 71.4715
19.36723960516257 74.4044
19.389825925592426 76.5304
19.412413006605938 77.4488
19.43517731967805 76.2573
19.457765930683355 72.3472
19.48035530514408 67.8436
19.50294544401556 63.4652
19.525712842708348 59.9099
19.54830451925909 58.2153
19.570896963095727 56.9253
19.593490175174704 56.2343
19.616260674962184 56.2266
19.638855432416964 55.9903
19.661450960992624 56.1584
19.68404726164677 56.0743
19.706820878021247 55.8089
19.729418731756834 56.2658
19.752017360452857 56.233000000000004
19.77461676506804 56.7226
19.797393513540218 57.1148
19.819994478951667 57.2317
19.84259622316767 57.9323
19.8651987471481 58.5639
19.887978643247177 58.6779
19.91058273574792 58.9903
19.933187610901943 59.4698
19.955969879466828 60.416000000000004
19.97857632894404 61.2479
20.00118356396599 62.4922
20.023791585494575 64.2238
20.046577028914875 66.3375
20.069186632506966 68.5304
20.091797025500632 70.8619
20.114408208858933 72.5956
20.137196842715273 73.6627
20.159809615886765 72.6738
20.18242318232135 70.2203
20.20503754298326 67.6157
20.227829382875154 65.6735
20.250445341109344 64.1434
20.27306209647285 63.8603
20.29567964993108 64.771
20.31847471147704 65.859
20.34109387027612 66.84899999999999
20.363713830075454 67.5242
20.386334591841646 67.1506
20.409132890679302 65.0144
20.431755265564437 62.0802
20.454378445325528 59.1709
20.477002430930366 56.4896
20.499803982716553 54.6895
20.522429589228004 53.5299
20.54505600449589 52.9864
20.567683229489194 52.7865
20.590488049900088 52.5547
20.61311690359731 52.4721
20.63574656993626 52.2735
20.658553853717297 51.9569
20.681185154618298 52.0024
20.703817271080066 51.8213
20.72645020407368 51.2973
20.749260783967177 51.3744
20.771895359337133 51.416000000000004
20.794530754161617 51.1757
20.817166969412938 51.0689
20.83998086114876 51.1673
20.86261872660049 50.8009
20.885257415405402 51.0584
20.90789692853701 51.0928
20.930714147864748 51.2276
20.953355319030678 51.082
20.97599731745334 51.1907
20.99864014410749 51.114
21.021460706796564 51.1722
21.044105199328826 51.3768
21.06675052302631 51.3664
21.089396678865015 51.398
21.112220600704806 51.6777
21.134868430275347 51.9909
21.15751709492456 52.0827
21.180166595629693 52.0682
21.202993892429635 52.6336
21.22564507473034 52.9741
21.24829709602816 53.2803
21.27112693608965 53.5428
21.293780644891275 53.9126
21.316435195634053 53.2979
21.339090589297417 52.75
21.361923832041875 52.3561
21.384580921090404 51.5666
21.407238856007325 51.0083
21.429897637773326 50.9899
21.45273429906592 50.8753
21.475394784108598 50.748000000000005
21.498056118951983 50.5809
21.520718304578022 51.1153
21.543558400304388 51.2997
21.566222297108816 51.81100000000001
21.58888704765135 52.0588
21.61155265291521 52.7486
21.63439619898156 53.3511
21.657063523335786 53.3672
21.67973170537063 53.7965
21.7024007460706 54.2165
21.72524775840385 54.702
21.747918526116475 55.5277
21.770590155457388 56.5399
21.79326264741238 57.5759
21.816113141960237 58.9325
21.838787368860547 60.2568
21.861462461341976 61.6542
21.884315579735777 63.5873
21.90699241312273 65.3137
21.92967011506078 66.7457
21.95234868653799 67.6127
21.9752053151131 66.9505
21.997885635446785 65.0796
22.020566828293532 62.9642
22.04324889464272 60.486999999999995
22.066109049404666 58.5938
22.088792872571794 57.6845
22.111477572219204 57.7775
22.1341631493376 58.0339
22.157026846313123 58.1177
22.179714188221507 57.8003
22.202402410582668 57.2902
22.22509151438863 55.6438
22.24795876962584 54.4391
22.270649646204486 53.2995
22.293341407213727 52.4563
22.316034053646906 51.7548
22.338904883215342 51.3936
22.36159931041458 51.3192
22.38429462602756 50.935
22.40699083104897 50.8823
22.429865251039757 50.925
22.452563244831367 50.8988
22.47526213102522 50.8609
22.49813925616515 50.8091
22.520839937143307 50.928000000000004
22.543541513520587 50.8031
22.56624398629403 50.7714
22.589124730075895 51.0176
22.611829005656723 51.2013
22.63453418063466 51.415
22.657240256008077 51.92100000000001
22.680124634582935 52.0803
22.70283252079775 52.3797
22.725541310413075 52.5486
22.74825100442868 52.6414
22.771139033969575 53.0349
22.79385054687155 53.1114
22.81656296718292 53.7023
22.83927629590484 54.2496
22.862167992606945 54.8108
22.88488314827121 55.4242
22.907599215359284 56.1198
22.93031619487366 57.1561
22.953211574954405 58.1203
22.975930389478226 59.2591
22.998650119445763 59.9925
23.02137076586092 59.9259
23.044269845560063 59.0532
23.06699233506288 57.7031
23.089715744034912 55.8522
23.112617610931565 54.1224
23.135342869061212 52.7089
23.158069049684816 51.6456
23.1807961538087 51.3391
23.20370174880544 51.2981
23.226430710184808 51.5871
23.249160598093425 51.8242
23.271891413539002 51.8229
23.294800752937697 51.9038
23.31753343374794 52.0794
23.340267045128353 52.0959
23.36300158808808 52.385
23.38591468821339 52.3759
23.408651104658304 52.8506
23.431388455719986 53.1997
23.454126742409 53.4588
23.4770436196085 54.2983
23.499783787914662 55.0881
23.522524894889884 55.651
23.54526694154616 56.5888
23.56818761219047 57.6989
23.59093154860734 58.6993
23.613676427751283 59.7915
23.636422250635754 59.5413
23.659346731118656 58.3779
23.68209445191868 56.8763
23.704843119509587 54.7331
23.72759273490623 52.6379
23.750521041644767 51.0495
23.77327256312355 49.7346
23.796025035462787 48.9626
23.818956224555475 48.2502
23.841710609113413 48.1003
23.86446594758979 47.8657
23.887222241002014 47.5876
23.910157285144578 47.3216
23.932915498962537 47.3008
23.955674670778713 47.0562
23.978434801611975 46.9189
24.001373717286125 46.7118
24.024135776723917 46.6511
24.046898798245582 46.6751
24.06966278287146 46.4998
24.092605586582614 46.3452
24.115371508023642 46.1722
24.1381383956401 45.9039
24.16090625045381 45.8787
24.183852958731244 45.9897
24.206622758582608 45.7766
24.229393528706886 45.5084
24.252165270127392 45.5958
24.27511589952438 45.6614
24.297889594216997 45.3726
24.32066426328598 45.129
24.34343990775613 45.1572
24.36639447485003 45.1891
24.38917208083877 44.9678
24.41195066531332 44.9164
24.43490819850244 44.8988
24.457688750692377 44.8196
24.48047028445616 44.8363
24.503252800821233 44.9775
24.526214300784112 45.0646
24.548998793132213 45.02
24.57178427117417 44.8627
24.59457073593893 44.8271
24.617536219319863 44.8124
24.64032466834748 44.7974
24.663114107195035 44.6821
24.685904536893013 44.5089
24.708874020360852 44.3695
24.731666442613744 44.2347
24.754459858818787 44.3634
24.777254270007962 44.3707
24.80022777025625 44.2519
24.82302418230472 44.2258
24.845821592443674 44.317
24.86862000170663 44.1917
24.891597535453727 44.1501
24.914397953892728 44.3922
24.93719937456671 44.3643
24.96000179851076 44.4556
24.98298338249997 44.7892
25.00578782394922 44.9813
25.028593271784167 44.9305
25.05157790644186 45.1478
25.07438537804115 45.281000000000006
25.097193859145293 45.4785
25.120003350792075 45.5404
25.142992065061257 45.9089
25.165803588823465 46.305
25.18861612625217 46.5342
25.211429678386736 46.5271
25.234422489079968 46.5819
25.257238081693636 46.4731
25.280054692141732 46.5822
25.3028723214652 46.3647
25.325869245420463 46.351000000000006
25.348688923599397 46.4579
25.371509623787006 46.6644
25.394331347025812 46.5295
25.41733240110666 46.3042
25.440156181590016 45.6831
25.46298098826268 45.1981
25.48580682216873 44.6115
25.50881202326435 43.9093
25.53163992281684 43.3912
25.55446885274561 43.1469
25.577298814096377 42.8225
25.600308179121807 42.6882
25.623140214533745 42.7501
25.64597328451537 42.6929
25.66898578564376 42.4987
25.691820936010206 42.5297
25.714657124097695 42.4826
25.737494350954734 42.4828
25.760511045684957 42.386
25.783350361364224 42.4584
25.806190718969255 42.3866
25.82903211955018 42.5423
25.852053024868923 42.2914
25.874896522722523 42.3394
25.897741066713106 42.4026
25.920586657892454 42.5655
25.943611790812668 42.667
25.966459487728237 42.6735
25.989308234998564 42.6169
26.01215803367705 42.7733
26.03518741123814 43.0244
26.05803932412957 43.1641
26.080892291600094 43.1973
26.10374631470478 43.2665
26.12677995397268 43.5142
26.14963609978026 43.5888
26.172493304397875 43.343999999999994
26.19535156888223 43.2788
26.218389486949604 42.8823
26.241249882640123 42.6385
26.26411134137826 42.3268
26.28715248187403 42.3482
26.31001607820869 41.9905
26.3328807407756 41.8466
26.35574647063438 42.173
26.37879191991473 42.0775
26.401659795896734 42.1674
26.424528742360263 42.2705
26.447398760366614 42.2824
26.470448535598294 42.3455
26.49332070826805 42.4916
26.516193955675355 42.7507
26.53906827888316 42.9449
26.562122397260108 42.9733
26.584998883685063 43.2606
26.607876449110325 43.5301
26.63075509460056 43.6075
26.65381357334404 43.7684
26.67669439061878 43.9465
26.699576291163382 43.8698
26.722459276044212 43.8388
26.745522132402975 43.6797
26.768407297649354 43.4007
26.791293550442003 42.9732
26.814180891848974 42.6146
26.837248143099337 42.3214
26.860137673466657 42.3089
26.88302829566349 41.9839
26.90592001075963 41.913000000000004
26.92899167420566 41.8815
26.951885586870763 41.4199
26.974780595655517 41.1403
26.99785558178161 41.0143
27.020752794605112 40.8654
27.043651106772522 40.6084
27.06655051935668 40.7657
27.089629948036183 40.5066
27.112531573292053 40.4703
27.135434302194138 40.5407
27.158338135817015 40.3331
27.181422024430987 40.4352
27.204328079372566 40.2478
27.22723524226965 40.3351
27.250143514198573 40.3378
27.273231880156334 40.2762
27.296142382065014 40.1955
27.319053996245536 40.1118
27.341966723775965 40.1612
27.365059584515222 40.1281
27.38797455070062 40.2645
27.410890633481237 40.1177
27.433807833936918 40.0398
27.456905206923906 40.0889
27.47982465472398 40.1465
27.502745223449743 40.3303
27.525666914182825 40.3554
27.548768816912457 40.3342
27.571692763693633 40.2423
27.59461783573812 40.2252
27.617723149491244 40.0666
27.640650484125285 40.0317
27.66357894728264 39.9764
27.686508540048052 39.9336
27.709618414237887 39.8754
27.732550278321757 39.6326
27.755483275279115 39.6925
27.778417406196485 39.6244
27.801531858397514 39.658
27.824468269376716 39.66
27.847405817586786 39.5987
27.870344504116094 39.6801
27.893463551932008 39.6836
27.916404527281053 39.8328
27.93934664422563 39.9019
27.962289903855886 39.9905
27.98541356491974 40.0946
28.00835912214229 40.1286
28.03130582533231 40.4545
28.054253675581805 40.5593
28.077381967556104 40.5817
28.100332124185126 40.6301
28.123283431160893 40.6028
28.146235889577238 40.4221
28.169368830154156 40.2121
28.192323603752033 39.9886
28.215279532083304 39.7988
28.238415973016764 39.6721
28.261374223145094 39.5079
28.284333631303806 39.3198
28.307294198589954 39.2305
28.330435319167677 38.8961
28.353398217078915 38.6753
28.376362277420153 38.4313
28.39932750129032 38.292
28.422473319286713 38.049
28.44544088262495 37.9972
28.468409612800283 37.8809
28.491379510913497 37.5371
28.51453004413313 37.4914
28.53750229057244 37.615
28.56047570826344 37.457
28.583450298308804 37.5271
28.606605564586562 37.2754
28.629582511831156 37.2233
28.65256063474956 37.2325
28.675539934446338 37.2903
28.698699951647605 37.1857
28.72168161743193 37.037
28.74466446331978 36.9885
28.767648490417624 36.9655
28.790813276438353 36.9877
28.813799678527303 36.8485
28.836787265157085 36.8389
28.859955641890075 36.9298
28.882945610203045 36.8595
28.905936766392035 36.7358
28.928929111566863 36.8318
28.952102288520145 36.9012
28.975097024308607 36.7766
28.998092952423807 36.6701
29.021090073977508 36.5176
29.04426806913204 36.4556
29.067267590245258 36.3708
29.090268308143695 36.196
29.11327022394099 36.0698
29.13645305530891 35.9058
29.159457379627167 35.9447
29.18246290519685 35.8562
29.20546963313352 35.861
29.22865731875826 35.8485
29.25166646419296 35.7999
29.27467681535305 35.5925
29.29768837335608 35.6746
29.320880931312562 35.745
29.34389491580634 35.6971
29.366910110507334 35.5735
29.38992651653503 35.6107
29.41312396492981 35.6008
29.436142806456754 35.6089
29.45916286268059 35.6288
29.48236399319994 35.5678
29.50538649169417 35.2928
29.528410208259935 35.2662
29.55143514402014 35.0046
29.574641196749695 34.8845
29.597668583816574 34.8883
29.6206971934585 34.5755
29.64372702680042 34.5705
29.666938019934474 34.4871
29.689970313635285 34.4178
29.713003834422636 34.4209
29.73603858342347 34.4531
29.759254535188578 34.2549
29.78229175361658 34.2474
29.80533020365064 34.306999999999995
29.82836988641968 34.3319
29.85159081507472 34.3199
29.874632976355343 34.1691
29.89767637376955 34.11
29.920721008448314 34.0688
29.9439469322847 33.964
29.96699405457564 34.0102
29.9900424175358 34.0838
30.013092022298157 33.9555
30.03632295963995 33.806
30.059375061131373 33.9595
30.08242840783577 33.8794
30.105483000888153 33.8502
30.128718970092244 33.766
30.151776069006917 33.8828
30.17483441768648 33.8436
30.198074175317235 33.8869
30.221135036724256 33.8384
30.24419715131772 33.8493
30.267260520236203 33.7841
30.290505341942243 33.7925
30.313571232750228 33.8703
30.336638381310948 33.7587
30.35970678876503 33.7426
30.38295669299435 33.618
30.40602763151657 33.758
30.429099832366074 33.5228
30.452173296685572 33.4563
30.47542830191959 33.5745
30.498504306502497 33.5365
30.521581577995562 33.5201
30.544660117543582 33.5395
30.56792024229725 33.4683
30.59100133132069 33.465
30.614083691845494 33.445
30.637167325018545 33.5518
30.660432587840603 33.6551
30.683518779717886 33.4205
30.70660624769615 33.5812
30.729694992924372 33.6487
30.75296541239743 33.6655
30.77605672557558 33.5991
30.799149319462742 33.4939
30.8224236211637 33.4511
30.845518789950724 33.2358
30.868615242910597 33.3969
30.891712981195973 33.0819
30.91499247215866 33.0195
30.938092794619365 32.9747
30.96119440587579 32.9106
30.984297307082752 32.8494
31.00758200598383 32.7524
31.030687500658694 32.711
31.053794288760695 32.5582
31.076902371446767 32.4357
31.100192296997445 32.474000000000004
31.12330298246119 32.498000000000005
31.14641496599209 32.3643
31.169528248749216 32.4882
31.19282341969534 32.3808
31.215939314557186 32.353
31.239056512134788 32.3718
31.262175013589378 32.1924
31.28547544871168 32.2553
31.30859657161541 32.2462
31.331719001892175 32.0796
31.35484274070538 32.1862
31.378148458819545 32.2076
31.401274828443725 32.1878
31.424402510106933 32.1322
31.447712205419993 32.2445
31.470842524931633 32.1453
31.493974159989783 32.1579
31.51710711176168 32.0811
31.54042212308802 32.1135
31.563557722100917 32.1866
31.586694641341655 32.033
31.609832881979628 32.0628
31.63315322823208 31.8974
31.656294125521327 31.7539
31.679436347728515 31.7073
31.70257989602529 31.6266
31.725905596152327 31.4618
31.74905181052835 31.4335
31.772199354521323 31.4587
31.79534822930507 31.5534
31.818679302290967 31.4683
31.84183085259981 31.397
31.864983737233473 31.4567
31.88813795736804 31.5104
31.911474422233013 31.3213
31.934631327356435 31.4019
31.9577895715215 31.3681
31.980949155906522 31.3959
32.004291031706956 31.2625
32.027453310562606 31.1638
32.05061693318573 31.0667
32.07396288236386 31.1553
32.09712920658542 30.9784
32.12029687812702 30.9637
32.14346589817093 30.8511
32.166817291729984 30.7582
32.18998902288583 30.7076
32.21316210610336 30.6607
32.23633654256711 30.5477
32.259693399663725 30.4997
32.282870556771144 30.5526
32.30604907069099 30.4921
32.329228942610065 30.4669
32.35259128243769 30.2617
32.375773884550505 30.2674
32.398957848235646 30.2078
32.422143174682176 30.0756
32.445511016471215 29.9917
32.468699082679954 30.0144
32.49188851523011 30.0096
32.51507931531304 29.9399
32.538452678331 29.9414
32.56164622776311 29.775
32.58484114831493 29.7286
32.60803744118015 29.7203
32.631416344731896 29.7492
32.654615396551876 29.7183
32.67781582427913 29.6965
32.701198898634416 29.6653
32.72440209253756 29.6282
32.747606665947124 29.4766
32.77081262006088 29.4331
32.79420126883317 29.4258
32.81740999876112 29.4393
32.840620112999424 29.3249
32.86383161274818 29.2665
32.88722585534586 29.3594
32.91044014056596 29.2828
32.933655814909734 29.1677
32.95687287957963 29.2215
32.98027273544904 29.2029
33.00349259526636 29.0554
33.026713849030116 29.1291
33.04993649794511 29.0562
33.073341986570746 29.0414
33.09656744032826 28.9741
33.11979429286444 28.9969
33.14302254538647 28.9661
33.166433686291185 28.9219
33.18966475336992 28.8272
33.212897224069096 28.7207
33.23613109959831 28.7987
33.259547912343415 28.8235
33.2827846121627 28.8364
33.306022720453775 28.7404
33.32926223842861 28.6071
33.352684742614166 28.6503
33.37592709463173 28.5745
33.399170859982064 28.4704
33.422597648419426 28.434
33.44584425514446 28.3855
33.46909227885668 28.2955
33.4923417207723 28.1411
33.51577423505344 28.2304
33.539026528130385 28.1649
33.56228024307245 28.1152
33.585535381098246 27.9816
33.60897364093058 27.9475
33.63223163992385 27.8284
33.6554910656699 27.7862
33.678751919389796 27.9091
33.702195944520106 27.7855
33.72545966903325 27.7216
33.74872482519663 27.656999999999996
33.771991414233746 27.6544
33.79544122444841 27.6668
33.81871069412428 27.4892
33.84198160035767 27.5673
33.86525394437455 27.5749
33.88870955949969 27.4655
33.911984794020626 27.4495
33.93526147001624 27.4103
33.958539588715006 27.3437
33.98200102861669 27.307
34.0052820477047 27.0417
34.02856451319451 27.1627
34.05203033759056 27.1533
34.07531571090147 27.1686
34.09860253431845 27.1161
34.121890809074316 27.0991
34.145362493118924 26.9894
34.16865368561615 26.9295
34.191946333164054 26.8822
34.21524043699793 26.9405
34.23871800066799 26.8507
34.26201503218366 26.7463
34.28531352370466 26.7461
34.30861347646881 26.6549
34.33209693978188 26.6451
34.3553998301885 26.6729
34.378704185565205 26.5638
34.402010007152356 26.5145
34.42549939016683 26.463
34.44880815937748 26.3698
34.472118398533134 26.4225
34.49543010887669 26.3078
34.51892543169198 26.2509
34.54224009966052 26.2255
34.56555624255917 26.3014
34.58887386163339 26.1619
34.61237514439016 26.0479
34.6356957311114 26.0231
34.65901779775809 26.0084
34.68252356662995 25.9281
34.705848608458616 25.9328
34.72917513396849 25.8794
34.75250314440949 25.8731
34.77601490857862 25.840999999999998
34.799345904259795 25.8229
34.82267838863559 25.7651
34.846012362958525 25.7653
34.869530142679984 25.6708
34.89286711232212 25.6907
34.91620557568269 25.625
34.93954553401677 25.6004
34.9630693495876 25.5697
34.986412313340814 25.6372
35.00975677584668 25.5353
35.033102738362956 25.4864
35.05663261012228 25.4313
35.0799815881786 25.451
35.10333207003229 25.3127
35.12668405694369 25.3254
35.150220005273056 25.2962
35.17357501786656 25.2985
35.19693153931268 25.2657
35.220289570874385 25.141
35.24383161619786 25.1791
35.267192683604904 25.2204
35.290555264930376 25.0976
35.314101899412165 25.1525
35.33746752422433 25.0402
35.36083466676374 25.0468
35.38420332829803 25.0611
35.407756095629054 25.0516
35.43112781085063 25.0138
35.45450104888391 24.8838
35.477875810999194 24.9304
35.50143473172161 24.8937
35.52481255774625 24.9062
35.54819191167777 24.8138
35.57157279478914 24.8177
35.595137889488406 24.7671
35.61852184675279 24.6472
35.641907337029984 24.6813
35.665294361595684 24.6352
35.68886565090076 24.5746
35.7122557598848 24.4917
35.73564740699838 24.5484
35.759040593519934 24.474
35.78261809810353 24.4831
35.80601437933051 24.3341
35.829412203814705 24.3151
35.85281157283719 24.1976
35.876395313415884 24.3107
35.8997977874528 24.2143
35.92320180988546 24.2017
35.946790244133936 24.1512
35.97019737933222 24.1403
35.993606066789866 24.1185
36.01701630779276 23.9978
36.04061101440684 23.9889
36.06402437852291 24.0275
36.08743930005611 24.0037
36.1108557802951 23.9536
36.13445678011326 23.8648
36.15787639383515 23.883000000000003
36.18129757014299 23.8203
36.20472031032821 23.773000000000003
36.22832762423364 23.6908
36.25175350829375 23.6824
36.275180960119776 23.598000000000003
36.298609981005924 23.6405
36.32222362992669 23.6023
36.34565580510207 23.6071
36.36908955323448 23.4816
36.39252487562093 23.3866
36.416144880530226 23.4272
36.43958336764275 23.4036
36.463023432914625 23.3771
36.486465077645676 23.3826
36.51009145956204 23.4585
36.53353627947859 23.3255
36.55698268276811 23.2791
36.58043067073321 23.2726
36.60406345072071 23.1423
36.62751462435344 23.1134
36.65096738658405 23.1013
36.67460498210655 23.0989
36.69806093788647 23.0206
36.72151848619297 23.0015
36.744977628333636 23.0284
36.76862165890998 22.9112
36.79208400512205 22.973000000000003
36.81554794910557 22.9405
36.83901349217101 22.7376
36.862663978991606 22.7862
36.88613273667352 22.7612
36.90960309738324 22.8237
36.933075062434064 22.6632
36.95673202673572 22.6193
36.98020721697122 22.5807
37.003684015502365 22.4767
37.027162423645365 22.4295
37.050825886711465 22.4412
37.07430753063053 22.4218
37.09779078812467 22.4508
37.121275660513014 22.4494
37.144945643673694 22.353
37.16843376245278 22.3796
37.19192350009803 22.3548
37.215414857931435 22.3
37.239091382563885 22.2089
37.262585997426164 22.2214
37.28608223645736 22.1664
37.309763684451696 22.0908
37.33326318851098 21.9832
37.356764320726555 22.059
37.380267082425526 22.0548
37.40395510942588 22.0138
37.42746114683234 21.9387
37.45096881771841 21.8961
37.474478123414166 21.8493
37.49817275092816 21.8661
37.52168534303452 21.8141
37.54519957395567 21.7294
37.568715445024665 21.7115
37.592416694607714 21.6684
37.61593586281424 21.7206
37.63945667518264 21.7561
37.66297913304891 21.5909
37.68668702630454 21.5408
37.710212792059274 21.5182
37.733740207334854 21.4851
37.757269273470364 21.4679
37.780983832050374 21.4025
37.80451621684926 21.4407
37.82805025654007 21.4067
37.851585952464795 21.3448
37.8753071980695 21.2826
37.89884622345676 21.2528
37.92238690911902 21.2275
37.94611318753442 21.193
37.969657210779765 21.180999999999997
37.99320289834801 21.1357
38.016750251586465 21.0209
38.04048325513017 21.0093
38.06403395679343 20.9846
38.087586328183946 20.9833
38.11114037065203 20.9945
38.13488012115898 20.9632
38.1584375229181 20.8644
38.181996599821 20.8045
38.205557353221124 20.8867
38.229303872575656 20.816
38.2528679961576 20.8067
38.27643380031219 20.6642
38.30000128639589 20.6934
38.32375459653193 20.6424
38.34732546371299 20.6514
38.37089801690786 20.5629
38.39447225747609 20.4946
38.418232380377425 20.5217
38.441810012983396 20.5494
38.46538933705673 20.4492
38.488970353960084 20.4821
38.51273731166058 20.419
38.536321731567014 20.2548
38.55990784840681 20.3057
38.58367995004091 20.3115
38.60726947812959 20.1575
38.63086070726198 20.2318
38.654453638806274 20.2424
38.678232613930824 20.072
38.70182896773327 20.069000000000003
38.72542702806741 20.046
38.7490267963045 20.0978
38.77281266709232 20.0018
38.79641586862214 20.0021
38.8200207821842 19.9396
38.843627409152944 19.9413
38.86742019782782 19.9114
38.891030269149255 19.8842
38.914642058016156 19.8821
38.938255565806124 19.7993
38.96205529464307 19.7505
38.98567225787121 19.7614
39.00929094417078 19.7169
39.03291135492255 19.7324
39.05671804624804 19.6695
39.080341923549106 19.643
39.103967529460334 19.608
39.127594865365744 19.5488
39.15140854155791 19.4847
39.17503935514948 19.5695
39.19867190290282 19.4705
39.22249083587951 19.3906
39.24612686969409 19.4556
39.269764641845306 19.4087
39.293404153722804 19.4033
39.317230110864074 19.2586
39.34087311998506 19.3157
39.36451787301696 19.2532
39.388164371352595 19.1886
39.41199737518003 19.1783
39.43564738196752 19.122
39.45929913825317 19.1369
39.48295264543308 19.1107
39.506792718520884 19.0752
39.530449745387216 19.0884
39.55410852735203 19.0732
39.57776906581474 19.0831
39.60161623079 18.9592
39.625280300200025 18.9577
39.64894613032202 18.8557
39.67261372255866 18.8413
39.6964680021016 18.878
39.72013913657293 18.8535
39.74381203738292 18.8052
39.76748670593756 18.7071
39.79134812278169 18.707
39.81502634488497 18.6778
39.83870633896685 18.6182
39.862388106436654 18.6194
39.88625668336918 18.567
39.90994201572829 18.5968
39.933629125719285 18.5151
39.957503091207826 18.5685
39.9811937746168 18.5542
40.00488623990914 18.4528
40.02858048850006 18.3612
40.05246165409549 18.2951
40.076159487492085 18.2434
40.099859108448875 18.3739
40.123560518384345 18.3309
40.1474489070226 18.311
40.171153913178564 18.2716
40.194860712584955 18.1676
40.2185693066637 18.1986
40.242464941335314 18.1411
40.26617714307655 18.0906
40.289891143772046 18.1239
40.3136069448471 18.0353
40.33750984859743 18.0338
40.3612292688043 17.9977
40.3849504936829 17.959
40.40867352466194 17.9703
40.43258372059144 17.9606
40.45631038219906 17.9092
40.48003885420956 17.8429
40.503769138055105 17.8809
40.52768664931955 17.7653
40.55142057531802 17.7791
40.57515631746428 17.7353
40.599079334038514 17.7229
40.62281872700477 17.6636
40.64655994043941 17.6729
40.67030297578061 17.6519
40.69423334835778 17.6087
40.71798004609188 17.5117
40.74172857006355 17.5013
40.76547892171441 17.5676
40.7894166736039 17.4791
40.813170699248566 17.4014
40.83692655691388 17.4558
40.86068424804498 17.4432
40.884629402612525 17.3786
40.908390779366385 17.4414
40.932153993938 17.3391
40.95591904777605 17.3458
40.979871628443995 17.3202
41.003640379561936 17.3275
41.02741097430883 17.2472
41.05118341413683 17.2234
41.075143444384416 17.2081
41.098919593177826 17.2027
41.1226975914255 17.1237
41.14647744058318 17.1166
41.170444943946755 17.0284
41.19422851378379 17.0378
41.218013938914645 16.9713
41.24198706625173 16.9076
41.26577622087193 16.9831
41.289567235177785 16.9235
41.31336011063129 16.8719
41.337340752422875 16.8039
41.361137369129835 16.8574
41.38493585138705 16.7824
41.40873620066004 16.7453
41.43272438060107 16.7464
41.45652848292052 16.6976
41.48033445666918 16.6461
41.50414230331616 16.5829
41.528138045159764 16.6955
41.551949656675205 16.5823
41.575763145513235 16.6297
41.59957851314666 16.5747
41.62358184070442 16.5138
41.64740098505737 16.5296
41.6712220126409 16.4836
41.69504492493139 16.3975
41.71905586207357 16.4275
41.74288256296395 16.4201
41.766711153007456 16.3865
41.79054163368412 16.322
41.814560204340054 16.3049
41.838394485526365 16.3008
41.86223066180303 16.2358
41.88625497706819 16.1953
41.910094962812 16.2328
41.93393684811168 16.1707
41.95778063445365 16.0804
41.981812625263366 16.1079
42.00566023303407 16.0808
42.029509746323676 16.0574
42.05336116662236 16.0438
42.077400857069705 15.9816
42.10125611078846 15.9983
42.12511327600405 15.9222
42.14897235421036 15.9552
42.173019768448455 15.8466
42.19688269209613 15.8309
42.22074753323349 15.8202
42.24461429335818 15.8063
42.268669455600495 15.7428
42.292540073217886 15.7507
42.31641261433284 15.7522
42.34028708044675 15.7528
42.36435001496739 15.6865
42.38822835065557 15.6871
42.41210861586426 15.6365
42.4359908120986 15.6554
42.46006154323262 15.5789
42.48394762115317 15.5211
42.507835634632315 15.5345
42.531912233047436 15.4831
42.55580413732265 15.5236
42.579697981698 15.4378
42.60359376768525 15.4322
42.62767820545945 15.3942
42.65157789440821 15.3857
42.67547952952185 15.3213
42.699383112316 15.3491
42.72347541395347 15.2549
42.74738291190531 15.1992
42.771292362102166 15.2392
42.795203766063516 15.2069
42.819303956130405 15.2089
42.843219287476536 15.142000000000001
42.86713657716324 15.1438
42.89105582671383 15.087
42.91516392983864 15.1023
42.939087119032166 15.0599
42.963012272677304 15.01
42.98693939230129 14.9505
43.01105543317513 14.9777
43.034986504731386 14.9384
43.05891954686589 14.9377
43.08285456110972 14.8952
43.10697856448665 14.8782
43.130917542983475 14.789000000000001
43.15485849820081 14.8288
43.17880143167367 14.7957
43.20293342237094 14.7468
43.226880332449 14.7254
43.25082922540554 14.6866
43.27496722682525 14.6989
43.29892010567796 14.6404
43.32287497204102 14.5977
43.34683182745632 14.6212
43.370977859791836 14.5968
43.39493871351105 14.497
43.41890156092628 14.5964
43.44286640358341 14.5189
43.46702049182749 14.4992
43.49098934522816 14.4324
43.51496019852649 14.4873
43.5389330532723 14.4055
43.56309522248204 14.3913
43.58707210044314 14.3593
43.61105098451946 14.3183
43.63503187626491 14.2779
43.659202151562134 14.2834
43.68318707902681 14.2621
43.70717401884041 14.2351
43.731162972560874 14.189
43.75534137913236 14.1729
43.779334381108384 14.1555
43.803329401683186 14.1286
43.82732644241872 14.0993
43.8515130055166 14.1083
43.87551410707659 14.0434
43.89951723350145 14.0887
43.923709934595614 14.040999999999999
43.94771713129917 14.0044
43.97172635758096 13.9703
43.99573761501002 13.9714
44.0199385169922 13.9118
44.04395385732619 13.8782
44.067971233533086 13.8698
44.09199064718605 13.8505
44.11619977548961 13.8196
44.14022328470671 13.7994
44.16424883610785 13.7729
44.18827643127035 13.8
44.21249381139513 13.7216
44.236525514814076 13.703
44.26055926674478 13.6636
44.28459506876863 13.6682
44.3088207262813 13.6266
44.33286064928722 13.5931
44.35690262714919 13.5838
44.38094666145278 13.5658
44.4051806219871 13.5374
44.42922879003185 13.4881
44.45327901929361 13.4754
44.477331311362136 13.45
44.501573600619416 13.4403
44.525630039221795 13.4237
44.54968854541895 13.3928
44.573937102200176 13.3559
44.5979997645541 13.3525
44.622064499300315 13.3242
44.64613130803592 13.3172
44.67038823869318 13.328
44.69445921643748 13.2574
44.718532272981385 13.197000000000001
44.742607409926194 13.2179
44.76687274034801 13.1989
44.79095205918753 13.1403
44.81503346325094 13.1431
44.839116954143876 13.0786
44.86339071028742 13.0867
44.88747839599524 13.075
44.91156817336837 13.0699
44.93566004401666 13.0094
44.959942251908146 12.9789
44.984038330325966 13.0164
45.00813650686762 12.937999999999999
45.03223678314731 12.9259
45.05652746888232 12.9003
45.08063196592069 12.8546
45.104738567558705 12.8165
45.128847275414856 12.8994
45.15314646515866 12.8071
45.17725940679741 12.7288
45.20137445952892 12.734000000000002
45.22568004865265 12.7439
45.24979934496396 12.738
45.27392075725247 12.7119
45.29804428714431 12.661
45.322358426247604 12.6437
45.346486212804315 12.5815
45.370616121861914 12.609000000000002
45.39474815505086 12.5695
45.41907087049246 12.5434
45.4432071734666 12.5496
45.46734560548283 12.5449
45.49148616817604 12.535
45.51581748638564 12.5171
45.5399623320197 12.4529
45.56410931325473 12.4508
45.58825843173002 12.3896
45.61259837920865 12.3893
45.636751793816 12.3451
45.66090735060093 12.3038
45.68506505120716 12.3039
45.7094136545275 12.304
45.73357566449271 12.2509
45.75773982322992 12.2722
45.78190613238733 12.2369
45.806263418194064 12.1635
45.83043404997326 12.1741
45.85460683713677 12.175
45.87897065658495 12.1602
45.90314777634752 12.1263
45.92732705646868 12.1187
45.9515084986045 12.0998
45.97588104735473 12.0786
46.00006683541565 12.0153
46.02425479047904 12.022
46.04844491420549 12.0551
46.0728262191024 11.9653
46.09702070211635 11.9717
46.12121735879483 11.9225
46.14541619080294 11.9166
46.169806278764455 11.9163
46.194009483459034 11.8746
46.21821486849841 11.8168
46.24242243555223 11.7857
46.266821333570014 11.799000000000001
46.29103328674601 11.7927
46.31524742696538 11.7625
46.33946375590237 11.7199
46.36387149104216 11.7215
46.38809221957392 11.6726
46.41231514186606 11.6628
46.436540259597464 11.6631
46.460956858999374 11.6477
46.48518638983522 11.674000000000001
46.509418121166966 11.5987
46.533652054678114 11.5549
46.55807754555709 11.5363
46.58231590571962 11.5421
46.60655647313217 11.4842
46.630988654873654 11.4497
46.655233659129024 11.4333
46.67948087571551 11.4105
46.70373030632484 11.3845
46.72817142736393 11.3786
46.752425308428684 11.3665
46.77668140861147 11.3193
46.80093972960865 11.3107
46.82538981736788 11.3313
46.849652602470904 11.3028
46.87391761349769 11.2819
46.8981848521493 11.2474
46.9226439341274 11.2374
46.946915650573224 11.1662
46.97118959976749 11.152999999999999
46.99546578341598 11.1547
47.019933887188216 11.1469
47.04421456235744 11.1282
47.06849747711879 11.1212
47.09278263318286 11.0977
47.11725978640143 11.0804
47.14154944775105 10.9989
47.165841355555656 11.0089
47.1901355115306 11.0019
47.214621741924994 11.0049
47.23892041698887 10.9733
47.26322134538975 10.904000000000002
47.28771440635075 10.8929
47.31201986422527 10.8997
47.33632758061436 10.8794
47.360637557241866 10.8688
47.38513974410611 10.8318
47.40945426407847 10.7924
47.43377104948137 10.7951
47.45809010204344 10.7989
47.48260144275502 10.7607
47.506925052572285 10.7222
47.53125093475548 10.7183
47.55557909103813 10.6593
47.58009961361992 10.6392
47.60443234110732 10.6295
47.62876734791564 10.6669
47.65310463578333 10.6424
47.6776343683373 10.6322
47.7019762413987 10.5695
47.72632040075572 10.5425
47.75066684815169 10.5486
47.77520581885936 10.5179
47.799556865477655 10.4784
47.823910205386 10.4825
47.84826584033272 10.4725
47.87281407745551 10.4242
47.89717432569297 10.4517
47.92153687423484 10.4157
47.94609208429692 10.3979
47.97045925671401 10.3642
47.99482873471275 10.3637
48.01920052005013 10.3667
48.04376504619224 10.3195
48.068141469543484 10.323
48.09252020552573 10.2991
48.11690125590099 10.2425
48.1414751266064 10.2287
48.16586082917454 10.2449
48.19024885144316 10.2192
48.2146391951793 10.2244
48.239222439012764 10.1907
48.26361744916137 10.1535
48.28801478610016 10.1547
48.31241445160131 10.1334
48.337007097209366 10.0666
48.36141144338331 10.0805
48.38581812345755 10.0181
48.41022713920929 10.0081
48.434829215320704 10.019
48.45924292604658 10.0012
48.48365897780325 10.0054
48.50807737237308 9.99272
48.532688907799276 10.0145
48.55711201168574 9.96753
48.581537463754074 9.941
48.60615611725119 9.91114
48.63058628942721 9.87567
48.65501881516546 9.85261
48.6794536962573 9.824580000000001
48.70408185970339 9.803460000000001
48.72852147531801 9.78427
48.75296345168211 9.7464
48.77740779059232 9.77033
48.80204549302823 9.73119
48.82649458091802 9.74869
48.85094603676547 9.6794
48.87539986237231 9.69754
48.90004713292306 9.68148
48.92450572200832 9.67867
48.94896668628025 9.617560000000001
48.97343002754588 9.62952
48.99808689542115 9.604560000000001
49.02255501470614 9.61808
49.04702551642794 9.55707
49.0714984023988 9.55455
49.096164896893235 9.54678
49.120642575466796 9.51431
49.145122643748394 9.47017
49.16960510355558 9.46314
49.19428125404938 9.45251
49.2187685210852 9.41737
49.243258185121555 9.403319999999999
49.26794160167084 9.37992
49.2924360839405 9.357569999999999
49.31693296869764 9.34336
49.34143225776915 9.33755
49.36612538195438 9.31865
49.39062950396021 9.33906
49.41513603578346 9.28658
49.4396449792564 9.290189999999999
49.46434784069503 9.32245
49.488861631846454 9.25313
49.513377840166804 9.20148
49.537896467493745 9.179739999999999
49.56260909589029 9.14752
49.587132585683285 9.19104
49.611658500018365 9.15301
49.636186840738596 9.11725
49.66090926588511 9.1005
49.685442483902584 9.08192
49.70997813385706 9.102739999999999
49.734516217597076 9.08893
49.75924846937352 9.066130000000001
49.7837914452858 9.02789
49.80833686055187 9.02082
49.83288471702571 9.00423
49.85762682540054 8.97403
49.882179588965734 8.918560000000001
49.9067347993235 8.92645
49.93129245833333 8.93716
49.95604445336378 8.91213
49.98060703442832 8.88993
50.005172069746266 8.89419
50.02993150438364 8.867280000000001
50.05450147301533 8.84225
50.07907390151433 8.84217
50.10364879174981 8.78389
50.12841816587289 8.78859
50.1529980044635 8.82165
50.17758031042124 8.762889999999999
50.20216508562089 8.74692
50.22694442953363 8.7036
50.25153416817468 8.70154
50.27612638170508 8.68259
50.300721072005196 8.654860000000001
50.325510416102105 8.67784
50.350110084975064 8.61143
50.37471223628208 8.63735
50.39931687190919 8.62107
50.424116246675766 8.59239
50.44872587605249 8.547239999999999
50.47333799543065 8.54932
50.49795260670191 8.54926
50.52276204271512 8.506110000000001
50.54738166295838 8.52967
50.57200378079314 8.51716
50.596628398116835 8.48659
50.62144792604559 8.450510000000001
50.646077567609396 8.447460000000001
50.670709714377715 8.41713
50.69553683636198 8.39356
50.72017401885922 8.36093
50.7448137122895 8.38215
50.76945591856022 8.38692
50.79429318636823 8.32275
50.818940443716784 8.31592
50.84359021965163 8.29594
50.868242516085964 8.29205
50.893089960641895 8.27179
50.917747323549435 8.26768
50.94240721271973 8.2569
50.96706963007175 8.199010000000001
50.99192728239342 8.23
51.01659478166073 8.2227
51.04126481489051 8.17868
51.06593738400761 8.15731
51.090805275207074 8.12428
51.11548294172845 8.10548
51.14016314993547 8.12518
51.164845901758845 8.08573
51.18972406304274 8.09751
51.21441192780656 8.04725
51.23910234200271 8.04151
51.2637953075678 8.02726
51.288683770237945 8.011989999999999
51.31338186432707 7.98527
51.33808251561888 7.970110000000001
51.362978729967345 7.96825
51.387684521509755 7.93209
51.41239287610203 7.91372
51.437103795691165 7.932060000000001
51.46201036644977 7.897310000000001
51.486726441956634 7.8867199999999995
51.51144508832545 7.8406
51.536166307509156 7.833310000000001
51.56108326624387 7.83652
51.58580965706056 7.824260000000001
51.61053862657523 7.7787
51.635270176746864 7.77066
51.66019755512065 7.78913
51.68493429268881 7.76708
51.70967361681515 7.72085
51.73441552946465 7.71787
51.759353359237934 7.72928
51.7841004750961 7.71868
51.80885018539685 7.676069999999999
51.833602492111254 7.63813
51.8585508051424 7.64963
51.883308330926425 7.6189
51.90806845906181 7.6432199999999995
51.932831191525715 7.581160000000001
51.95779001977161 7.53141
51.98255798721516 7.56584
52.00732856494335 7.5044699999999995
52.03229530577543 7.53357
52.057071130455945 7.50933
52.081849571391054 7.47766
52.106630630568695 7.49792
52.13160794279417 7.45379
52.15639426492067 7.4488
52.18118321127822 7.4701699999999995
52.205974783860896 7.387410000000001
52.23096269971011 7.421460000000001
52.255759551287994 7.371180000000001
52.280559035098186 7.36981
52.30536115314103 7.373589999999999
52.33035970494467 7.324730000000001
52.35516711807904 7.33648
52.37997717147198 7.306539999999999
52.40478986713005 7.33776
52.42979908731974 7.290369999999999
52.454617094216 7.286919999999999
52.47943774942214 7.24808
52.50426105495102 7.2273
52.529280976059844 7.192810000000001
52.554109609024096 7.21125
52.57894089837482 7.1817899999999995
52.60377484613117 7.1711100000000005
52.62880550079408 7.22067
52.65364479223379 7.160939999999999
52.67848674816189 7.13052
52.70352547971946 7.087219999999999
52.72837279155837 7.15879
52.753222773982785 7.11907
52.778075429022984 7.1007
52.80312495150885 7.0429
52.827982978797436 7.049739999999999
52.85284368481815 7.066510000000001
52.87770707160767 7.0114399999999995
52.90276741793998 7.016369999999999
52.92763619336701 6.96996
52.952507655698504 6.9934
52.977381806977576 6.96904
53.00245301017842 7.02804
53.02733256653592 6.934769999999999
53.052214817996074 6.921010000000001
53.077099766608484 6.88972
53.102181859804446 6.88782
53.127072229988265 6.88655
53.15196530349892 6.857289999999999
53.17686108239249 6.84674
53.20195409881522 6.852360000000001
53.22685531582556 6.820410000000001
53.25175924441303 6.77946
53.27666588664027 6.786239999999999
53.30176985962693 6.762160000000001
53.3266819565689 6.759530000000001
53.35159677336455 6.74711
53.376514312083096 6.68883
53.40162927507703 6.699380000000001
53.42655228516116 6.7231
53.45147802340193 6.66775
53.47660125628886 6.678730000000001
53.50153247842639 6.673610000000001
53.52646643496923 6.66025
53.55140312799818 6.62063
53.576537409691696 6.6004
53.60147960336152 6.60347
53.626424539786164 6.5721
53.65137222105307 6.5384
53.67651758529126 6.5671800000000005
53.70147078399681 6.53782
53.72642673383343 6.513999999999999
53.75138543689533 6.53576
53.776541917524526 6.49646
53.801506154876755 6.461130000000001
53.826473151763246 6.4524
53.851442910284916 6.45737
53.87661054126026 6.40831
53.9015858509782 6.45455
53.92656392866066 6.38662
53.95154477641532 6.432919999999999
53.976723591801296 6.33477
54.00171000771266 6.37555
54.02669920004598 6.34741
54.051691170915745 6.338080000000001
54.076881204886796 6.31502
54.101878760928514 6.3288400000000005
54.12687910187696 6.25858
54.152077577768296 6.23909
54.1770835166946 6.22272
54.20209224691339 6.2308
54.22710377055121 6.24814
54.25231352511594 6.18205
54.27733066384342 6.13047
54.30235060239643 6.17408
54.32737334290836 6.15511
54.35259441062629 6.13784
54.377622783395324 6.13215
54.40265396455061 6.14839
54.42768795623251 6.12694
54.45292037169559 6.043880000000001
54.477960012857906 6.0391699999999995
54.50300247099511 6.03209
54.52804774825457 6.0232
54.55329154616743 5.97499
54.57834249018678 5.97256
54.6033962597977 5.9079999999999995
54.6284528571545 5.91413
54.653708072335164 5.87632
54.67877035378786 5.85669
54.70383546947698 5.85809
54.72890342156389 5.90602
54.7541700889442 5.8095099999999995
54.77924374251975 5.7941
54.8043202390049 5.75484
54.82959552413022 5.72755
54.8546777351945 5.70075
54.87976279569621 5.72487
54.90485070780914 5.70694
54.930137506558005 5.69201
54.95523115074295 5.70867
54.98032765308844 5.64529
55.005427015775496 5.60635
55.03072536339621 5.655130000000001
55.05583047570572 5.59903
55.080938454927676 5.58772
55.10604930325027 5.54817
55.131359235107396 5.54521
55.15647585066083 5.47006
55.181595341907496 5.44923
55.20671771104285 5.4667
55.232039262617704 5.48071
55.25716741665048 5.387580000000001
55.28229845518636 5.378019999999999
55.30743238042802 5.27989
55.33276558731939 5.2929699999999995
55.357905315183636 5.28581
55.383047936390035 5.24873
55.40819345314859 5.274830000000001
55.433538351073295 5.263
55.458689688238415 5.20984
55.483843927614096 5.1801900000000005
55.509197623043605 5.15803
55.53435769621134 5.14869
55.55952067826466 5.07399
55.5846865714265 5.07678
55.61005202069737 5.09588
55.63522376553902 5.05966
55.66039842818645 5.02272
55.68557601087004 4.9957
55.7109532500271 4.95205
55.73613670233794 4.96915
