TT I
1.2716486653135266 7.847919999999999
1.2939594142134223 7.4679899999999995
1.3162702121660406 6.76134
1.3385810600174564 6.758769999999999
1.3608919586137629 7.3042
1.383202908801069 6.658360000000001
1.405513911425503 6.37734
1.4278249673332093 6.607069999999999
1.4501343378461518 6.48854
1.4724455028545926 6.466080000000001
1.4947567236847858 6.34638
1.517068001182951 6.28442
1.5393793361953272 6.08403
1.5616907295681737 6.42007
1.5840021821477681 5.7863
1.60631369478041 5.749
1.6286252683124185 4.9709699999999994
1.6509369035901333 5.08936
1.6732468618895553 5.52525
1.695558623192809 4.63455
1.7178704487808514 4.52388
1.7401823395001077 4.83911
1.7625012545597203 5.16862
1.7848028405262486 5.51426
1.8071218901122095 5.37303
1.8294236121921872 4.42363
1.8517427996910911 4.662319999999999
1.8740620574440425 4.88981
1.8963639900671978 4.85647
1.9186833908139995 4.71697
1.9409854680117449 4.69036
1.9633050151394713 4.392440000000001
1.9856246367570705 4.2222800000000005
2.0079269371922672 4.85554
2.03024671027244 4.36231
2.0525491637446027 4.33524
2.074869091674931 4.01403
2.097171701569106 4.30154
2.1194917877373847 4.47279
2.141811954326636 4.2531300000000005
2.164114805233074 4.919630000000001
2.186435135143035 5.00705
2.208738150935709 8.725530000000001
2.231058647554722 13.6072
2.2533792288321184 11.277999999999999
2.275682498336085 6.5323
2.298003251406138 4.94337
2.3203066942619714 4.70236
2.3426276225136022 4.57249
2.3649486396617507 4.80237
2.387252348930071 5.27991
2.4095735463442893 4.77198
2.4318774374315884 5.595680000000001
2.4541988185014043 5.77271
2.476502894794693 6.35216
2.498824462909887 6.20407
2.521146125856138 6.30031
2.5434504863470337 5.80239
2.5657723414244717 5.89676
2.588076895590662 6.63307
2.610398946189713 6.97301
2.6327210958598384 6.27257
2.6550259469304716 6.743530000000001
2.6773482972090137 7.04727
2.6996533504259 7.256069999999999
2.7219759047039602 7.40428
2.744298562293959 7.655069999999999
2.7666039251246595 7.328189999999999
2.7889267918020164 7.312710000000001
2.8112323652516555 7.60832
2.833555444408179 8.071439999999999
2.8558786311183852 8.1581
2.8781845268938557 8.8282
2.9005079311721484 8.60554
2.9228140460410397 9.35668
2.9451376712799635 8.9109
2.967444008632326 9.33116
2.9897678582247247 10.0441
3.0120918213106695 10.2562
3.0343984987899373 10.3547
3.0567226913198637 10.7361
3.079029599759726 11.7088
3.101354025127254 12.4718
3.123678568232338 12.4874
3.145985829517914 12.7234
3.16831061055229 13.734000000000002
3.1906181112775593 14.2785
3.212943133635653 14.8871
3.2352682779763207 15.3773
3.2575761442691227 15.2607
3.2799015350264273 15.8506
3.302209649240067 16.2855
3.3245352898092655 17.0786
3.3468436553365257 17.4921
3.369169549113219 18.0361
3.3914955708171384 18.7752
3.413804319727358 19.0524
3.4361305997334863 18.9321
3.4584396084414553 19.6783
3.4807661501462652 20.5766
3.503092824025881 20.9801
3.5254022288463154 21.2985
3.5477291695206588 22.0489
3.5700388426251948 22.5446
3.5923660534916446 23.7278
3.6146934007816114 30.0381
3.637003482731501 50.5382
3.6593311053109985 53.6145
3.681641464033634 36.8807
3.7039693653009733 27.1153
3.726297407241705 25.9037
3.7486081875460804 25.6778
3.7709365132734978 26.4141
3.793247578841633 26.6663
3.8155761917550093 27.333000000000002
3.8378875459837216 27.5466
3.8602164494827234 27.8891
3.882545499606844 28.6149
3.9048572932539183 29.2517
3.9271866390645718 29.5032
3.9494987298666713 29.705
3.971828374764527 30.6716
3.9941581705403255 31.1476
4.016470713506008 31.6404
4.038800813471445 32.1474
4.061113662089144 32.6833
4.0834440696459176 33.5608
4.105774632334751 34.1451
4.128087945865126 34.9684
4.150418821249301 35.8969
4.172732448931298 37.1824
4.195063640413578 38.5255
4.2173775856475215 40.7004
4.239709096631102 54.3224
4.262040768704612 118.59899999999999
4.284355196706267 149.11
4.306687193387355 105.62
4.329001947444346 57.578
4.35133427213731 45.8139
4.373666762177566 44.1553
4.395982011761091 44.7799
4.418314834921175 45.4888
4.44063041906622 49.2088
4.4629635787515625 54.6808
4.4852969080429785 55.0833
4.5076130004776225 52.9589
4.529946671403969 54.284
4.552263106909177 55.1111
4.574597122877047 54.1261
4.596931312711224 54.5192
4.619248269273446 54.9914
4.6415828092605835 55.8958
4.663900117405352 57.3524
4.686235010953232 58.7637
4.708552674085913 60.0363
4.730887924602802 61.8269
4.753223354952695 63.3619
4.775541557023902 65.4016
4.797877349456786 67.5248
4.820195915032126 68.7706
4.842532072957498 70.0139
4.864868414979744 72.8826
4.88718753227192 75.906
4.909524244902505 77.5528
4.931843734218147 79.3208
4.954180820867835 81.9915
4.976518095879839 84.6799
4.998838149695359 87.8672
5.021175803844231 92.124
5.043496238205739 96.255
5.065834274903528 101.06200000000001
5.088172504230693 107.62799999999999
5.1104935158799565 115.916
5.132832132875765 135.615
5.155153533596801 169.865
5.1774925416746225 245.41400000000002
5.199814334878411 630.719
5.2221537374521505 1654.4
5.244493338631803 3743.58
5.266815727034316 7553.41
5.289155727832427 11332.7
5.311478517248165 8577.52
5.333818921080011 3228.44
5.356159527788849 697.727
5.3784829252032536 221.38099999999997
5.400823940070432 162.97799999999998
5.423147747031976 140.624
5.445489173474152 127.48200000000001
5.467830807066149 122.744
5.490155234831516 118.48899999999999
5.512497285125229 112.74700000000001
5.534822130975162 109.59
5.557164601388673 106.94200000000001
5.579489868738879 103.801
5.601832762690846 102.60700000000001
5.6241758697774475 101.681
5.646501775867269 100.648
5.668845311622074 99.4769
5.691171647754637 98.7257
5.713515615597765 97.2879
5.735859800852677 96.6826
5.758186788542988 97.0151
5.780531411018185 98.3475
5.802858837297399 98.4317
5.825203900414495 98.6085
5.8475491852224 100.49700000000001
5.869877275883075 100.271
5.892223006467101 100.69200000000001
5.914551544266608 102.594
5.936897724049891 107.111
5.959244129804903 117.62799999999999
5.981573344815301 162.955
6.0039202049061 338.815
6.026249875609095 694.965
6.04859719346037 1306.35
6.070927323278297 2381.77
6.093275102315365 4037.43
6.115623113320588 4849.28
6.137953938319995 3277.47
6.160302415650845 1087.86
6.182633708324452 270.58799999999997
6.2049826554078376 125.993
6.227331838745022 99.4396
6.249663839443684 89.7407
6.27201349767565 85.368
6.294345974611799 85.4968
6.316696111167083 88.5052
6.339046488263839 84.4594
6.361379686074702 77.3004
6.383730546639482 73.2551
6.406064229255215 71.4681
6.428415576718203 71.3817
6.450749747566656 69.9339
6.47310158535871 68.4673
6.495453669698332 67.1776
6.517788579421056 66.3802
6.540141159237969 65.4244
6.562476565766648 64.80199999999999
6.5848296444934045 64.5737
6.607182974060425 64.2096
6.6295191323281015 63.8718
6.651872965955752 64.9379
6.6742096296068985 74.3683
6.6965639707294615 92.3477
6.71891856698715 92.3162
6.741255995248479 74.5843
6.763611104154477 63.9521
6.785949046381137 60.799
6.808304671371482 60.0622
6.8306605557940046 59.9061
6.852999275508618 59.3101
6.875355681171544 58.3118
6.897694923437771 58.1714
6.92005185377892 58.163000000000004
6.9423916220322655 57.2529
6.964749080490181 57.0107
6.987106804399774 57.02
7.009447368180821 57.0597
7.031805625367033 56.8018
7.054146723727803 56.3602
7.076505517631004 56.1369
7.098864581288365 56.4882
7.121206488070854 56.1872
7.143566093607822 56.2501
7.165908543567245 56.3794
7.188268694426048 56.5433
7.2106291193438095 55.8161
7.232972390625943 56.7396
7.255333366030969 61.8135
7.277677189091925 82.8682
7.300038718428332 102.037
7.322400526130865 91.2718
7.344745183422596 69.1746
7.367107550224791 58.38399999999999
7.389452767901992 56.4681
7.411815697249891 55.9814
7.434161478756298 55.1248
7.456524974096713 55.2698
7.478888753837185 55.4001
7.501235387657368 55.63399999999999
7.523599738562711 55.7452
7.545946944825532 55.9543
7.568311870344528 56.4846
7.5906770845765665 56.5508
7.613025156078678 56.8892
7.635390950099687 57.7606
7.657739602662809 57.3014
7.680105979923558 57.1045
7.702472650212829 57.6473
7.724822180948224 57.6271
7.747189439655568 57.5741
7.769539560075357 57.4672
7.791907410653562 57.9751
7.81425812420825 58.156000000000006
7.836626570110925 57.9863
7.858995315087906 58.9702
7.881346924933401 59.2063
7.903716270417482 60.0693
7.926068482028405 60.1972
7.948438431475253 60.8094
7.9708086843180235 61.4909
7.993161805171116 62.3034
8.015532667162402 62.4298
8.037886398416653 63.3733
8.060257873014221 64.4001
8.082629655331942 65.1645
8.104984308787587 65.9411
8.127356708900503 68.0965
8.149711981398308 71.3834
8.172085002766314 72.827
8.194458336181368 71.6145
8.216814543847752 70.8146
8.23918850371002 71.5773
8.26154533906492 72.9907
8.283919928836452 74.5451
8.306277395339652 75.5941
8.328652618483376 77.1299
8.351028159736202 79.4269
8.373386579575245 81.8093
8.395762759396959 84.145
8.418121819038275 88.0509
8.440498640894003 96.9915
8.462875785192262 111.542
8.485235811156207 148.63299999999998
8.507613602688501 232.419
8.529974277114228 352.81699999999995
8.552352719347912 514.672
8.574731488360351 778.053
8.59709314210385 1211.82
8.619472567021075 1732.9
8.64183487789147 2097.12
8.664214962183097 1856.39
8.686577933647762 1005.28
8.708958680784317 399.05699999999996
8.731339760774953 177.055
8.753703729764451 117.993
8.77608547780821 104.757
8.798450116065078 99.7258
8.820832535634787 96.4644
8.843215292401656 95.1132
8.865580941199045 93.9031
8.887964374703538 92.6539
8.910330701447199 92.3919
8.932714815164482 92.2212
8.955099270424924 90.7267
8.977466620733543 89.1466
8.999851761421976 87.8235
9.022219798361645 86.5986
9.04460562795561 86.4594
9.066991803441677 86.0102
9.089360876979615 86.0152
9.111747746589993 85.5302
9.13411751544971 84.8163
9.156505082664324 84.7448
9.178875550323522 84.8746
9.20126381862328 84.4528
9.223652438908596 84.9725
9.246023961427412 84.765
9.26841328802173 84.6754
9.290785518039224 85.5294
9.313175554425882 86.6353
9.335565947154315 86.7201
9.357939245086508 86.3594
9.380330352834827 86.7413
9.40270436697103 87.0338
9.425096193225055 86.4459
9.447488380180165 87.2732
9.469863475295412 87.5707
9.492256385987508 87.7227
9.514632206018318 88.3502
9.537025843935714 88.883
9.559402392368193 89.7716
9.581796761000229 91.3169
9.604191496441521 92.4779
9.626569144158516 94.2511
9.648964615551032 96.1879
9.671343000390081 96.6834
9.693739211225699 96.4944
9.716135793237463 96.1402
9.738515290448102 96.4512
9.760912617143402 97.8154
9.783292860202891 99.524
9.805690935076182 101.162
9.828089385495742 101.962
9.850470754023561 104.426
9.872869957865444 108.98
9.89525208097539 116.337
9.917652041736662 125.238
9.940052382417589 137.436
9.962435644102392 176.993
9.984836746950979 242.704
10.007220771957746 329.61
10.029622640473708 451.338
10.052007432299963 634.0790000000001
10.074410069984072 886.7819999999999
10.096813093716005 1225.67
10.119199042482517 1610.09
10.141602840636468 1829.37
10.163989564971628 1586.66
10.186394141051062 962.311
10.208799107559706 438.23400000000004
10.231187001965623 201.952
10.253592751657669 133.971
10.275981430388155 117.89399999999999
10.298387966769793 114.529
10.320794897965431 114.559
10.343184759907361 113.34200000000001
10.36559248305461 109.884
10.387983138083852 110.51899999999999
10.410391656691655 121.0
10.432800574501677 139.036
10.455192425893369 160.437
10.47760214443012 190.85299999999998
10.499994797678786 235.477
10.522405320453982 304.195
10.54479877906917 392.305
10.567210109595656 487.092
10.5896218454736 550.187
10.612016518879773 509.42
10.634429067781074 359.662
10.656824555333241 206.858
10.679237920773568 127.824
10.701651695961992 99.4461
10.724048411481384 92.5598
10.746463008485165 89.5411
10.768860546937125 87.9147
10.791275969274796 85.7628
10.81369180576079 84.5911
10.836090585366925 83.6272
10.858507252467449 82.4199
10.88090686379991 81.1804
10.903324365036394 80.803
10.925724811614439 79.9185
10.948143150509463 80.3508
10.970561909719066 79.6653
10.992963615930844 78.1695
11.015383218085756 76.8378
11.037785768347074 75.6585
11.06020621697282 74.7134
11.082627090322113 74.0176
11.105030913430326 73.7394
11.12745263854165 73.3993
11.149857314510728 74.1081
11.172279894912576 76.7692
11.194702904450653 76.3884
11.217108866490921 74.4817
11.239532736615194 72.3931
11.26193956033512 71.0219
11.284364294577085 70.4914
11.306789462371718 69.4371
11.329197585398376 68.8644
11.351623622610898 68.7747
11.37403261614354 67.7951
11.396459526308487 67.8567
11.418869393879497 67.292
11.441297180532617 67.252
11.463725406927658 66.8232
11.486136592353875 66.0904
11.508565700543707 66.3491
11.530977768845315 67.2114
11.553407762368774 67.157
11.575838200059769 66.7249
11.598251599479612 65.9169
11.620682927815501 65.3666
11.64309721895548 65.4806
11.665529441478206 65.1969
11.687962112597958 64.8448
11.710377748130886 64.5881
11.732811318753434 64.4336
11.755227854859067 64.3766
11.777662328529495 64.4517
11.800079768750786 64.3243
11.822515149015453 64.167
11.844950984084935 64.641
11.867369787303163 64.2568
11.889806534289491 64.3306
11.912226250487029 64.9546
11.934663912939751 64.9223
11.9571020346363 64.9027
11.979523127133968 65.1223
12.001962169624331 66.8994
12.024384183972964 69.5644
12.046824150809913 74.2067
12.069264581333726 80.8383
12.091687985297767 87.4359
12.11412934550045 97.1184
12.136553680195208 110.805
12.158995973632788 130.333
12.181438735204349 152.233
12.20386447284199 177.688
12.226308172985636 204.058
12.24873485024193 201.27700000000002
12.271179492516982 171.196
12.293607112949127 128.548
12.316052700916226 93.5266
12.338498763250042 76.4303
12.360927805303868 69.6014
12.383374818673879 67.355
12.405804812803074 66.1627
12.428252780773262 65.8867
12.45070122756722 66.1016
12.473132656675375 66.145
12.49558206341869 66.3797
12.518014453510101 66.4143
12.540464823770117 66.4368
12.562915677315177 66.3974
12.58534951575545 66.8283
12.607801338171472 67.6836
12.630236146511358 70.0432
12.652688941369085 72.4787
12.675124723177234 72.5816
12.697578494048786 71.5724
12.720032754458185 70.0159
12.742470003354093 69.6918
12.764925245138771 69.7372
12.787363476431278 70.1236
12.809819703166806 70.7069
12.83227642391173 71.3261
12.854716135692716 71.8813
12.877173846755147 72.913
12.899614549869717 73.663
12.9220732548287 74.5205
12.94453245827299 74.8974
12.966974655289818 75.8417
12.989434858002571 77.0223
13.011878055298721 77.7101
13.034339260862497 78.7646
13.056800969391883 80.4702
13.079245674017244 83.689
13.101708390774869 89.4009
13.12415410463411 101.243
13.146617833206086 115.39299999999999
13.169064559883248 129.44
13.191529303857127 146.589
13.213994557076367 170.801
13.236442809902437 205.877
13.258909083908291 249.762
13.28135835851934 297.493
13.30382565690295 353.579
13.326293469022952 402.139
13.348744283242008 415.778
13.371213125129904 363.44800000000004
13.39366497011003 270.65
13.416134845360597 180.887
13.438605238843131 130.54399999999998
13.46105863690397 116.85
13.483530069144786 119.37299999999999
13.505984506951902 126.212
13.528456981549432 138.447
13.550929978879088 154.296
13.573385983253365 176.515
13.595860028340867 208.08599999999998
13.618317081455832 246.55599999999998
13.64079217790333 290.26099999999997
13.663250283359057 331.681
13.685726434770173 360.528
13.708203115221277 341.186
13.730662806148091 273.14799999999997
13.75314054697177 196.037
13.775601299246777 133.781
13.798080104050406 101.16799999999999
13.820559442405358 88.4926
13.843021793671388 84.5528
13.865502201420897 82.898
13.887965623051947 82.238
13.910447103807167 80.9217
13.932929122629764 79.6159
13.955394156785959 79.1089
13.977877254034569 78.1131
14.000343367582113 77.6225
14.022827546871707 76.9574
14.045294743423524 76.1749
14.06778000837062 75.539
14.090265817715476 75.2633
14.112734645763819 74.8378
14.13522154619454 74.3201
14.157691466286913 74.0626
14.180179461423874 73.8818
14.202668005486178 73.3593
14.22513957064374 72.9455
14.247629214846473 72.4203
14.270101881097517 72.3115
14.29259262906496 72.2585
14.315083930490205 72.6221
14.337558255389705 72.4111
14.360050666019726 72.5344
14.382526101071944 71.7465
14.405019624534942 71.215
14.427513705993134 71.2286
14.449990813291825 70.9506
14.47248601302899 71.018
14.49496423954951 71.1952
14.517460561197822 71.0998
14.539939910570322 70.992
14.562437357763558 71.4904
14.58493536931253 71.9212
14.607416409993311 72.4198
14.62991555254159 72.7592
14.652397725157423 72.7264
14.674898002342799 72.9829
14.697398848433282 73.1447
14.719882725991326 74.7093
14.74238471217934 77.8212
14.764869730765593 82.9047
14.787372860692983 87.1369
14.809876564079925 92.5409
14.83236330125751 99.2494
14.854868153850365 108.272
14.877356041159485 121.57
14.899862046604186 136.562
14.922351087688757 155.498
14.944858249632887 177.577
14.967365991421232 199.28599999999997
14.989856770231246 215.918
15.012365673994204 214.52700000000002
15.03485761569738 191.27599999999998
15.05736768508665 151.064
15.07987833888692 117.515
15.102372032001655 93.0061
15.124883856909658 79.1873
15.14737872204565 74.6288
15.169891721717274 72.8608
15.192405310371893 72.6813
15.214901940621196 72.3392
15.237416709527137 71.8423
15.259914520936249 71.8312
15.282430473753607 70.819
15.304947020131227 70.1063
15.327446610371178 69.4778
15.349964346154254 68.9536
15.372465126703139 68.9511
15.394984055556009 68.655
15.417486030076159 68.2825
15.44000615566487 68.2008
15.462526881230803 68.1536
15.485030653812652 68.0388
15.507552581617434 67.9082
15.530057557334603 67.8736
15.55258069104857 67.9137
15.575104429329837 68.3282
15.597611216864632 68.4182
15.620136166564563 69.2207
15.6426441664095 71.9118
15.665170331202765 75.7754
15.687697105158826 79.5716
15.710206930593545 83.5923
15.732734925158933 88.5252
15.755245972089478 94.8465
15.77777519094324 104.117
15.800287463046663 115.596
15.822817909869592 129.99200000000002
15.84534897229804 145.355
15.867863089299354 165.31099999999998
15.890395385222186 180.965
15.912910736597423 191.896
15.935444269699861 185.84099999999998
15.957978423016485 160.477
15.980495633101265 129.625
16.003031029129367 100.831
16.02554948280019 80.1162
16.048086125229432 69.5557
16.070623392487107 66.3449
16.09314371869582 65.0595
16.11568223789321 63.9867
16.13820381691126 63.2395
16.160743591742527 62.6675
16.183283996022084 62.0337
16.205807461423195 61.1189
16.228349126881973 60.5973
16.25087385432698 60.7541
16.27341678466365 59.9372
16.29594277784926 59.5433
16.31848697676433 59.5874
16.341031811604868 59.4666
16.36355971058487 59.4253
16.3861058195587 59.1774
16.40863499352978 58.4038
16.431182380342005 57.8995
16.453730407713202 57.4957
16.476261501364792 57.2464
16.498810812136167 57.0125
16.52134319004079 57.0575
16.54389378792203 57.0745
16.566445031001553 57.0251
16.588979342490088 56.7899
16.61153187824822 56.6664
16.634067483263312 56.486000000000004
16.656621315414416 56.4158
16.679175797408888 55.8964
16.701713349928728 56.2574
16.72426913389191 56.4591
16.74680798922351 56.4487
16.76936507887444 56.2229
16.791905240734874 56.6141
16.814463639794468 56.6082
16.837022695210294 56.4799
16.859564824093756 56.6815
16.882125194503903 56.8905
16.904668639217885 57.2294
16.927230328348003 57.1814
16.949792678493612 57.5297
16.972338104193863 57.33
16.994901778652235 57.178999999999995
17.017448529496576 57.4236
17.040013531998152 58.0054
17.06257920018044 58.8974
17.0851279459922 59.7743
17.107694947817667 60.6954
17.130245028099072 61.5454
17.15281336730298 62.972
17.17536478578733 64.7644
17.19793446610687 66.9344
17.220504818648422 69.6665
17.243058251703697 71.9777
17.265629950971032 75.2408
17.288184731571736 79.2019
17.310757781306908 83.0185
17.33333150794385 84.4923
17.355888317140174 83.5158
17.37846339986244 79.0654
17.401021565958885 72.8184
17.42359800851343 67.7845
17.44617513265564 64.2993
17.468735341390783 61.998999999999995
17.491261035594565 61.0157
17.51396340099364 60.7313
17.536490463869136 60.8043
17.559018209820174 60.9926
17.58154663977963 60.9577
17.604251766089718 61.2178
17.626781572227713 61.4945
17.64931206518155 61.8187
17.671843245885103 62.1985
17.69455114821572 62.3613
17.717083712612634 62.6692
17.739616967569667 62.92100000000001
17.762150914021706 63.5857
17.78486160749854 63.5045
17.807396945166804 64.7801
17.829932977143503 66.6234
17.85246970436452 68.916
17.875183204129467 71.017
17.897721330097664 73.4
17.920260154126645 76.0245
17.942799677153296 79.6259
17.9655159983646 83.2369
17.988056927677544 88.2746
18.010598558807683 95.1486
18.033140892692916 102.931
18.05586005052525 110.949
18.07840379824407 119.98
18.10094825154059 129.753
18.12366954819864 139.09
18.146215420998306 141.993
18.16876200220057 135.671
18.191309292745153 123.167
18.214033452627167 109.089
18.236582170236648 96.7346
18.259131600016456 90.7823
18.281681742907335 89.7787
18.304408781233683 92.0641
18.32696035875955 95.4709
18.349512652227624 99.18799999999999
18.372065662579683 103.78399999999999
18.394795594587553 105.396
18.41735004715306 103.639
18.43990521943684 96.9851
18.46246111238171 88.0177
18.485193953325208 78.4133
18.507751296070428 71.3561
18.530309362314178 67.3741
18.552868153000343 65.2785
18.57560391815056 64.0119
18.59816416623245 63.4444
18.620725141597372 62.9151
18.643286845190268 62.5173
18.666025549835414 62.1798
18.688588718427933 61.3364
18.711152618092243 61.4138
18.73389353884365 61.13
18.75645890921984 60.7827
18.77902501351406 60.4486
18.801591852673102 60.4093
18.824335739722738 59.8655
18.846904057212626 59.7551
18.8694731124168 59.4758
18.89204290628315 59.46
18.914789774966803 59.2336
18.937361054791623 58.8999
18.959933076131318 58.6251
18.982505839934877 58.6919
19.00525570560582 58.701
19.027829963004184 58.585
19.05040496572238 58.8003
19.072980714710468 58.9278
19.095733592739563 59.2179
19.11831084296757 59.7646
19.140888842324735 60.0951
19.16346759176222 60.4674
19.18622349753803 60.8293
19.208803755869358 62.0153
19.231384767143577 63.1591
19.253966532312948 64.4319
19.276725481241822 66.0903
19.29930876296784 67.8273
19.3218928014549 70.2215
19.34465404436217 72.7571
19.36723960516257 74.8943
19.389825925592426 76.6719
19.412413006605938 76.3972
19.43517731967805 73.8341
19.457765930683355 69.6658
19.48035530514408 65.078
19.50294544401556 61.144
19.525712842708348 58.1941
19.54830451925909 56.9089
19.570896963095727 55.9306
19.593490175174704 55.4797
19.616260674962184 55.3779
19.638855432416964 55.0507
19.661450960992624 55.3137
19.68404726164677 55.1046
19.706820878021247 54.9284
19.729418731756834 55.0831
19.752017360452857 55.0438
19.77461676506804 55.2263
19.797393513540218 55.5952
19.819994478951667 55.9827
19.84259622316767 56.4522
19.8651987471481 56.9581
19.887978643247177 57.192
19.91058273574792 57.7524
19.933187610901943 58.6902
19.955969879466828 59.7815
19.97857632894404 61.1815
20.00118356396599 62.5193
20.023791585494575 64.235
20.046577028914875 66.5604
20.069186632506966 68.1381
20.091797025500632 70.4372
20.114408208858933 71.5411
20.137196842715273 72.0675
20.159809615886765 70.7653
20.18242318232135 68.1007
20.20503754298326 65.8216
20.227829382875154 64.1397
20.250445341109344 63.4829
20.27306209647285 63.6595
20.29567964993108 64.5833
20.31847471147704 65.7228
20.34109387027612 66.6097
20.363713830075454 66.7961
20.386334591841646 65.7576
20.409132890679302 62.9698
20.431755265564437 60.0078
20.454378445325528 57.1713
20.477002430930366 55.0285
20.499803982716553 53.5535
20.522429589228004 52.5366
20.54505600449589 52.1963
20.567683229489194 52.1302
20.590488049900088 51.8678
20.61311690359731 51.6494
20.63574656993626 51.4935
20.658553853717297 51.1411
20.681185154618298 51.1384
20.703817271080066 51.0432
20.72645020407368 50.5177
20.749260783967177 50.4731
20.771895359337133 50.4548
20.794530754161617 50.4052
20.817166969412938 50.2182
20.83998086114876 50.2685
20.86261872660049 50.1666
20.885257415405402 50.1109
20.90789692853701 50.0505
20.930714147864748 50.0093
20.953355319030678 50.1294
20.97599731745334 50.1508
20.99864014410749 50.0386
21.021460706796564 50.1001
21.044105199328826 50.383
21.06675052302631 50.5732
21.089396678865015 50.5735
21.112220600704806 50.8867
21.134868430275347 51.2834
21.15751709492456 51.5626
21.180166595629693 51.6343
21.202993892429635 51.9664
21.22564507473034 52.4345
21.24829709602816 52.7543
21.27112693608965 52.9993
21.293780644891275 53.1137
21.316435195634053 52.4357
21.339090589297417 51.7588
21.361923832041875 51.2003
21.384580921090404 50.4489
21.407238856007325 49.9536
21.429897637773326 49.8406
21.45273429906592 49.8923
21.475394784108598 49.8429
21.498056118951983 49.8185
21.520718304578022 50.3163
21.543558400304388 50.4188
21.566222297108816 50.6101
21.58888704765135 50.8012
21.61155265291521 51.3283
21.63439619898156 51.7903
21.657063523335786 52.1448
21.67973170537063 52.5012
21.7024007460706 53.0564
21.72524775840385 53.8427
21.747918526116475 54.8436
21.770590155457388 55.9681
21.79326264741238 57.4708
21.816113141960237 58.6887
21.838787368860547 60.1561
21.861462461341976 61.8414
21.884315579735777 63.6406
21.90699241312273 65.0367
21.92967011506078 65.8677
21.95234868653799 66.1305
21.9752053151131 65.1619
21.997885635446785 63.3182
22.020566828293532 61.0661
22.04324889464272 59.1468
22.066109049404666 57.6631
22.088792872571794 57.0366
22.111477572219204 57.2373
22.1341631493376 57.2616
22.157026846313123 57.2133
22.179714188221507 56.9326
22.202402410582668 55.8802
22.22509151438863 54.1991
22.24795876962584 52.861999999999995
22.270649646204486 52.0638
22.293341407213727 51.3034
22.316034053646906 50.7353
22.338904883215342 50.3595
22.36159931041458 50.3856
22.38429462602756 50.261
22.40699083104897 50.0085
22.429865251039757 50.2155
22.452563244831367 50.1861
22.47526213102522 50.1305
22.49813925616515 50.1569
22.520839937143307 50.1465
22.543541513520587 49.9968
22.56624398629403 49.9485
22.589124730075895 50.0811
22.611829005656723 50.3876
22.63453418063466 50.356
22.657240256008077 50.6414
22.680124634582935 50.7437
22.70283252079775 51.1413
22.725541310413075 51.483999999999995
22.74825100442868 51.6778
22.771139033969575 52.1247
22.79385054687155 52.5347
22.81656296718292 52.9398
22.83927629590484 53.803999999999995
22.862167992606945 54.4403
22.88488314827121 55.2309
22.907599215359284 56.0397
22.93031619487366 57.0687
22.953211574954405 57.9381
22.975930389478226 58.849
22.998650119445763 59.3173
23.02137076586092 58.8231
23.044269845560063 57.5843
23.06699233506288 56.0241
23.089715744034912 54.2634
23.112617610931565 52.6323
23.135342869061212 51.3508
23.158069049684816 50.6727
23.1807961538087 50.2832
23.20370174880544 50.2647
23.226430710184808 50.5504
23.249160598093425 50.7165
23.271891413539002 50.753
23.294800752937697 50.6441
23.31753343374794 50.8495
23.340267045128353 50.9934
23.36300158808808 51.3663
23.38591468821339 51.7581
23.408651104658304 52.0038
23.431388455719986 52.5739
23.454126742409 53.3663
23.4770436196085 54.136
23.499783787914662 54.9912
23.522524894889884 55.839
23.54526694154616 56.6576
23.56818761219047 57.4745
23.59093154860734 58.3039
23.613676427751283 59.1876
23.636422250635754 58.5027
23.659346731118656 56.9964
23.68209445191868 55.2047
23.704843119509587 52.9366
23.72759273490623 51.1009
23.750521041644767 49.5346
23.77327256312355 48.4994
23.796025035462787 47.9057
23.818956224555475 47.44
23.841710609113413 47.2503
23.86446594758979 47.0271
23.887222241002014 46.7922
23.910157285144578 46.4299
23.932915498962537 46.5038
23.955674670778713 46.3097
23.978434801611975 46.224
24.001373717286125 46.0212
24.024135776723917 45.9465
24.046898798245582 45.8912
24.06966278287146 45.643
24.092605586582614 45.4145
24.115371508023642 45.3791
24.1381383956401 45.2524
24.16090625045381 45.2576
24.183852958731244 45.2989
24.206622758582608 45.2491
24.229393528706886 44.9252
24.252165270127392 45.0474
24.27511589952438 44.8518
24.297889594216997 44.6635
24.32066426328598 44.5167
24.34343990775613 44.5441
24.36639447485003 44.3325
24.38917208083877 44.326
24.41195066531332 44.3645
24.43490819850244 44.4629
24.457688750692377 44.1539
24.48047028445616 44.0835
24.503252800821233 44.3293
24.526214300784112 44.3681
24.548998793132213 44.1851
24.57178427117417 44.1526
24.59457073593893 44.1661
24.617536219319863 43.9823
24.64032466834748 44.1158
24.663114107195035 44.1077
24.685904536893013 43.6898
24.708874020360852 43.6794
24.731666442613744 43.6608
24.754459858818787 43.7135
24.777254270007962 43.5825
24.80022777025625 43.5287
24.82302418230472 43.5006
24.845821592443674 43.5911
24.86862000170663 43.4853
24.891597535453727 43.368
24.914397953892728 43.6004
24.93719937456671 43.5038
24.96000179851076 43.6499
24.98298338249997 43.9935
25.00578782394922 44.2724
25.028593271784167 44.2478
25.05157790644186 44.5101
25.07438537804115 44.4519
25.097193859145293 44.772
25.120003350792075 45.0698
25.142992065061257 45.2781
25.165803588823465 45.5524
25.18861612625217 45.9125
25.211429678386736 45.9739
25.234422489079968 45.9837
25.257238081693636 46.0043
25.280054692141732 45.9818
25.3028723214652 45.6423
25.325869245420463 45.9021
25.348688923599397 45.9823
25.371509623787006 46.0367
25.394331347025812 45.7819
25.41733240110666 45.3954
25.440156181590016 44.6994
25.46298098826268 44.2206
25.48580682216873 43.648999999999994
25.50881202326435 43.0215
25.53163992281684 42.5381
25.55446885274561 42.3006
25.577298814096377 42.0329
25.600308179121807 41.9282
25.623140214533745 42.1003
25.64597328451537 41.7807
25.66898578564376 41.6826
25.691820936010206 41.8187
25.714657124097695 41.7458
25.737494350954734 41.8111
25.760511045684957 41.6784
25.783350361364224 41.8505
25.806190718969255 41.7008
25.82903211955018 41.8304
25.852053024868923 41.7874
25.874896522722523 41.7882
25.897741066713106 41.8708
25.920586657892454 42.0336
25.943611790812668 42.1428
25.966459487728237 42.1431
25.989308234998564 42.0702
26.01215803367705 42.3183
26.03518741123814 42.6075
26.05803932412957 42.6779
26.080892291600094 42.7443
26.10374631470478 42.8427
26.12677995397268 42.8504
26.14963609978026 42.6995
26.172493304397875 42.5304
26.19535156888223 42.4192
26.218389486949604 42.0507
26.241249882640123 41.7318
26.26411134137826 41.5637
26.28715248187403 41.5975
26.31001607820869 41.2247
26.3328807407756 41.2175
26.35574647063438 41.3588
26.37879191991473 41.2482
26.401659795896734 41.2574
26.424528742360263 41.4367
26.447398760366614 41.6931
26.470448535598294 41.8797
26.49332070826805 42.0025
26.516193955675355 42.2536
26.53906827888316 42.3309
26.562122397260108 42.4519
26.584998883685063 42.7276
26.607876449110325 43.0058
26.63075509460056 43.0218
26.65381357334404 43.215
26.67669439061878 43.3037
26.699576291163382 43.1901
26.722459276044212 43.111999999999995
26.745522132402975 42.7988
26.768407297649354 42.5733
26.791293550442003 42.1403
26.814180891848974 41.7604
26.837248143099337 41.5786
26.860137673466657 41.5314
26.88302829566349 41.2826
26.90592001075963 41.0337
26.92899167420566 40.9935
26.951885586870763 40.6102
26.974780595655517 40.444
26.99785558178161 40.2722
27.020752794605112 40.282
27.043651106772522 40.0006
27.06655051935668 40.0528
27.089629948036183 39.8863
27.112531573292053 39.8483
27.135434302194138 39.9301
27.158338135817015 39.7445
27.181422024430987 39.7232
27.204328079372566 39.4968
27.22723524226965 39.787
27.250143514198573 39.7867
27.273231880156334 39.5778
27.296142382065014 39.47
27.319053996245536 39.4687
27.341966723775965 39.602
27.365059584515222 39.624
27.38797455070062 39.6998
27.410890633481237 39.471
27.433807833936918 39.4445
27.456905206923906 39.5735
27.47982465472398 39.5156
27.502745223449743 39.658
27.525666914182825 39.7482
27.548768816912457 39.6738
27.571692763693633 39.4365
27.59461783573812 39.4596
27.617723149491244 39.2147
27.640650484125285 39.2535
27.66357894728264 39.2814
27.686508540048052 39.2394
27.709618414237887 39.1279
27.732550278321757 38.8793
27.755483275279115 38.8752
27.778417406196485 39.1758
27.801531858397514 39.068000000000005
27.824468269376716 39.1042
27.847405817586786 39.0368
27.870344504116094 39.0582
27.893463551932008 39.2264
27.916404527281053 39.3675
27.93934664422563 39.4149
27.962289903855886 39.3119
27.98541356491974 39.5607
28.00835912214229 39.8549
28.03130582533231 40.0212
28.054253675581805 40.2201
28.077381967556104 40.0556
28.100332124185126 40.0355
28.123283431160893 39.9833
28.146235889577238 39.954
28.169368830154156 39.6024
28.192323603752033 39.4459
28.215279532083304 39.0672
28.238415973016764 38.9113
28.261374223145094 38.7915
28.284333631303806 38.6513
28.307294198589954 38.4593
28.330435319167677 38.1369
28.353398217078915 37.9449
28.376362277420153 37.7625
28.39932750129032 37.6475
28.422473319286713 37.3784
28.44544088262495 37.2924
28.468409612800283 37.1286
28.491379510913497 37.0245
28.51453004413313 37.0997
28.53750229057244 36.9698
28.56047570826344 36.7848
28.583450298308804 36.8544
28.606605564586562 36.6785
28.629582511831156 36.6401
28.65256063474956 36.5822
28.675539934446338 36.6622
28.698699951647605 36.6512
28.72168161743193 36.5035
28.74466446331978 36.5128
28.767648490417624 36.4607
28.790813276438353 36.3534
28.813799678527303 36.3743
28.836787265157085 36.3965
28.859955641890075 36.4552
28.882945610203045 36.3575
28.905936766392035 36.2508
28.928929111566863 36.3412
28.952102288520145 36.19
28.975097024308607 36.1453
28.998092952423807 35.9069
29.021090073977508 35.8448
29.04426806913204 35.8364
29.067267590245258 35.6448
29.090268308143695 35.5307
29.11327022394099 35.4931
29.13645305530891 35.449
29.159457379627167 35.4151
29.18246290519685 35.3768
29.20546963313352 35.2929
29.22865731875826 35.3803
29.25166646419296 35.3257
29.27467681535305 35.0994
29.29768837335608 35.1482
29.320880931312562 35.3028
29.34389491580634 35.201
29.366910110507334 35.0967
29.38992651653503 35.1006
29.41312396492981 35.2069
29.436142806456754 35.1293
29.45916286268059 34.9178
29.48236399319994 34.8676
29.50538649169417 34.7811
29.528410208259935 34.6734
29.55143514402014 34.48
29.574641196749695 34.2306
29.597668583816574 34.2988
29.6206971934585 34.0999
29.64372702680042 34.1923
29.666938019934474 34.0395
29.689970313635285 34.0127
29.713003834422636 33.9429
29.73603858342347 33.9676
29.759254535188578 33.9194
29.78229175361658 33.7565
29.80533020365064 33.791
29.82836988641968 33.8198
29.85159081507472 33.7977
29.874632976355343 33.5164
29.89767637376955 33.6357
29.920721008448314 33.4872
29.9439469322847 33.5625
29.96699405457564 33.3948
29.9900424175358 33.408
30.013092022298157 33.4075
30.03632295963995 33.3003
30.059375061131373 33.3452
30.08242840783577 33.4696
30.105483000888153 33.3887
30.128718970092244 33.3865
30.151776069006917 33.3383
30.17483441768648 33.3034
30.198074175317235 33.2956
30.221135036724256 33.4185
30.24419715131772 33.1815
30.267260520236203 33.2009
30.290505341942243 33.1666
30.313571232750228 33.2989
30.336638381310948 33.3338
30.35970678876503 33.1401
30.38295669299435 32.9688
30.40602763151657 33.1024
30.429099832366074 33.0553
30.452173296685572 33.0707
30.47542830191959 33.0269
30.498504306502497 32.8484
30.521581577995562 33.038000000000004
30.544660117543582 33.047
30.56792024229725 33.0461
30.59100133132069 33.0101
30.614083691845494 33.0235
30.637167325018545 33.0551
30.660432587840603 33.039
30.683518779717886 33.134
30.70660624769615 33.106
30.729694992924372 33.0424
30.75296541239743 32.9834
30.77605672557558 33.0125
30.799149319462742 32.9874
30.8224236211637 32.9078
30.845518789950724 32.8299
30.868615242910597 32.6868
30.891712981195973 32.6279
30.91499247215866 32.4879
30.938092794619365 32.4988
30.96119440587579 32.3866
30.984297307082752 32.2512
31.00758200598383 32.1981
31.030687500658694 32.1656
31.053794288760695 32.0623
31.076902371446767 31.8862
31.100192296997445 32.0341
31.12330298246119 31.9729
31.14641496599209 31.8085
31.169528248749216 31.8961
31.19282341969534 31.9215
31.215939314557186 31.8607
31.239056512134788 31.8616
31.262175013589378 31.7643
31.28547544871168 31.7528
31.30859657161541 31.6548
31.331719001892175 31.7969
31.35484274070538 31.8851
31.378148458819545 31.7413
31.401274828443725 31.6909
31.424402510106933 31.631
31.447712205419993 31.7591
31.470842524931633 31.6915
31.493974159989783 31.6335
31.51710711176168 31.6245
31.54042212308802 31.6421
31.563557722100917 31.6874
31.586694641341655 31.5417
31.609832881979628 31.3227
31.63315322823208 31.2322
31.656294125521327 31.2413
31.679436347728515 31.1137
31.70257989602529 30.991999999999997
31.725905596152327 30.9702
31.74905181052835 30.9491
31.772199354521323 31.1168
31.79534822930507 30.9729
31.818679302290967 31.0596
31.84183085259981 31.0299
31.864983737233473 30.94
31.88813795736804 30.9271
31.911474422233013 30.9361
31.934631327356435 30.9249
31.9577895715215 30.9624
31.980949155906522 30.8824
32.004291031706956 30.8661
32.027453310562606 30.7187
32.05061693318573 30.6427
32.07396288236386 30.6225
32.09712920658542 30.5352
32.12029687812702 30.3779
32.14346589817093 30.3896
32.166817291729984 30.3614
32.18998902288583 30.3121
32.21316210610336 30.1985
32.23633654256711 30.1711
32.259693399663725 30.1431
32.282870556771144 30.0221
32.30604907069099 29.9825
32.329228942610065 29.8732
32.35259128243769 29.7272
32.375773884550505 29.7764
32.398957848235646 29.7058
32.422143174682176 29.6543
32.445511016471215 29.6443
32.468699082679954 29.6124
32.49188851523011 29.4976
32.51507931531304 29.4043
32.538452678331 29.5013
32.56164622776311 29.3922
32.58484114831493 29.2871
32.60803744118015 29.3474
32.631416344731896 29.2852
32.654615396551876 29.1901
32.67781582427913 29.26
32.701198898634416 29.0456
32.72440209253756 29.0373
32.747606665947124 29.0049
32.77081262006088 28.9061
32.79420126883317 28.9237
32.81740999876112 28.9688
32.840620112999424 28.8183
32.86383161274818 28.858
32.88722585534586 28.7748
32.91044014056596 28.8424
32.933655814909734 28.7413
32.95687287957963 28.8223
32.98027273544904 28.6822
33.00349259526636 28.6033
33.026713849030116 28.673000000000002
33.04993649794511 28.5895
33.073341986570746 28.5548
33.09656744032826 28.5466
33.11979429286444 28.5856
33.14302254538647 28.5081
33.166433686291185 28.5139
33.18966475336992 28.4969
33.212897224069096 28.2907
33.23613109959831 28.27
33.259547912343415 28.1984
33.2827846121627 28.1701
33.306022720453775 28.2614
33.32926223842861 28.1534
33.352684742614166 28.0827
33.37592709463173 28.1376
33.399170859982064 28.0652
33.422597648419426 27.9767
33.44584425514446 27.8284
33.46909227885668 27.8129
33.4923417207723 27.6437
33.51577423505344 27.7719
33.539026528130385 27.5621
33.56228024307245 27.5875
33.585535381098246 27.592
33.60897364093058 27.5414
33.63223163992385 27.469
33.6554910656699 27.3699
33.678751919389796 27.4003
33.702195944520106 27.3283
33.72545966903325 27.2684
33.74872482519663 27.2658
33.771991414233746 27.2298
33.79544122444841 27.2358
33.81871069412428 27.1098
33.84198160035767 27.1712
33.86525394437455 27.0945
33.88870955949969 27.0162
33.911984794020626 27.0708
33.93526147001624 26.9859
33.958539588715006 26.9465
33.98200102861669 26.8533
34.0052820477047 26.7748
34.02856451319451 26.7232
34.05203033759056 26.7309
34.07531571090147 26.7283
34.09860253431845 26.7224
34.121890809074316 26.6475
34.145362493118924 26.5602
34.16865368561615 26.5194
34.191946333164054 26.4521
34.21524043699793 26.4378
34.23871800066799 26.4579
34.26201503218366 26.3336
34.28531352370466 26.3395
34.30861347646881 26.241999999999997
34.33209693978188 26.2617
34.3553998301885 26.2328
34.378704185565205 26.1865
34.402010007152356 26.0813
34.42549939016683 26.0564
34.44880815937748 25.9599
34.472118398533134 25.9757
34.49543010887669 25.9791
34.51892543169198 25.8244
34.54224009966052 25.7522
34.56555624255917 25.8102
34.58887386163339 25.6909
34.61237514439016 25.6549
34.6356957311114 25.678
34.65901779775809 25.603
34.68252356662995 25.5857
34.705848608458616 25.5526
34.72917513396849 25.4844
34.75250314440949 25.4528
34.77601490857862 25.4434
34.799345904259795 25.4017
34.82267838863559 25.3819
34.846012362958525 25.3721
34.869530142679984 25.2349
34.89286711232212 25.2118
34.91620557568269 25.1609
34.93954553401677 25.2209
34.9630693495876 25.1858
34.986412313340814 25.1656
35.00975677584668 25.1669
35.033102738362956 25.1345
35.05663261012228 25.0381
35.0799815881786 25.0052
35.10333207003229 24.9099
35.12668405694369 25.0212
35.150220005273056 24.9941
35.17357501786656 24.9038
35.19693153931268 24.8449
35.220289570874385 24.7626
35.24383161619786 24.7961
35.267192683604904 24.8013
35.290555264930376 24.7229
35.314101899412165 24.7464
35.33746752422433 24.7536
35.36083466676374 24.7025
35.38420332829803 24.5708
35.407756095629054 24.6176
35.43112781085063 24.6175
35.45450104888391 24.5454
35.477875810999194 24.5659
35.50143473172161 24.4988
35.52481255774625 24.5481
35.54819191167777 24.4345
35.57157279478914 24.4532
35.595137889488406 24.4123
35.61852184675279 24.3508
35.641907337029984 24.1895
35.665294361595684 24.2777
35.68886565090076 24.205
35.7122557598848 24.2224
35.73564740699838 24.0943
35.759040593519934 24.06
35.78261809810353 24.0509
35.80601437933051 24.0345
35.829412203814705 23.9649
35.85281157283719 23.8468
35.876395313415884 23.84
35.8997977874528 23.8033
35.92320180988546 23.8454
35.946790244133936 23.7238
35.97019737933222 23.7283
35.993606066789866 23.6876
36.01701630779276 23.6442
36.04061101440684 23.6318
36.06402437852291 23.5767
36.08743930005611 23.5729
36.1108557802951 23.4815
36.13445678011326 23.421
36.15787639383515 23.4935
36.18129757014299 23.4699
36.20472031032821 23.4043
36.22832762423364 23.311
36.25175350829375 23.236
36.275180960119776 23.1723
36.298609981005924 23.1952
36.32222362992669 23.2407
36.34565580510207 23.2342
36.36908955323448 23.1313
36.39252487562093 23.0617
36.416144880530226 23.0399
36.43958336764275 22.9628
36.463023432914625 23.0003
36.486465077645676 22.892
36.51009145956204 23.0555
36.53353627947859 23.0426
36.55698268276811 22.9659
36.58043067073321 22.9353
36.60406345072071 22.8401
36.62751462435344 22.8098
36.65096738658405 22.752
36.67460498210655 22.6912
36.69806093788647 22.7297
36.72151848619297 22.627
36.744977628333636 22.5643
36.76862165890998 22.5271
36.79208400512205 22.5737
36.81554794910557 22.5977
36.83901349217101 22.3837
36.862663978991606 22.4081
36.88613273667352 22.3421
36.90960309738324 22.3908
36.933075062434064 22.3091
36.95673202673572 22.2791
36.98020721697122 22.2188
37.003684015502365 22.2188
37.027162423645365 22.1666
37.050825886711465 22.0828
37.07430753063053 22.0489
37.09779078812467 22.0345
37.121275660513014 22.0313
37.144945643673694 21.9452
37.16843376245278 21.9529
37.19192350009803 21.974
37.215414857931435 21.9317
37.239091382563885 21.8596
37.262585997426164 21.7911
37.28608223645736 21.8003
37.309763684451696 21.6476
37.33326318851098 21.7282
37.356764320726555 21.7287
37.380267082425526 21.7002
37.40395510942588 21.6286
37.42746114683234 21.6241
37.45096881771841 21.5306
37.474478123414166 21.4831
37.49817275092816 21.5076
37.52168534303452 21.4949
37.54519957395567 21.3913
37.568715445024665 21.4033
37.592416694607714 21.361
37.61593586281424 21.3504
37.63945667518264 21.3527
37.66297913304891 21.2222
37.68668702630454 21.2478
37.710212792059274 21.19
37.733740207334854 21.0767
37.757269273470364 21.093000000000004
37.780983832050374 21.0717
37.80451621684926 21.0339
37.82805025654007 20.9817
37.851585952464795 20.9405
37.8753071980695 20.9494
37.89884622345676 20.9323
37.92238690911902 20.9086
37.94611318753442 20.84
37.969657210779765 20.8019
37.99320289834801 20.7724
38.016750251586465 20.7927
38.04048325513017 20.7809
38.06403395679343 20.6499
38.087586328183946 20.6193
38.11114037065203 20.6327
38.13488012115898 20.6019
38.1584375229181 20.5274
38.181996599821 20.5209
38.205557353221124 20.418
38.229303872575656 20.4477
38.2528679961576 20.4509
38.27643380031219 20.436
38.30000128639589 20.3481
38.32375459653193 20.351
38.34732546371299 20.3089
38.37089801690786 20.2387
38.39447225747609 20.1474
38.418232380377425 20.1489
38.441810012983396 20.1929
38.46538933705673 20.1043
38.488970353960084 20.0676
38.51273731166058 20.0472
38.536321731567014 20.065
38.55990784840681 19.9988
38.58367995004091 19.9316
38.60726947812959 19.882
38.63086070726198 19.9241
38.654453638806274 19.9302
38.678232613930824 19.8584
38.70182896773327 19.7414
38.72542702806741 19.7431
38.7490267963045 19.7001
38.77281266709232 19.6788
38.79641586862214 19.6657
38.8200207821842 19.6053
38.843627409152944 19.6055
38.86742019782782 19.6295
38.891030269149255 19.592
38.914642058016156 19.5477
38.938255565806124 19.5055
38.96205529464307 19.461
38.98567225787121 19.399
39.00929094417078 19.3994
39.03291135492255 19.3636
39.05671804624804 19.347
39.080341923549106 19.3018
39.103967529460334 19.2296
39.127594865365744 19.2508
39.15140854155791 19.1701
39.17503935514948 19.162
39.19867190290282 19.1273
39.22249083587951 19.1245
39.24612686969409 19.1189
39.269764641845306 19.0763
39.293404153722804 19.0099
39.317230110864074 18.9516
39.34087311998506 18.937
39.36451787301696 18.8984
39.388164371352595 18.8221
39.41199737518003 18.7768
39.43564738196752 18.7974
39.45929913825317 18.8212
39.48295264543308 18.7583
39.506792718520884 18.6664
39.530449745387216 18.6657
39.55410852735203 18.7044
39.57776906581474 18.6808
39.60161623079 18.6347
39.625280300200025 18.6504
39.64894613032202 18.5673
39.67261372255866 18.5203
39.6964680021016 18.5642
39.72013913657293 18.5382
39.74381203738292 18.4795
39.76748670593756 18.4464
39.79134812278169 18.3965
39.81502634488497 18.401
39.83870633896685 18.3959
39.862388106436654 18.3042
39.88625668336918 18.2833
39.90994201572829 18.3105
39.933629125719285 18.2918
39.957503091207826 18.258
39.9811937746168 18.2304
40.00488623990914 18.1348
40.02858048850006 18.0888
40.05246165409549 18.1058
40.076159487492085 18.0524
40.099859108448875 18.024
40.123560518384345 18.0031
40.1474489070226 18.0417
40.171153913178564 17.9247
40.194860712584955 17.9008
40.2185693066637 17.9067
40.242464941335314 17.8204
40.26617714307655 17.8419
40.289891143772046 17.7926
40.3136069448471 17.7147
40.33750984859743 17.719
40.3612292688043 17.7101
40.3849504936829 17.7127
40.40867352466194 17.7114
40.43258372059144 17.6829
40.45631038219906 17.7096
40.48003885420956 17.5312
40.503769138055105 17.5943
40.52768664931955 17.4911
40.55142057531802 17.4612
40.57515631746428 17.5244
40.599079334038514 17.4542
40.62281872700477 17.3805
40.64655994043941 17.3418
40.67030297578061 17.3343
40.69423334835778 17.3661
40.71798004609188 17.2863
40.74172857006355 17.2578
40.76547892171441 17.209
40.7894166736039 17.195999999999998
40.813170699248566 17.1321
40.83692655691388 17.0904
40.86068424804498 17.1329
40.884629402612525 17.1727
40.908390779366385 17.1676
40.932153993938 17.0782
40.95591904777605 17.0435
40.979871628443995 17.0348
41.003640379561936 17.0127
41.02741097430883 16.9812
41.05118341413683 16.9936
41.075143444384416 16.9109
41.098919593177826 16.8749
41.1226975914255 16.8586
41.14647744058318 16.8641
41.170444943946755 16.7857
41.19422851378379 16.7408
41.218013938914645 16.6944
41.24198706625173 16.6504
41.26577622087193 16.6601
41.289567235177785 16.6169
41.31336011063129 16.5734
41.337340752422875 16.5605
41.361137369129835 16.5481
41.38493585138705 16.5644
41.40873620066004 16.474
41.43272438060107 16.4721
41.45652848292052 16.4397
41.48033445666918 16.3253
41.50414230331616 16.4187
41.528138045159764 16.3644
41.551949656675205 16.32
41.575763145513235 16.3332
41.59957851314666 16.2767
41.62358184070442 16.1981
41.64740098505737 16.2063
41.6712220126409 16.1934
41.69504492493139 16.1659
41.71905586207357 16.1416
41.74288256296395 16.0859
41.766711153007456 16.0587
41.79054163368412 16.0395
41.814560204340054 16.0403
41.838394485526365 15.997
41.86223066180303 15.9795
41.88625497706819 16.0175
41.910094962812 15.9101
41.93393684811168 15.894
41.95778063445365 15.828
41.981812625263366 15.8348
42.00566023303407 15.8477
42.029509746323676 15.8018
42.05336116662236 15.7643
42.077400857069705 15.7119
42.10125611078846 15.7255
42.12511327600405 15.6632
42.14897235421036 15.6488
42.173019768448455 15.5728
42.19688269209613 15.5618
42.22074753323349 15.5956
42.24461429335818 15.6057
42.268669455600495 15.5207
42.292540073217886 15.4821
42.31641261433284 15.4242
42.34028708044675 15.4395
42.36435001496739 15.4444
42.38822835065557 15.4607
42.41210861586426 15.3987
42.4359908120986 15.3589
42.46006154323262 15.3052
42.48394762115317 15.2593
42.507835634632315 15.3056
42.531912233047436 15.3281
42.55580413732265 15.2519
42.579697981698 15.2282
42.60359376768525 15.1818
42.62767820545945 15.1356
42.65157789440821 15.1071
42.67547952952185 15.11
42.699383112316 15.0598
42.72347541395347 15.0252
42.74738291190531 15.0274
42.771292362102166 15.0075
42.795203766063516 14.964
42.819303956130405 14.9469
42.843219287476536 14.8891
42.86713657716324 14.8668
42.89105582671383 14.8655
42.91516392983864 14.849
42.939087119032166 14.8097
42.963012272677304 14.7718
42.98693939230129 14.7588
43.01105543317513 14.7717
43.034986504731386 14.7547
43.05891954686589 14.6675
43.08285456110972 14.6016
43.10697856448665 14.6104
43.130917542983475 14.6155
43.15485849820081 14.6211
43.17880143167367 14.5201
43.20293342237094 14.4909
43.226880332449 14.5104
43.25082922540554 14.4895
43.27496722682525 14.4675
43.29892010567796 14.4082
43.32287497204102 14.431
43.34683182745632 14.3186
43.370977859791836 14.3249
43.39493871351105 14.3441
43.41890156092628 14.2966
43.44286640358341 14.2969
43.46702049182749 14.2719
43.49098934522816 14.2221
43.51496019852649 14.1945
43.5389330532723 14.2119
43.56309522248204 14.1441
43.58707210044314 14.1301
43.61105098451946 14.1332
43.63503187626491 14.0913
43.659202151562134 14.0442
43.68318707902681 14.0696
43.70717401884041 14.0056
43.731162972560874 13.9898
43.75534137913236 13.9504
43.779334381108384 13.9658
43.803329401683186 13.97
43.82732644241872 13.9279
43.8515130055166 13.9183
43.87551410707659 13.8323
43.89951723350145 13.8787
43.923709934595614 13.8072
43.94771713129917 13.8198
43.97172635758096 13.7634
43.99573761501002 13.6943
44.0199385169922 13.6425
44.04395385732619 13.6869
44.067971233533086 13.6814
44.09199064718605 13.7014
44.11619977548961 13.6238
44.14022328470671 13.5491
44.16424883610785 13.5644
44.18827643127035 13.548
44.21249381139513 13.5127
44.236525514814076 13.4618
44.26055926674478 13.4426
44.28459506876863 13.4388
44.3088207262813 13.3821
44.33286064928722 13.4339
44.35690262714919 13.392999999999999
44.38094666145278 13.3572
44.4051806219871 13.3285
44.42922879003185 13.287
44.45327901929361 13.2789
44.477331311362136 13.2715
44.501573600619416 13.2494
44.525630039221795 13.209000000000001
44.54968854541895 13.1905
44.573937102200176 13.1707
44.5979997645541 13.1134
44.622064499300315 13.0818
44.64613130803592 13.0638
44.67038823869318 13.0692
44.69445921643748 13.0643
44.718532272981385 13.0235
44.742607409926194 12.9991
44.76687274034801 12.9332
44.79095205918753 12.9135
44.81503346325094 12.931
44.839116954143876 12.9408
44.86339071028742 12.8656
44.88747839599524 12.8685
44.91156817336837 12.9186
44.93566004401666 12.82
44.959942251908146 12.7848
44.984038330325966 12.770999999999999
45.00813650686762 12.7359
45.03223678314731 12.7159
45.05652746888232 12.7008
45.08063196592069 12.673
45.104738567558705 12.6905
45.128847275414856 12.6572
45.15314646515866 12.6096
45.17725940679741 12.57
45.20137445952892 12.5627
45.22568004865265 12.5398
45.24979934496396 12.517000000000001
45.27392075725247 12.4904
45.29804428714431 12.5233
45.322358426247604 12.489
45.346486212804315 12.4143
45.370616121861914 12.3882
45.39474815505086 12.4224
45.41907087049246 12.3814
45.4432071734666 12.3842
45.46734560548283 12.356
45.49148616817604 12.3231
45.51581748638564 12.2777
45.5399623320197 12.2427
45.56410931325473 12.2281
45.58825843173002 12.2598
45.61259837920865 12.2088
45.636751793816 12.1799
45.66090735060093 12.1607
45.68506505120716 12.1444
45.7094136545275 12.0957
45.73357566449271 12.0666
45.75773982322992 12.0407
45.78190613238733 12.0337
45.806263418194064 12.0138
45.83043404997326 12.0271
45.85460683713677 11.9992
45.87897065658495 11.9592
45.90314777634752 11.9232
45.92732705646868 11.9173
45.9515084986045 11.8643
45.97588104735473 11.8489
46.00006683541565 11.8504
46.02425479047904 11.8373
46.04844491420549 11.8159
46.0728262191024 11.7571
46.09702070211635 11.7814
46.12121735879483 11.7598
46.14541619080294 11.7228
46.169806278764455 11.6997
46.194009483459034 11.729000000000001
46.21821486849841 11.6697
46.24242243555223 11.6685
46.266821333570014 11.594000000000001
46.29103328674601 11.5565
46.31524742696538 11.5795
46.33946375590237 11.517999999999999
46.36387149104216 11.57
46.38809221957392 11.5164
46.41231514186606 11.5386
46.436540259597464 11.4859
46.460956858999374 11.4284
46.48518638983522 11.3947
46.509418121166966 11.3871
46.533652054678114 11.3787
46.55807754555709 11.3577
46.58231590571962 11.3375
46.60655647313217 11.3556
46.630988654873654 11.2918
46.655233659129024 11.2568
46.67948087571551 11.2746
46.70373030632484 11.2565
46.72817142736393 11.2263
46.752425308428684 11.1933
46.77668140861147 11.1928
46.80093972960865 11.1599
46.82538981736788 11.136
46.849652602470904 11.1252
46.87391761349769 11.1321
46.8981848521493 11.071
46.9226439341274 11.0593
46.946915650573224 11.027999999999999
46.97118959976749 10.9992
46.99546578341598 10.9765
47.019933887188216 10.9793
47.04421456235744 11.0044
47.06849747711879 10.968
47.09278263318286 10.9287
47.11725978640143 10.9132
47.14154944775105 10.8751
47.165841355555656 10.8753
47.1901355115306 10.8372
47.214621741924994 10.8391
47.23892041698887 10.7748
47.26322134538975 10.7383
47.28771440635075 10.7619
47.31201986422527 10.7116
47.33632758061436 10.7136
47.360637557241866 10.6857
47.38513974410611 10.6698
47.40945426407847 10.6568
47.43377104948137 10.6465
47.45809010204344 10.5853
47.48260144275502 10.5855
47.506925052572285 10.5723
47.53125093475548 10.5435
47.55557909103813 10.5343
47.58009961361992 10.494000000000002
47.60443234110732 10.4856
47.62876734791564 10.4901
47.65310463578333 10.4669
47.6776343683373 10.4483
47.7019762413987 10.3883
47.72632040075572 10.3683
47.75066684815169 10.37
47.77520581885936 10.3398
47.799556865477655 10.3378
47.823910205386 10.296
47.84826584033272 10.2915
47.87281407745551 10.2613
47.89717432569297 10.2537
47.92153687423484 10.2366
47.94609208429692 10.2225
47.97045925671401 10.2176
47.99482873471275 10.2056
48.01920052005013 10.1553
48.04376504619224 10.1152
48.068141469543484 10.1505
48.09252020552573 10.1283
48.11690125590099 10.0987
48.1414751266064 10.113
48.16586082917454 10.0897
48.19024885144316 10.0203
48.2146391951793 10.0639
48.239222439012764 10.0314
48.26361744916137 9.97252
48.28801478610016 9.977210000000001
48.31241445160131 9.971810000000001
48.337007097209366 9.973230000000001
48.36141144338331 9.956339999999999
48.38581812345755 9.9172
48.41022713920929 9.91377
48.434829215320704 9.86787
48.45924292604658 9.83239
48.48365897780325 9.86432
48.50807737237308 9.80923
48.532688907799276 9.78393
48.55711201168574 9.775360000000001
48.581537463754074 9.78423
48.60615611725119 9.752289999999999
48.63058628942721 9.72172
48.65501881516546 9.73108
48.6794536962573 9.70182
48.70408185970339 9.69948
48.72852147531801 9.669839999999999
48.75296345168211 9.63486
48.77740779059232 9.64348
48.80204549302823 9.647960000000001
48.82649458091802 9.5815
48.85094603676547 9.57731
48.87539986237231 9.549619999999999
48.90004713292306 9.5168
48.92450572200832 9.48396
48.94896668628025 9.50493
48.97343002754588 9.448089999999999
48.99808689542115 9.49475
49.02255501470614 9.50666
49.04702551642794 9.46055
49.0714984023988 9.391760000000001
49.096164896893235 9.39151
49.120642575466796 9.36725
49.145122643748394 9.34398
49.16960510355558 9.35065
49.19428125404938 9.33193
49.2187685210852 9.30452
49.243258185121555 9.29386
49.26794160167084 9.262310000000001
49.2924360839405 9.22483
49.31693296869764 9.2211
49.34143225776915 9.20479
49.36612538195438 9.20541
49.39062950396021 9.176860000000001
49.41513603578346 9.165280000000001
49.4396449792564 9.117289999999999
49.46434784069503 9.14515
49.488861631846454 9.09672
49.513377840166804 9.090710000000001
49.537896467493745 9.06812
49.56260909589029 9.0317
49.587132585683285 9.05695
49.611658500018365 9.01887
49.636186840738596 9.004
49.66090926588511 8.929789999999999
49.685442483902584 8.9671
49.70997813385706 8.932319999999999
49.734516217597076 8.93351
49.75924846937352 8.9016
49.7837914452858 8.90927
49.80833686055187 8.86947
49.83288471702571 8.8543
49.85762682540054 8.854289999999999
49.882179588965734 8.812610000000001
49.9067347993235 8.79149
49.93129245833333 8.813130000000001
49.95604445336378 8.81118
49.98060703442832 8.76763
50.005172069746266 8.7418
50.02993150438364 8.71879
50.05450147301533 8.66965
50.07907390151433 8.67239
50.10364879174981 8.67314
50.12841816587289 8.64383
50.1529980044635 8.64448
50.17758031042124 8.60953
50.20216508562089 8.622910000000001
50.22694442953363 8.60154
50.25153416817468 8.56042
50.27612638170508 8.54995
50.300721072005196 8.51331
50.325510416102105 8.52609
50.350110084975064 8.51598
50.37471223628208 8.51577
50.39931687190919 8.47835
50.424116246675766 8.46822
50.44872587605249 8.425980000000001
50.47333799543065 8.44547
50.49795260670191 8.439010000000001
50.52276204271512 8.379489999999999
50.54738166295838 8.37182
50.57200378079314 8.37573
50.596628398116835 8.33601
50.62144792604559 8.31893
50.646077567609396 8.31926
50.670709714377715 8.30366
50.69553683636198 8.297360000000001
50.72017401885922 8.28174
50.7448137122895 8.24015
50.76945591856022 8.24644
50.79429318636823 8.22322
50.818940443716784 8.22265
50.84359021965163 8.195219999999999
50.868242516085964 8.15477
50.893089960641895 8.14966
50.917747323549435 8.14365
50.94240721271973 8.11566
50.96706963007175 8.11991
50.99192728239342 8.09801
51.01659478166073 8.09143
51.04126481489051 8.04525
51.06593738400761 8.05833
51.090805275207074 8.032119999999999
51.11548294172845 8.01931
51.14016314993547 8.00394
51.164845901758845 7.9759199999999995
51.18972406304274 7.94845
51.21441192780656 7.94464
51.23910234200271 7.93058
51.2637953075678 7.9077399999999995
51.288683770237945 7.865069999999999
51.31338186432707 7.87838
51.33808251561888 7.83948
51.362978729967345 7.85535
51.387684521509755 7.87138
51.41239287610203 7.81646
51.437103795691165 7.77946
51.46201036644977 7.7693
51.486726441956634 7.770289999999999
51.51144508832545 7.74383
51.536166307509156 7.73188
51.56108326624387 7.684019999999999
51.58580965706056 7.68107
51.61053862657523 7.66431
51.635270176746864 7.67012
51.66019755512065 7.68562
51.68493429268881 7.65635
51.70967361681515 7.65481
51.73441552946465 7.62743
51.759353359237934 7.62465
51.7841004750961 7.611669999999999
51.80885018539685 7.54454
51.833602492111254 7.55762
51.8585508051424 7.503489999999999
51.883308330926425 7.52658
51.90806845906181 7.4733
51.932831191525715 7.483110000000001
51.95779001977161 7.4605
51.98255798721516 7.423589999999999
52.00732856494335 7.3956800000000005
52.03229530577543 7.3916699999999995
52.057071130455945 7.3873
52.081849571391054 7.37807
52.106630630568695 7.3437399999999995
52.13160794279417 7.331510000000001
52.15639426492067 7.349660000000001
52.18118321127822 7.36763
52.205974783860896 7.32295
52.23096269971011 7.26425
52.255759551287994 7.28879
52.280559035098186 7.23721
52.30536115314103 7.254060000000001
52.33035970494467 7.26
52.35516711807904 7.2378100000000005
52.37997717147198 7.18438
52.40478986713005 7.2106
52.42979908731974 7.2156199999999995
52.454617094216 7.16263
52.47943774942214 7.169230000000001
52.50426105495102 7.153230000000001
52.529280976059844 7.14001
52.554109609024096 7.106269999999999
52.57894089837482 7.09017
52.60377484613117 7.09617
52.62880550079408 7.097230000000001
52.65364479223379 7.09088
52.67848674816189 7.0446800000000005
52.70352547971946 7.0277199999999995
52.72837279155837 6.99155
52.753222773982785 6.955769999999999
52.778075429022984 6.97681
52.80312495150885 6.96329
52.827982978797436 6.9352100000000005
52.85284368481815 6.9286
52.87770707160767 6.895919999999999
52.90276741793998 6.88558
52.92763619336701 6.88788
52.952507655698504 6.8397
52.977381806977576 6.85659
53.00245301017842 6.88357
53.02733256653592 6.84215
53.052214817996074 6.7685699999999995
53.077099766608484 6.77681
53.102181859804446 6.78298
53.127072229988265 6.8106800000000005
53.15196530349892 6.788889999999999
53.17686108239249 6.73463
53.20195409881522 6.7345
53.22685531582556 6.71276
53.25175924441303 6.65672
53.27666588664027 6.64089
53.30176985962693 6.66772
53.3266819565689 6.66626
53.35159677336455 6.642689999999999
53.376514312083096 6.651110000000001
53.40162927507703 6.62591
53.42655228516116 6.60123
53.45147802340193 6.590910000000001
53.47660125628886 6.58696
53.50153247842639 6.57275
53.52646643496923 6.53801
53.55140312799818 6.51971
53.576537409691696 6.52197
53.60147960336152 6.50646
53.626424539786164 6.48289
53.65137222105307 6.46708
53.67651758529126 6.4532099999999994
53.70147078399681 6.4087
53.72642673383343 6.4214400000000005
53.75138543689533 6.42697
53.776541917524526 6.40002
53.801506154876755 6.3943900000000005
53.826473151763246 6.3926099999999995
53.851442910284916 6.3743300000000005
53.87661054126026 6.35499
53.9015858509782 6.3190599999999995
53.92656392866066 6.3015099999999995
53.95154477641532 6.3131699999999995
53.976723591801296 6.289619999999999
54.00171000771266 6.28137
54.02669920004598 6.27194
54.051691170915745 6.23873
54.076881204886796 6.23635
54.101878760928514 6.24604
54.12687910187696 6.19781
54.152077577768296 6.17663
54.1770835166946 6.1317
54.20209224691339 6.1824
54.22710377055121 6.134469999999999
54.25231352511594 6.12668
54.27733066384342 6.0889999999999995
54.30235060239643 6.1371
54.32737334290836 6.13466
54.35259441062629 6.0363
54.377622783395324 6.01909
54.40265396455061 6.025519999999999
54.42768795623251 5.97087
54.45292037169559 5.98274
54.477960012857906 5.9627
54.50300247099511 5.97389
54.52804774825457 5.952780000000001
54.55329154616743 5.92704
54.57834249018678 5.89232
54.6033962597977 5.8859900000000005
54.6284528571545 5.8688199999999995
54.653708072335164 5.86963
54.67877035378786 5.82242
54.70383546947698 5.81947
54.72890342156389 5.71858
54.7541700889442 5.74909
54.77924374251975 5.73546
54.8043202390049 5.6993
54.82959552413022 5.66079
54.8546777351945 5.67355
54.87976279569621 5.66125
54.90485070780914 5.63746
54.930137506558005 5.61479
54.95523115074295 5.59086
54.98032765308844 5.5530800000000005
55.005427015775496 5.5453
55.03072536339621 5.56772
55.05583047570572 5.48615
55.080938454927676 5.50061
55.10604930325027 5.46405
55.131359235107396 5.50137
55.15647585066083 5.43424
55.181595341907496 5.43037
55.20671771104285 5.374219999999999
55.232039262617704 5.36771
55.25716741665048 5.31387
55.28229845518636 5.32771
55.30743238042802 5.27465
55.33276558731939 5.23462
55.357905315183636 5.24399
55.383047936390035 5.2076199999999995
55.40819345314859 5.16571
55.433538351073295 5.1272
55.458689688238415 5.14076
55.483843927614096 5.0807400000000005
55.509197623043605 5.11397
55.53435769621134 5.06542
55.55952067826466 5.0123
55.5846865714265 5.00249
55.61005202069737 4.98168
55.63522376553902 5.03196
55.66039842818645 4.98013
55.68557601087004 4.95351
55.7109532500271 4.92626
55.73613670233794 4.94726
