TT I
1.2716486653135266 7.52009
1.2939594142134223 7.306310000000001
1.3162702121660406 6.24445
1.3385810600174564 6.86084
1.3608919586137629 6.91288
1.383202908801069 6.4356599999999995
1.405513911425503 6.52255
1.4278249673332093 6.17243
1.4501343378461518 6.4820400000000005
1.4724455028545926 6.24958
1.4947567236847858 6.16662
1.517068001182951 6.246519999999999
1.5393793361953272 5.49324
1.5616907295681737 6.07792
1.5840021821477681 5.11144
1.60631369478041 5.117319999999999
1.6286252683124185 5.69773
1.6509369035901333 4.57763
1.6732468618895553 5.16747
1.695558623192809 5.0736300000000005
1.7178704487808514 5.25186
1.7401823395001077 4.71457
1.7625012545597203 4.31363
1.7848028405262486 5.24594
1.8071218901122095 5.11179
1.8294236121921872 4.63068
1.8517427996910911 5.135190000000001
1.8740620574440425 5.15931
1.8963639900671978 5.24044
1.9186833908139995 4.71868
1.9409854680117449 4.98923
1.9633050151394713 4.659269999999999
1.9856246367570705 5.02918
2.0079269371922672 4.43248
2.03024671027244 4.23095
2.0525491637446027 4.4888
2.074869091674931 4.745
2.097171701569106 5.004169999999999
2.1194917877373847 5.195
2.141811954326636 4.84762
2.164114805233074 4.810219999999999
2.186435135143035 6.1161900000000005
2.208738150935709 16.8783
2.231058647554722 38.7944
2.2533792288321184 29.3323
2.275682498336085 12.3795
2.298003251406138 6.45095
2.3203066942619714 5.57934
2.3426276225136022 5.49112
2.3649486396617507 5.85233
2.387252348930071 5.47635
2.4095735463442893 5.4275400000000005
2.4318774374315884 6.29445
2.4541988185014043 6.63737
2.476502894794693 7.19734
2.498824462909887 6.83298
2.521146125856138 6.842060000000001
2.5434504863470337 7.54217
2.5657723414244717 7.57987
2.588076895590662 7.42713
2.610398946189713 7.57165
2.6327210958598384 7.51543
2.6550259469304716 7.3296
2.6773482972090137 7.5446
2.6996533504259 8.087489999999999
2.7219759047039602 7.86538
2.744298562293959 8.04318
2.7666039251246595 7.551260000000001
2.7889267918020164 7.38097
2.8112323652516555 7.607410000000001
2.833555444408179 8.235289999999999
2.8558786311183852 8.109910000000001
2.8781845268938557 8.50196
2.9005079311721484 9.40455
2.9228140460410397 8.90884
2.9451376712799635 9.213339999999999
2.967444008632326 9.894110000000001
2.9897678582247247 10.2394
3.0120918213106695 10.380999999999998
3.0343984987899373 11.002
3.0567226913198637 11.28
3.079029599759726 11.1603
3.101354025127254 12.3275
3.123678568232338 13.0736
3.145985829517914 12.9833
3.16831061055229 13.6925
3.1906181112775593 14.1077
3.212943133635653 14.7994
3.2352682779763207 14.9419
3.2575761442691227 15.6288
3.2799015350264273 15.96
3.302209649240067 16.3671
3.3245352898092655 17.1271
3.3468436553365257 17.4722
3.369169549113219 18.1401
3.3914955708171384 18.9208
3.413804319727358 19.1163
3.4361305997334863 19.1828
3.4584396084414553 19.9835
3.4807661501462652 20.1625
3.503092824025881 20.9244
3.5254022288463154 21.1515
3.5477291695206588 22.7484
3.5700388426251948 22.836
3.5923660534916446 24.9415
3.6146934007816114 44.8402
3.637003482731501 118.522
3.6593311053109985 133.589
3.681641464033634 73.0675
3.7039693653009733 34.1237
3.726297407241705 27.011
3.7486081875460804 26.5885
3.7709365132734978 26.5565
3.793247578841633 26.8962
3.8155761917550093 27.3929
3.8378875459837216 27.8819
3.8602164494827234 28.3151
3.882545499606844 28.8393
3.9048572932539183 29.2879
3.9271866390645718 29.4168
3.9494987298666713 29.9369
3.971828374764527 30.9497
3.9941581705403255 31.374000000000002
4.016470713506008 31.6663
4.038800813471445 32.1788
4.061113662089144 33.6507
4.0834440696459176 34.6121
4.105774632334751 34.8036
4.128087945865126 35.5358
4.150418821249301 36.2254
4.172732448931298 37.5686
4.195063640413578 40.1387
4.2173775856475215 45.0154
4.239709096631102 88.1662
4.262040768704612 317.7
4.284355196706267 453.01
4.306687193387355 287.595
4.329001947444346 100.49799999999999
4.35133427213731 51.5448
4.373666762177566 45.8389
4.395982011761091 45.3266
4.418314834921175 46.6545
4.44063041906622 57.7759
4.4629635787515625 74.2679
4.4852969080429785 73.0359
4.5076130004776225 57.32899999999999
4.529946671403969 51.245
4.552263106909177 50.7898
4.574597122877047 51.4372
4.596931312711224 52.6747
4.619248269273446 53.9199
4.6415828092605835 54.3063
4.663900117405352 55.9697
4.686235010953232 57.3585
4.708552674085913 58.5381
4.730887924602802 60.1533
4.753223354952695 61.0971
4.775541557023902 62.8841
4.797877349456786 63.9574
4.820195915032126 66.1704
4.842532072957498 67.4374
4.864868414979744 69.5181
4.88718753227192 71.6885
4.909524244902505 73.4071
4.931843734218147 75.2938
4.954180820867835 77.4725
4.976518095879839 80.6722
4.998838149695359 83.4827
5.021175803844231 87.1643
5.043496238205739 90.4845
5.065834274903528 95.3748
5.088172504230693 100.169
5.1104935158799565 106.766
5.132832132875765 134.55200000000002
5.155153533596801 193.726
5.1774925416746225 232.054
5.199814334878411 369.444
5.2221537374521505 1008.58
5.244493338631803 2699.99
5.266815727034316 6999.03
5.289155727832427 11800.6
5.311478517248165 9422.9
5.333818921080011 3370.68
5.356159527788849 683.054
5.3784829252032536 207.44299999999998
5.400823940070432 152.685
5.423147747031976 133.394
5.445489173474152 122.227
5.467830807066149 115.71799999999999
5.490155234831516 111.10799999999999
5.512497285125229 107.25299999999999
5.534822130975162 105.73200000000001
5.557164601388673 103.095
5.579489868738879 99.979
5.601832762690846 100.01
5.6241758697774475 99.729
5.646501775867269 98.5242
5.668845311622074 96.0289
5.691171647754637 95.516
5.713515615597765 93.7554
5.735859800852677 93.0538
5.758186788542988 92.2393
5.780531411018185 91.8048
5.802858837297399 91.4433
5.825203900414495 91.6773
5.8475491852224 92.1116
5.869877275883075 92.7502
5.892223006467101 93.7736
5.914551544266608 95.1726
5.936897724049891 97.3472
5.959244129804903 102.47200000000001
5.981573344815301 119.999
6.0039202049061 205.856
6.026249875609095 441.61199999999997
6.04859719346037 932.503
6.070927323278297 2025.61
6.093275102315365 4091.17
6.115623113320588 5389.0
6.137953938319995 3603.08
6.160302415650845 1235.85
6.182633708324452 294.184
6.2049826554078376 125.06299999999999
6.227331838745022 97.8442
6.249663839443684 88.6049
6.27201349767565 86.007
6.294345974611799 95.3319
6.316696111167083 113.71
6.339046488263839 106.914
6.361379686074702 85.4191
6.383730546639482 74.0202
6.406064229255215 70.194
6.428415576718203 69.4175
6.450749747566656 67.9694
6.47310158535871 67.2902
6.495453669698332 66.5196
6.517788579421056 65.7679
6.540141159237969 65.175
6.562476565766648 64.3775
6.5848296444934045 64.1395
6.607182974060425 63.744
6.6295191323281015 64.2316
6.651872965955752 68.9034
6.6742096296068985 105.97399999999999
6.6965639707294615 174.926
6.71891856698715 177.486
6.741255995248479 113.51100000000001
6.763611104154477 73.8057
6.785949046381137 62.4718
6.808304671371482 59.9061
6.8306605557940046 59.1685
6.852999275508618 58.0808
6.875355681171544 58.2639
6.897694923437771 58.0553
6.92005185377892 57.7358
6.9423916220322655 57.6253
6.964749080490181 57.1663
6.987106804399774 56.7945
7.009447368180821 57.0437
7.031805625367033 56.405
7.054146723727803 56.3859
7.076505517631004 56.3349
7.098864581288365 56.2353
7.121206488070854 56.3987
7.143566093607822 56.2802
7.165908543567245 56.4151
7.188268694426048 56.3677
7.2106291193438095 56.7158
7.232972390625943 58.7011
7.255333366030969 75.8677
7.277677189091925 153.468
7.300038718428332 227.755
7.322400526130865 188.125
7.344745183422596 107.416
7.367107550224791 66.8962
7.389452767901992 58.3839
7.411815697249891 56.9195
7.434161478756298 55.9874
7.456524974096713 55.7651
7.478888753837185 55.5772
7.501235387657368 55.878
7.523599738562711 55.7809
7.545946944825532 55.7676
7.568311870344528 56.0781
7.5906770845765665 56.4104
7.613025156078678 58.5029
7.635390950099687 60.1278
7.657739602662809 59.3757
7.680105979923558 57.4405
7.702472650212829 57.0237
7.724822180948224 56.934
7.747189439655568 56.91
7.769539560075357 56.9119
7.791907410653562 57.6139
7.81425812420825 57.3771
7.836626570110925 57.6109
7.858995315087906 58.5192
7.881346924933401 58.9008
7.903716270417482 59.0546
7.926068482028405 59.683
7.948438431475253 60.3496
7.9708086843180235 60.5917
7.993161805171116 61.2604
8.015532667162402 61.4319
8.037886398416653 62.618
8.060257873014221 62.9376
8.082629655331942 63.5314
8.104984308787587 64.9156
8.127356708900503 69.0241
8.149711981398308 76.9692
8.172085002766314 80.4874
8.194458336181368 74.9648
8.216814543847752 70.5861
8.23918850371002 70.2555
8.26154533906492 70.8712
8.283919928836452 72.4893
8.306277395339652 73.2325
8.328652618483376 74.6226
8.351028159736202 76.5193
8.373386579575245 78.7542
8.395762759396959 80.7471
8.418121819038275 86.7393
8.440498640894003 104.48899999999999
8.462875785192262 123.99700000000001
8.485235811156207 132.921
8.507613602688501 166.028
8.529974277114228 247.865
8.552352719347912 375.00300000000004
8.574731488360351 628.914
8.59709314210385 1088.51
8.619472567021075 1732.48
8.64183487789147 2159.91
8.664214962183097 1924.47
8.686577933647762 1089.61
8.708958680784317 454.26199999999994
8.731339760774953 196.226
8.753703729764451 119.273
8.77608547780821 102.36200000000001
8.798450116065078 97.5545
8.820832535634787 94.2467
8.843215292401656 92.415
8.865580941199045 90.5727
8.887964374703538 89.7318
8.910330701447199 91.3758
8.932714815164482 95.2952
8.955099270424924 94.756
8.977466620733543 90.9367
8.999851761421976 86.7145
9.022219798361645 84.5305
9.04460562795561 84.414
9.066991803441677 83.7357
9.089360876979615 83.2844
9.111747746589993 83.3786
9.13411751544971 82.5037
9.156505082664324 82.5072
9.178875550323522 82.8117
9.20126381862328 83.6617
9.223652438908596 84.1702
9.246023961427412 83.5135
9.26841328802173 82.7756
9.290785518039224 82.6641
9.313175554425882 83.3088
9.335565947154315 83.2551
9.357939245086508 83.3275
9.380330352834827 83.3369
9.40270436697103 83.6135
9.425096193225055 83.6611
9.447488380180165 84.6256
9.469863475295412 84.6735
9.492256385987508 85.0531
9.514632206018318 85.7779
9.537025843935714 85.9607
9.559402392368193 86.9617
9.581796761000229 88.1018
9.604191496441521 88.9061
9.626569144158516 93.4331
9.648964615551032 100.057
9.671343000390081 102.79799999999999
9.693739211225699 99.2726
9.716135793237463 95.3837
9.738515290448102 94.1204
9.760912617143402 94.9588
9.783292860202891 96.199
9.805690935076182 96.8758
9.828089385495742 97.9372
9.850470754023561 100.74
9.872869957865444 110.84100000000001
9.89525208097539 132.197
9.917652041736662 149.491
9.940052382417589 147.263
9.962435644102392 145.438
9.984836746950979 174.333
10.007220771957746 233.44
10.029622640473708 329.434
10.052007432299963 492.74199999999996
10.074410069984072 746.4780000000001
10.096813093716005 1152.93
10.119199042482517 1628.26
10.141602840636468 1944.44
10.163989564971628 1716.06
10.186394141051062 1043.93
10.208799107559706 469.342
10.231187001965623 215.077
10.253592751657669 134.903
10.275981430388155 117.104
10.298387966769793 117.431
10.320794897965431 121.302
10.343184759907361 120.583
10.36559248305461 112.824
10.387983138083852 106.764
10.410391656691655 107.90299999999999
10.432800574501677 117.4
10.455192425893369 133.18200000000002
10.47760214443012 157.278
10.499994797678786 196.389
10.522405320453982 266.483
10.54479877906917 372.494
10.567210109595656 497.332
10.5896218454736 561.27
10.612016518879773 541.595
10.634429067781074 394.825
10.656824555333241 227.002
10.679237920773568 135.335
10.701651695961992 100.154
10.724048411481384 91.1134
10.746463008485165 87.6695
10.768860546937125 85.8245
10.791275969274796 84.1692
10.81369180576079 83.0197
10.836090585366925 81.8698
10.858507252467449 81.1482
10.88090686379991 80.2343
10.903324365036394 79.542
10.925724811614439 80.1087
10.948143150509463 81.8891
10.970561909719066 81.1682
10.992963615930844 78.7208
11.015383218085756 76.2055
11.037785768347074 74.1385
11.06020621697282 73.7618
11.082627090322113 73.2076
11.105030913430326 72.8711
11.12745263854165 73.5934
11.149857314510728 78.9637
11.172279894912576 88.1606
11.194702904450653 89.9447
11.217108866490921 84.4843
11.239532736615194 78.0604
11.26193956033512 74.6872
11.284364294577085 72.385
11.306789462371718 69.5943
11.329197585398376 68.337
11.351623622610898 68.0844
11.37403261614354 67.1788
11.396459526308487 66.94800000000001
11.418869393879497 66.4122
11.441297180532617 65.9683
11.463725406927658 65.7359
11.486136592353875 65.6851
11.508565700543707 66.4458
11.530977768845315 69.6476
11.553407762368774 70.7612
11.575838200059769 69.8037
11.598251599479612 67.1982
11.620682927815501 65.2022
11.64309721895548 64.5479
11.665529441478206 63.9866
11.687962112597958 63.6594
11.710377748130886 64.0809
11.732811318753434 63.7423
11.755227854859067 63.7775
11.777662328529495 63.763000000000005
11.800079768750786 63.5289
11.822515149015453 63.253
11.844950984084935 63.4174
11.867369787303163 63.1783
11.889806534289491 63.7119
11.912226250487029 63.6754
11.934663912939751 63.7224
11.9571020346363 63.6402
11.979523127133968 63.701
12.001962169624331 63.9854
12.024384183972964 65.0082
12.046824150809913 68.0688
12.069264581333726 73.111
12.091687985297767 79.3251
12.11412934550045 88.1085
12.136553680195208 101.641
12.158995973632788 120.27
12.181438735204349 147.244
12.20386447284199 175.25900000000001
12.226308172985636 204.567
12.24873485024193 213.643
12.271179492516982 179.06099999999998
12.293607112949127 141.49200000000002
12.316052700916226 105.911
12.338498763250042 85.3101
12.360927805303868 73.9193
12.383374818673879 68.3868
12.405804812803074 66.0693
12.428252780773262 65.49600000000001
12.45070122756722 65.1984
12.473132656675375 65.2137
12.49558206341869 65.5051
12.518014453510101 65.2908
12.540464823770117 65.2937
12.562915677315177 65.7283
12.58534951575545 66.6924
12.607801338171472 69.5154
12.630236146511358 76.7692
12.652688941369085 84.2088
12.675124723177234 84.7602
12.697578494048786 78.7689
12.720032754458185 72.0672
12.742470003354093 69.2999
12.764925245138771 68.6494
12.787363476431278 68.7662
12.809819703166806 69.1708
12.83227642391173 69.6366
12.854716135692716 70.0084
12.877173846755147 71.6482
12.899614549869717 71.6324
12.9220732548287 72.3817
12.94453245827299 72.8049
12.966974655289818 73.7896
12.989434858002571 74.8698
13.011878055298721 75.2483
13.034339260862497 76.3815
13.056800969391883 77.5381
13.079245674017244 79.1474
13.101708390774869 81.3123
13.12415410463411 87.9227
13.146617833206086 99.3846
13.169064559883248 111.632
13.191529303857127 125.719
13.213994557076367 146.026
13.236442809902437 177.57
13.258909083908291 224.27599999999998
13.28135835851934 280.693
13.30382565690295 346.936
13.326293469022952 409.599
13.348744283242008 436.083
13.371213125129904 390.56
13.39366497011003 293.722
13.416134845360597 194.622
13.438605238843131 132.554
13.46105863690397 109.05799999999999
13.483530069144786 106.346
13.505984506951902 110.736
13.528456981549432 119.69200000000001
13.550929978879088 132.933
13.573385983253365 153.461
13.595860028340867 186.377
13.618317081455832 231.312
13.64079217790333 283.816
13.663250283359057 333.85900000000004
13.685726434770173 368.898
13.708203115221277 355.48199999999997
13.730662806148091 285.388
13.75314054697177 204.828
13.775601299246777 140.70600000000002
13.798080104050406 103.103
13.820559442405358 87.774
13.843021793671388 83.4302
13.865502201420897 81.2193
13.887965623051947 80.5965
13.910447103807167 79.5565
13.932929122629764 78.3276
13.955394156785959 77.584
13.977877254034569 76.7792
14.000343367582113 75.8861
14.022827546871707 74.914
14.045294743423524 74.1891
14.06778000837062 73.8288
14.090265817715476 73.6283
14.112734645763819 73.5466
14.13522154619454 73.4726
14.157691466286913 73.5874
14.180179461423874 73.4832
14.202668005486178 72.4433
14.22513957064374 71.5882
14.247629214846473 71.1929
14.270101881097517 71.1478
14.29259262906496 71.6402
14.315083930490205 72.6487
14.337558255389705 73.0459
14.360050666019726 72.8253
14.382526101071944 71.6777
14.405019624534942 70.3518
14.427513705993134 69.8447
14.449990813291825 69.5235
14.47248601302899 69.3107
14.49496423954951 69.4517
14.517460561197822 69.6285
14.539939910570322 69.5629
14.562437357763558 69.7803
14.58493536931253 71.3576
14.607416409993311 72.608
14.62991555254159 73.4432
14.652397725157423 73.1037
14.674898002342799 72.0729
14.697398848433282 71.3031
14.719882725991326 71.7151
14.74238471217934 72.3161
14.764869730765593 75.1137
14.787372860692983 78.775
14.809876564079925 83.0587
14.83236330125751 88.3597
14.854868153850365 96.4035
14.877356041159485 107.757
14.899862046604186 123.985
14.922351087688757 145.425
14.944858249632887 171.375
14.967365991421232 198.49599999999998
14.989856770231246 219.81799999999998
15.012365673994204 224.768
15.03485761569738 202.899
15.05736768508665 162.378
15.07987833888692 123.775
15.102372032001655 96.7375
15.124883856909658 80.0639
15.14737872204565 74.0941
15.169891721717274 71.9371
15.192405310371893 71.5799
15.214901940621196 72.3475
15.237416709527137 73.1006
15.259914520936249 73.3058
15.282430473753607 72.0724
15.304947020131227 70.5546
15.327446610371178 69.5389
15.349964346154254 68.14399999999999
15.372465126703139 67.7844
15.394984055556009 67.5265
15.417486030076159 67.3743
15.44000615566487 66.8834
15.462526881230803 66.8215
15.485030653812652 67.206
15.507552581617434 67.3869
15.530057557334603 67.4242
15.55258069104857 67.0225
15.575104429329837 66.82600000000001
15.597611216864632 66.2482
15.620136166564563 66.1487
15.6426441664095 67.0371
15.665170331202765 69.2023
15.687697105158826 72.2026
15.710206930593545 75.5465
15.732734925158933 79.3618
15.755245972089478 85.2883
15.77777519094324 93.5454
15.800287463046663 104.546
15.822817909869592 120.72399999999999
15.84534897229804 138.268
15.867863089299354 161.985
15.890395385222186 180.812
15.912910736597423 193.238
15.935444269699861 189.708
15.957978423016485 166.30599999999998
15.980495633101265 134.641
16.003031029129367 104.185
16.02554948280019 81.6071
16.048086125229432 70.7554
16.070623392487107 67.4094
16.09314371869582 66.7039
16.11568223789321 65.6804
16.13820381691126 64.4285
16.160743591742527 62.9705
16.183283996022084 61.6045
16.205807461423195 60.5565
16.228349126881973 59.9019
16.25087385432698 59.8247
16.27341678466365 59.2433
16.29594277784926 59.3929
16.31848697676433 60.0341
16.341031811604868 60.7879
16.36355971058487 61.339
16.3861058195587 60.8283
16.40863499352978 59.1796
16.431182380342005 57.9949
16.453730407713202 57.1112
16.476261501364792 56.6182
16.498810812136167 56.1773
16.52134319004079 56.3819
16.54389378792203 56.3942
16.566445031001553 56.18
16.588979342490088 55.9099
16.61153187824822 55.8795
16.634067483263312 55.8019
16.656621315414416 55.4909
16.679175797408888 55.2607
16.701713349928728 55.3351
16.72426913389191 55.6406
16.74680798922351 55.7906
16.76936507887444 55.8017
16.791905240734874 55.7795
16.814463639794468 55.6334
16.837022695210294 55.4849
16.859564824093756 56.0018
16.882125194503903 57.2364
16.904668639217885 58.2228
16.927230328348003 58.5049
16.949792678493612 58.5153
16.972338104193863 57.5551
16.994901778652235 56.7172
17.017448529496576 56.3925
17.040013531998152 56.4143
17.06257920018044 56.6833
17.0851279459922 57.4413
17.107694947817667 58.3492
17.130245028099072 59.0386
17.15281336730298 60.4358
17.17536478578733 62.0855
17.19793446610687 63.9795
17.220504818648422 66.1307
17.243058251703697 69.1503
17.265629950971032 73.3373
17.288184731571736 77.3693
17.310757781306908 82.2998
17.33333150794385 83.4604
17.355888317140174 83.3109
17.37846339986244 79.7975
17.401021565958885 74.2635
17.42359800851343 68.0084
17.44617513265564 63.6898
17.468735341390783 61.1939
17.491261035594565 60.0454
17.51396340099364 59.5802
17.536490463869136 60.0304
17.559018209820174 59.8767
17.58154663977963 59.9
17.604251766089718 60.0677
17.626781572227713 60.2861
17.64931206518155 60.604
17.671843245885103 61.1705
17.69455114821572 61.2825
17.717083712612634 61.5756
17.739616967569667 61.655
17.762150914021706 62.1239
17.78486160749854 62.0195
17.807396945166804 62.2928
17.829932977143503 63.1229
17.85246970436452 64.5529
17.875183204129467 66.316
17.897721330097664 68.3793
17.920260154126645 70.5809
17.942799677153296 73.933
17.9655159983646 77.0842
17.988056927677544 81.7231
18.010598558807683 88.1455
18.033140892692916 96.7056
18.05586005052525 106.101
18.07840379824407 116.791
18.10094825154059 128.246
18.12366954819864 138.179
18.146215420998306 142.173
18.16876200220057 135.894
18.191309292745153 123.23100000000001
18.214033452627167 109.07600000000001
18.236582170236648 95.4509
18.259131600016456 87.9909
18.281681742907335 86.5351
18.304408781233683 89.3174
18.32696035875955 93.8699
18.349512652227624 98.9512
18.372065662579683 104.395
18.394795594587553 106.90899999999999
18.41735004715306 106.196
18.43990521943684 100.693
18.46246111238171 91.3854
18.485193953325208 81.4245
18.507751296070428 72.7917
18.530309362314178 67.5911
18.552868153000343 64.6268
18.57560391815056 63.2109
18.59816416623245 62.5132
18.620725141597372 61.9757
18.643286845190268 61.5096
18.666025549835414 61.3199
18.688588718427933 60.6859
18.711152618092243 60.5091
18.73389353884365 60.0339
18.75645890921984 59.5967
18.77902501351406 59.3523
18.801591852673102 59.3429
18.824335739722738 58.8115
18.846904057212626 58.6688
18.8694731124168 58.4794
18.89204290628315 58.4936
18.914789774966803 58.1341
18.937361054791623 57.9131
18.959933076131318 57.602
18.982505839934877 57.8991
19.00525570560582 57.8235
19.027829963004184 57.8865
19.05040496572238 57.8938
19.072980714710468 57.7116
19.095733592739563 57.7352
19.11831084296757 58.2136
19.140888842324735 58.7628
19.16346759176222 58.9988
19.18622349753803 59.376000000000005
19.208803755869358 60.1697
19.231384767143577 61.0659
19.253966532312948 62.098
19.276725481241822 64.0193
19.29930876296784 66.2569
19.3218928014549 69.015
19.34465404436217 72.4957
19.36723960516257 75.6039
19.389825925592426 77.1604
19.412413006605938 77.2717
19.43517731967805 74.5197
19.457765930683355 70.0291
19.48035530514408 65.1373
19.50294544401556 61.0452
19.525712842708348 57.8079
19.54830451925909 56.2507
19.570896963095727 55.0468
19.593490175174704 54.5496
19.616260674962184 54.5636
19.638855432416964 54.1856
19.661450960992624 54.1788
19.68404726164677 54.2432
19.706820878021247 53.9693
19.729418731756834 54.1665
19.752017360452857 53.798
19.77461676506804 54.0034
19.797393513540218 54.1756
19.819994478951667 54.5692
19.84259622316767 54.9634
19.8651987471481 55.54
19.887978643247177 56.006
19.91058273574792 56.2211
19.933187610901943 56.8365
19.955969879466828 57.7183
19.97857632894404 58.8851
20.00118356396599 60.0847
20.023791585494575 61.996
20.046577028914875 64.4738
20.069186632506966 66.4655
20.091797025500632 68.6123
20.114408208858933 70.4023
20.137196842715273 70.6632
20.159809615886765 69.8029
20.18242318232135 67.0251
20.20503754298326 64.7277
20.227829382875154 63.0735
20.250445341109344 62.4684
20.27306209647285 62.7707
20.29567964993108 63.6358
20.31847471147704 64.671
20.34109387027612 66.1722
20.363713830075454 66.3353
20.386334591841646 65.5446
20.409132890679302 63.1875
20.431755265564437 60.07899999999999
20.454378445325528 57.0851
20.477002430930366 54.9159
20.499803982716553 53.5786
20.522429589228004 52.7939
20.54505600449589 52.1194
20.567683229489194 51.9523
20.590488049900088 51.3247
20.61311690359731 50.9452
20.63574656993626 50.6426
20.658553853717297 50.1865
20.681185154618298 50.1515
20.703817271080066 50.2003
20.72645020407368 49.9276
20.749260783967177 49.6968
20.771895359337133 49.5768
20.794530754161617 49.5298
20.817166969412938 49.6614
20.83998086114876 49.3946
20.86261872660049 49.3289
20.885257415405402 49.3054
20.90789692853701 49.2585
20.930714147864748 49.208
20.953355319030678 49.1812
20.97599731745334 49.343
20.99864014410749 49.2262
21.021460706796564 49.1748
21.044105199328826 49.4003
21.06675052302631 49.4704
21.089396678865015 49.6218
21.112220600704806 49.9513
21.134868430275347 50.3162
21.15751709492456 50.5319
21.180166595629693 50.6937
21.202993892429635 51.2141
21.22564507473034 51.5536
21.24829709602816 51.9434
21.27112693608965 51.9503
21.293780644891275 52.1272
21.316435195634053 51.6364
21.339090589297417 50.7889
21.361923832041875 50.2958
21.384580921090404 49.7822
21.407238856007325 49.2757
21.429897637773326 49.0461
21.45273429906592 48.9456
21.475394784108598 49.0673
21.498056118951983 48.9072
21.520718304578022 48.867
21.543558400304388 49.1549
21.566222297108816 49.3938
21.58888704765135 49.5616
21.61155265291521 49.6814
21.63439619898156 50.1187
21.657063523335786 50.2689
21.67973170537063 50.806999999999995
21.7024007460706 51.2693
21.72524775840385 51.9557
21.747918526116475 52.7495
21.770590155457388 54.0062
21.79326264741238 55.3615
21.816113141960237 56.882
21.838787368860547 58.5394
21.861462461341976 60.2856
21.884315579735777 62.251000000000005
21.90699241312273 63.9371
21.92967011506078 65.1245
21.95234868653799 65.5679
21.9752053151131 64.8199
21.997885635446785 63.0089
22.020566828293532 61.08
22.04324889464272 59.0116
22.066109049404666 57.4575
22.088792872571794 56.6275
22.111477572219204 56.506
22.1341631493376 56.7363
22.157026846313123 56.7313
22.179714188221507 56.3377
22.202402410582668 55.4737
22.22509151438863 53.9716
22.24795876962584 52.5982
22.270649646204486 51.6568
22.293341407213727 50.7951
22.316034053646906 50.0054
22.338904883215342 49.8193
22.36159931041458 49.8445
22.38429462602756 49.8109
22.40699083104897 49.6497
22.429865251039757 49.7491
22.452563244831367 49.6162
22.47526213102522 49.5666
22.49813925616515 49.4027
22.520839937143307 49.3
22.543541513520587 49.3229
22.56624398629403 49.0082
22.589124730075895 48.9955
22.611829005656723 49.4073
22.63453418063466 49.1814
22.657240256008077 49.3617
22.680124634582935 49.5813
22.70283252079775 49.8248
22.725541310413075 49.9006
22.74825100442868 50.1542
22.771139033969575 50.6016
22.79385054687155 50.8674
22.81656296718292 51.3581
22.83927629590484 52.2797
22.862167992606945 53.0772
22.88488314827121 53.9305
22.907599215359284 54.7336
22.93031619487366 55.9426
22.953211574954405 57.0326
22.975930389478226 58.2044
22.998650119445763 58.7581
23.02137076586092 58.3554
23.044269845560063 57.5168
23.06699233506288 55.8922
23.089715744034912 53.8388
23.112617610931565 52.2523
23.135342869061212 50.8484
23.158069049684816 50.0659
23.1807961538087 49.6019
23.20370174880544 49.451
23.226430710184808 49.3854
23.249160598093425 49.4187
23.271891413539002 49.3682
23.294800752937697 49.2891
23.31753343374794 49.6212
23.340267045128353 49.5208
23.36300158808808 49.9576
23.38591468821339 50.1129
23.408651104658304 50.6118
23.431388455719986 51.0489
23.454126742409 51.8606
23.4770436196085 52.7494
23.499783787914662 53.7885
23.522524894889884 54.7089
23.54526694154616 55.692
23.56818761219047 56.9206
23.59093154860734 57.708
23.613676427751283 58.5877
23.636422250635754 58.1887
23.659346731118656 56.9896
23.68209445191868 55.2992
23.704843119509587 52.9191
23.72759273490623 51.1402
23.750521041644767 49.2955
23.77327256312355 48.0465
23.796025035462787 47.3175
23.818956224555475 46.8255
23.841710609113413 46.6791
23.86446594758979 46.3381
23.887222241002014 46.2034
23.910157285144578 45.7852
23.932915498962537 45.8706
23.955674670778713 45.7739
23.978434801611975 45.485
24.001373717286125 45.3592
24.024135776723917 45.2616
24.046898798245582 45.1424
24.06966278287146 44.9729
24.092605586582614 44.8533
24.115371508023642 44.6721
24.1381383956401 44.6255
24.16090625045381 44.5681
24.183852958731244 44.3951
24.206622758582608 44.4056
24.229393528706886 44.2208
24.252165270127392 44.3412
24.27511589952438 44.1405
24.297889594216997 43.9144
24.32066426328598 43.8499
24.34343990775613 44.0815
24.36639447485003 43.7978
24.38917208083877 43.75899999999999
24.41195066531332 43.4877
24.43490819850244 43.5971
24.457688750692377 43.4474
24.48047028445616 43.3883
24.503252800821233 43.4569
24.526214300784112 43.5672
24.548998793132213 43.4881
24.57178427117417 43.416000000000004
24.59457073593893 43.5311
24.617536219319863 43.4579
24.64032466834748 43.4883
24.663114107195035 43.4599
24.685904536893013 43.1069
24.708874020360852 42.9859
24.731666442613744 43.052
24.754459858818787 42.8737
24.777254270007962 42.6996
24.80022777025625 42.7333
24.82302418230472 42.7368
24.845821592443674 42.7623
24.86862000170663 42.731
24.891597535453727 42.5035
24.914397953892728 42.7633
24.93719937456671 42.7567
24.96000179851076 42.827
24.98298338249997 43.0809
25.00578782394922 43.3348
25.028593271784167 43.2562
25.05157790644186 43.601000000000006
25.07438537804115 43.6441
25.097193859145293 43.9277
25.120003350792075 44.0007
25.142992065061257 44.4128
25.165803588823465 44.6837
25.18861612625217 44.9295
25.211429678386736 45.1787
25.234422489079968 45.1035
25.257238081693636 45.1549
25.280054692141732 45.2781
25.3028723214652 45.2147
25.325869245420463 45.3867
25.348688923599397 45.3063
25.371509623787006 45.3352
25.394331347025812 45.2651
25.41733240110666 44.9925
25.440156181590016 44.1964
25.46298098826268 43.8608
25.48580682216873 43.3303
25.50881202326435 42.7056
25.53163992281684 42.198
25.55446885274561 41.7762
25.577298814096377 41.3659
25.600308179121807 41.4336
25.623140214533745 41.4027
25.64597328451537 41.2645
25.66898578564376 40.9408
25.691820936010206 41.0369
25.714657124097695 41.0554
25.737494350954734 41.1544
25.760511045684957 41.0522
25.783350361364224 41.1263
25.806190718969255 41.053999999999995
25.82903211955018 41.2031
25.852053024868923 41.255
25.874896522722523 41.2154
25.897741066713106 41.0515
25.920586657892454 41.2467
25.943611790812668 41.3737
25.966459487728237 41.2357
25.989308234998564 41.3612
26.01215803367705 41.7672
26.03518741123814 41.8388
26.05803932412957 41.841
26.080892291600094 41.879
26.10374631470478 42.0706
26.12677995397268 42.2376
26.14963609978026 42.3741
26.172493304397875 42.0485
26.19535156888223 41.8877
26.218389486949604 41.4274
26.241249882640123 41.1697
26.26411134137826 40.9233
26.28715248187403 40.8508
26.31001607820869 40.6534
26.3328807407756 40.4721
26.35574647063438 40.6087
26.37879191991473 40.5385
26.401659795896734 40.4595
26.424528742360263 40.6916
26.447398760366614 40.8238
26.470448535598294 40.9649
26.49332070826805 41.1032
26.516193955675355 41.5048
26.53906827888316 41.5837
26.562122397260108 41.7213
26.584998883685063 41.9285
26.607876449110325 42.2291
26.63075509460056 42.4116
26.65381357334404 42.5149
26.67669439061878 42.5276
26.699576291163382 42.6595
26.722459276044212 42.5487
26.745522132402975 42.2945
26.768407297649354 42.0788
26.791293550442003 41.6611
26.814180891848974 41.3858
26.837248143099337 41.0842
26.860137673466657 41.0423
26.88302829566349 40.7222
26.90592001075963 40.547
26.92899167420566 40.4774
26.951885586870763 40.0545
26.974780595655517 39.8589
26.99785558178161 39.6961
27.020752794605112 39.5816
27.043651106772522 39.4487
27.06655051935668 39.3473
27.089629948036183 39.2441
27.112531573292053 39.2723
27.135434302194138 39.2599
27.158338135817015 39.0609
27.181422024430987 39.1893
27.204328079372566 39.043
27.22723524226965 38.9648
27.250143514198573 39.1106
27.273231880156334 38.9997
27.296142382065014 38.7983
27.319053996245536 38.7168
27.341966723775965 38.9226
27.365059584515222 38.9009
27.38797455070062 38.9404
27.410890633481237 38.7286
27.433807833936918 38.8113
27.456905206923906 38.9695
27.47982465472398 38.891999999999996
27.502745223449743 38.9906
27.525666914182825 39.071999999999996
27.548768816912457 39.0042
27.571692763693633 38.884
27.59461783573812 38.8054
27.617723149491244 38.6848
27.640650484125285 38.5998
27.66357894728264 38.6357
27.686508540048052 38.5452
27.709618414237887 38.5631
27.732550278321757 38.2794
27.755483275279115 38.3791
27.778417406196485 38.4073
27.801531858397514 38.2931
27.824468269376716 38.2701
27.847405817586786 38.1754
27.870344504116094 38.3651
27.893463551932008 38.3901
27.916404527281053 38.5949
27.93934664422563 38.7426
27.962289903855886 38.7134
27.98541356491974 38.9612
28.00835912214229 39.0701
28.03130582533231 39.3115
28.054253675581805 39.4619
28.077381967556104 39.4322
28.100332124185126 39.3269
28.123283431160893 39.3431
28.146235889577238 39.3844
28.169368830154156 39.1759
28.192323603752033 39.0087
28.215279532083304 38.7549
28.238415973016764 38.4635
28.261374223145094 38.4336
28.284333631303806 38.3163
28.307294198589954 37.935
28.330435319167677 37.5692
28.353398217078915 37.4343
28.376362277420153 37.2916
28.39932750129032 37.1465
28.422473319286713 36.9144
28.44544088262495 36.773
28.468409612800283 36.6493
28.491379510913497 36.436
28.51453004413313 36.4209
28.53750229057244 36.4366
28.56047570826344 36.3501
28.583450298308804 36.3169
28.606605564586562 36.1729
28.629582511831156 36.1636
28.65256063474956 36.0731
28.675539934446338 36.0683
28.698699951647605 36.2139
28.72168161743193 35.9085
28.74466446331978 35.9804
28.767648490417624 35.9056
28.790813276438353 35.8704
28.813799678527303 35.9345
28.836787265157085 35.815
28.859955641890075 35.7955
28.882945610203045 35.793
28.905936766392035 35.7529
28.928929111566863 35.8092
28.952102288520145 35.7049
28.975097024308607 35.6093
28.998092952423807 35.4798
29.021090073977508 35.3694
29.04426806913204 35.3831
29.067267590245258 35.1368
29.090268308143695 35.1051
29.11327022394099 34.9586
29.13645305530891 34.8716
29.159457379627167 34.8396
29.18246290519685 34.8033
29.20546963313352 34.6738
29.22865731875826 34.6607
29.25166646419296 34.723
29.27467681535305 34.5486
29.29768837335608 34.6799
29.320880931312562 34.6093
29.34389491580634 34.5947
29.366910110507334 34.5512
29.38992651653503 34.6815
29.41312396492981 34.6883
29.436142806456754 34.505
29.45916286268059 34.4531
29.48236399319994 34.4872
29.50538649169417 34.382
29.528410208259935 34.1867
29.55143514402014 33.9543
29.574641196749695 33.8947
29.597668583816574 33.7688
29.6206971934585 33.592
29.64372702680042 33.6088
29.666938019934474 33.5003
29.689970313635285 33.4539
29.713003834422636 33.4413
29.73603858342347 33.376999999999995
29.759254535188578 33.289
29.78229175361658 33.1856
29.80533020365064 33.213
29.82836988641968 33.2933
29.85159081507472 33.2928
29.874632976355343 33.0791
29.89767637376955 33.1381
29.920721008448314 33.1091
29.9439469322847 33.1177
29.96699405457564 32.9757
29.9900424175358 32.9582
30.013092022298157 32.8279
30.03632295963995 32.9071
30.059375061131373 32.8604
30.08242840783577 32.9938
30.105483000888153 32.8272
30.128718970092244 32.8443
30.151776069006917 32.7663
30.17483441768648 32.7293
30.198074175317235 32.8271
30.221135036724256 32.8975
30.24419715131772 32.7608
30.267260520236203 32.6559
30.290505341942243 32.7144
30.313571232750228 32.8234
30.336638381310948 32.8534
30.35970678876503 32.6834
30.38295669299435 32.5045
30.40602763151657 32.5901
30.429099832366074 32.5215
30.452173296685572 32.5979
30.47542830191959 32.3992
30.498504306502497 32.4315
30.521581577995562 32.5912
30.544660117543582 32.5739
30.56792024229725 32.4838
30.59100133132069 32.4202
30.614083691845494 32.4179
30.637167325018545 32.5298
30.660432587840603 32.591
30.683518779717886 32.4593
30.70660624769615 32.506
30.729694992924372 32.5736
30.75296541239743 32.7215
30.77605672557558 32.6074
30.799149319462742 32.4237
30.8224236211637 32.408
30.845518789950724 32.236
30.868615242910597 32.2852
30.891712981195973 32.0592
30.91499247215866 32.0539
30.938092794619365 32.0481
30.96119440587579 31.8787
30.984297307082752 31.7805
31.00758200598383 31.6892
31.030687500658694 31.6285
31.053794288760695 31.6404
31.076902371446767 31.5364
31.100192296997445 31.4994
31.12330298246119 31.4198
31.14641496599209 31.2316
31.169528248749216 31.2959
31.19282341969534 31.3735
31.215939314557186 31.3932
31.239056512134788 31.4285
31.262175013589378 31.2463
31.28547544871168 31.2664
31.30859657161541 31.1985
31.331719001892175 31.1339
31.35484274070538 31.2254
31.378148458819545 31.2605
31.401274828443725 31.266
31.424402510106933 31.2543
31.447712205419993 31.3999
31.470842524931633 31.2156
31.493974159989783 31.1948
31.51710711176168 31.1878
31.54042212308802 31.1595
31.563557722100917 31.2053
31.586694641341655 30.971999999999998
31.609832881979628 30.9136
31.63315322823208 30.8374
31.656294125521327 30.7226
31.679436347728515 30.7329
31.70257989602529 30.728
31.725905596152327 30.5551
31.74905181052835 30.4718
31.772199354521323 30.4635
31.79534822930507 30.4958
31.818679302290967 30.4522
31.84183085259981 30.5573
31.864983737233473 30.5317
31.88813795736804 30.5028
31.911474422233013 30.2993
31.934631327356435 30.4043
31.9577895715215 30.4077
31.980949155906522 30.3834
32.004291031706956 30.3254
32.027453310562606 30.3329
32.05061693318573 30.1781
32.07396288236386 30.2517
32.09712920658542 30.1725
32.12029687812702 29.9788
32.14346589817093 29.9641
32.166817291729984 29.9259
32.18998902288583 29.7716
32.21316210610336 29.7415
32.23633654256711 29.6549
32.259693399663725 29.6371
32.282870556771144 29.5802
32.30604907069099 29.61
32.329228942610065 29.4146
32.35259128243769 29.3806
32.375773884550505 29.3266
32.398957848235646 29.3249
32.422143174682176 29.2135
32.445511016471215 29.1353
32.468699082679954 29.0897
32.49188851523011 29.1138
32.51507931531304 28.974
32.538452678331 29.0266
32.56164622776311 28.8391
32.58484114831493 28.822
32.60803744118015 28.8249
32.631416344731896 28.796999999999997
32.654615396551876 28.7864
32.67781582427913 28.7876
32.701198898634416 28.7246
32.72440209253756 28.6429
32.747606665947124 28.603
32.77081262006088 28.5006
32.79420126883317 28.5226
32.81740999876112 28.5209
32.840620112999424 28.3821
32.86383161274818 28.3045
32.88722585534586 28.4148
32.91044014056596 28.4433
32.933655814909734 28.2975
32.95687287957963 28.3197
32.98027273544904 28.2678
33.00349259526636 28.2599
33.026713849030116 28.2244
33.04993649794511 28.2196
33.073341986570746 28.1325
33.09656744032826 28.1257
33.11979429286444 28.1613
33.14302254538647 28.1326
33.166433686291185 28.0296
33.18966475336992 28.06
33.212897224069096 27.9902
33.23613109959831 27.9272
33.259547912343415 27.9247
33.2827846121627 27.8795
33.306022720453775 27.816
33.32926223842861 27.7245
33.352684742614166 27.7383
33.37592709463173 27.7538
33.399170859982064 27.6744
33.422597648419426 27.5847
33.44584425514446 27.4932
33.46909227885668 27.5205
33.4923417207723 27.3982
33.51577423505344 27.3183
33.539026528130385 27.247
33.56228024307245 27.1796
33.585535381098246 27.1669
33.60897364093058 27.0916
33.63223163992385 27.1654
33.6554910656699 27.0004
33.678751919389796 27.0847
33.702195944520106 26.9655
33.72545966903325 26.9855
33.74872482519663 26.8853
33.771991414233746 26.8714
33.79544122444841 26.796
33.81871069412428 26.6868
33.84198160035767 26.7056
33.86525394437455 26.7018
33.88870955949969 26.6882
33.911984794020626 26.6579
33.93526147001624 26.5003
33.958539588715006 26.5066
33.98200102861669 26.4512
34.0052820477047 26.4085
34.02856451319451 26.3911
34.05203033759056 26.3207
34.07531571090147 26.3125
34.09860253431845 26.291
34.121890809074316 26.188000000000002
34.145362493118924 26.2374
34.16865368561615 26.1994
34.191946333164054 26.1047
34.21524043699793 26.1455
34.23871800066799 26.1458
34.26201503218366 25.9417
34.28531352370466 25.9739
34.30861347646881 25.9066
34.33209693978188 25.8734
34.3553998301885 25.8522
34.378704185565205 25.7486
34.402010007152356 25.723000000000003
34.42549939016683 25.7021
34.44880815937748 25.5817
34.472118398533134 25.6359
34.49543010887669 25.5845
34.51892543169198 25.4959
34.54224009966052 25.5513
34.56555624255917 25.5275
34.58887386163339 25.4948
34.61237514439016 25.3401
34.6356957311114 25.2669
34.65901779775809 25.2913
34.68252356662995 25.2476
34.705848608458616 25.2431
34.72917513396849 25.2249
34.75250314440949 25.1622
34.77601490857862 25.0018
34.799345904259795 24.9845
34.82267838863559 25.0225
34.846012362958525 24.9968
34.869530142679984 24.9844
34.89286711232212 24.8695
34.91620557568269 24.9412
34.93954553401677 24.9121
34.9630693495876 24.7772
34.986412313340814 24.8153
35.00975677584668 24.8013
35.033102738362956 24.7322
35.05663261012228 24.7514
35.0799815881786 24.6521
35.10333207003229 24.5617
35.12668405694369 24.6336
35.150220005273056 24.5713
35.17357501786656 24.5363
35.19693153931268 24.5161
35.220289570874385 24.4944
35.24383161619786 24.4935
35.267192683604904 24.4817
35.290555264930376 24.3412
35.314101899412165 24.3732
35.33746752422433 24.4216
35.36083466676374 24.329
35.38420332829803 24.2119
35.407756095629054 24.2979
35.43112781085063 24.2993
35.45450104888391 24.1975
35.477875810999194 24.2065
35.50143473172161 24.194000000000003
35.52481255774625 24.2714
35.54819191167777 24.1131
35.57157279478914 24.12
35.595137889488406 24.0356
35.61852184675279 23.9827
35.641907337029984 24.0234
35.665294361595684 23.9342
35.68886565090076 23.8877
35.7122557598848 23.8554
35.73564740699838 23.7905
35.759040593519934 23.7499
35.78261809810353 23.732
35.80601437933051 23.6394
35.829412203814705 23.6562
35.85281157283719 23.4488
35.876395313415884 23.5582
35.8997977874528 23.4699
35.92320180988546 23.444000000000003
35.946790244133936 23.3593
35.97019737933222 23.4108
35.993606066789866 23.4097
36.01701630779276 23.410999999999998
36.04061101440684 23.3198
36.06402437852291 23.2571
36.08743930005611 23.3276
36.1108557802951 23.2241
36.13445678011326 23.1548
36.15787639383515 23.1296
36.18129757014299 23.2233
36.20472031032821 23.1299
36.22832762423364 22.962
36.25175350829375 22.9612
36.275180960119776 22.9521
36.298609981005924 23.055999999999997
36.32222362992669 22.9275
36.34565580510207 22.8921
36.36908955323448 22.8402
36.39252487562093 22.7871
36.416144880530226 22.7016
36.43958336764275 22.7718
36.463023432914625 22.7591
36.486465077645676 22.6082
36.51009145956204 22.6742
36.53353627947859 22.6479
36.55698268276811 22.6194
36.58043067073321 22.5795
36.60406345072071 22.4513
36.62751462435344 22.5137
36.65096738658405 22.4627
36.67460498210655 22.4036
36.69806093788647 22.3313
36.72151848619297 22.3079
36.744977628333636 22.3746
36.76862165890998 22.2148
36.79208400512205 22.287
36.81554794910557 22.2243
36.83901349217101 22.1296
36.862663978991606 22.1187
36.88613273667352 22.1208
36.90960309738324 22.0921
36.933075062434064 22.0483
36.95673202673572 21.9941
36.98020721697122 21.9591
37.003684015502365 21.8596
37.027162423645365 21.8414
37.050825886711465 21.8108
37.07430753063053 21.8522
37.09779078812467 21.8132
37.121275660513014 21.7602
37.144945643673694 21.6938
37.16843376245278 21.6881
37.19192350009803 21.66
37.215414857931435 21.685
37.239091382563885 21.5978
37.262585997426164 21.4818
37.28608223645736 21.5033
37.309763684451696 21.4869
37.33326318851098 21.4199
37.356764320726555 21.44
37.380267082425526 21.4429
37.40395510942588 21.3668
37.42746114683234 21.3669
37.45096881771841 21.2097
37.474478123414166 21.2726
37.49817275092816 21.2233
37.52168534303452 21.2247
37.54519957395567 21.1415
37.568715445024665 21.1097
37.592416694607714 21.008000000000003
37.61593586281424 21.035
37.63945667518264 21.203000000000003
37.66297913304891 20.9578
37.68668702630454 21.019000000000002
37.710212792059274 20.9049
37.733740207334854 20.8718
37.757269273470364 20.8389
37.780983832050374 20.8014
37.80451621684926 20.7661
37.82805025654007 20.7118
37.851585952464795 20.7175
37.8753071980695 20.6962
37.89884622345676 20.6181
37.92238690911902 20.6216
37.94611318753442 20.5657
37.969657210779765 20.5954
37.99320289834801 20.506
38.016750251586465 20.5113
38.04048325513017 20.4115
38.06403395679343 20.4291
38.087586328183946 20.4336
38.11114037065203 20.3683
38.13488012115898 20.3145
38.1584375229181 20.2797
38.181996599821 20.2471
38.205557353221124 20.2318
38.229303872575656 20.2755
38.2528679961576 20.1828
38.27643380031219 20.1304
38.30000128639589 20.119
38.32375459653193 20.0883
38.34732546371299 20.0647
38.37089801690786 20.0008
38.39447225747609 19.9797
38.418232380377425 19.9164
38.441810012983396 19.9302
38.46538933705673 19.8675
38.488970353960084 19.8464
38.51273731166058 19.8242
38.536321731567014 19.8086
38.55990784840681 19.7983
38.58367995004091 19.7543
38.60726947812959 19.6531
38.63086070726198 19.6974
38.654453638806274 19.6993
38.678232613930824 19.5372
38.70182896773327 19.504
38.72542702806741 19.5303
38.7490267963045 19.5217
38.77281266709232 19.4872
38.79641586862214 19.4269
38.8200207821842 19.4185
38.843627409152944 19.3617
38.86742019782782 19.3592
38.891030269149255 19.2786
38.914642058016156 19.2736
38.938255565806124 19.1887
38.96205529464307 19.1701
38.98567225787121 19.1332
39.00929094417078 19.1685
39.03291135492255 19.1352
39.05671804624804 19.1157
39.080341923549106 19.065
39.103967529460334 19.0528
39.127594865365744 18.9544
39.15140854155791 18.9751
39.17503935514948 18.9771
39.19867190290282 18.9398
39.22249083587951 18.8763
39.24612686969409 18.8743
39.269764641845306 18.8942
39.293404153722804 18.833
39.317230110864074 18.7666
39.34087311998506 18.7311
39.36451787301696 18.7539
39.388164371352595 18.5761
39.41199737518003 18.5663
39.43564738196752 18.6143
39.45929913825317 18.601
39.48295264543308 18.5358
39.506792718520884 18.4879
39.530449745387216 18.5027
39.55410852735203 18.4606
39.57776906581474 18.4726
39.60161623079 18.3749
39.625280300200025 18.4181
39.64894613032202 18.3729
39.67261372255866 18.3293
39.6964680021016 18.3649
39.72013913657293 18.3006
39.74381203738292 18.2183
39.76748670593756 18.1746
39.79134812278169 18.2284
39.81502634488497 18.2198
39.83870633896685 18.1826
39.862388106436654 18.1086
39.88625668336918 18.0815
39.90994201572829 18.0356
39.933629125719285 18.0057
39.957503091207826 17.9166
39.9811937746168 18.0012
40.00488623990914 17.9276
40.02858048850006 17.878
40.05246165409549 17.8669
40.076159487492085 17.8488
40.099859108448875 17.8532
40.123560518384345 17.7735
40.1474489070226 17.7716
40.171153913178564 17.7048
40.194860712584955 17.6773
40.2185693066637 17.6942
40.242464941335314 17.6139
40.26617714307655 17.6145
40.289891143772046 17.6264
40.3136069448471 17.5796
40.33750984859743 17.5374
40.3612292688043 17.4816
40.3849504936829 17.4742
40.40867352466194 17.4343
40.43258372059144 17.3695
40.45631038219906 17.4537
40.48003885420956 17.3687
40.503769138055105 17.3717
40.52768664931955 17.3526
40.55142057531802 17.3728
40.57515631746428 17.2714
40.599079334038514 17.2884
40.62281872700477 17.1685
40.64655994043941 17.1759
40.67030297578061 17.1459
40.69423334835778 17.1598
40.71798004609188 17.1294
40.74172857006355 17.0283
40.76547892171441 17.0519
40.7894166736039 17.0716
40.813170699248566 17.0067
40.83692655691388 16.9013
40.86068424804498 16.9681
40.884629402612525 16.9161
40.908390779366385 16.918
40.932153993938 16.8263
40.95591904777605 16.8257
40.979871628443995 16.8013
41.003640379561936 16.7589
41.02741097430883 16.747
41.05118341413683 16.7031
41.075143444384416 16.6332
41.098919593177826 16.6632
41.1226975914255 16.6822
41.14647744058318 16.5645
41.170444943946755 16.5516
41.19422851378379 16.5691
41.218013938914645 16.4993
41.24198706625173 16.4779
41.26577622087193 16.5104
41.289567235177785 16.4322
41.31336011063129 16.4271
41.337340752422875 16.3407
41.361137369129835 16.339000000000002
41.38493585138705 16.352999999999998
41.40873620066004 16.3588
41.43272438060107 16.267
41.45652848292052 16.2428
41.48033445666918 16.172
41.50414230331616 16.1335
41.528138045159764 16.1454
41.551949656675205 16.1087
41.575763145513235 16.124000000000002
41.59957851314666 16.0848
41.62358184070442 16.089000000000002
41.64740098505737 16.0078
41.6712220126409 16.0193
41.69504492493139 15.9805
41.71905586207357 15.9652
41.74288256296395 15.91
41.766711153007456 15.8692
41.79054163368412 15.8796
41.814560204340054 15.8611
41.838394485526365 15.8481
41.86223066180303 15.8267
41.88625497706819 15.7969
41.910094962812 15.714
41.93393684811168 15.7564
41.95778063445365 15.6623
41.981812625263366 15.6179
42.00566023303407 15.6605
42.029509746323676 15.574000000000002
42.05336116662236 15.6
42.077400857069705 15.6103
42.10125611078846 15.5017
42.12511327600405 15.5022
42.14897235421036 15.4733
42.173019768448455 15.4309
42.19688269209613 15.3512
42.22074753323349 15.3964
42.24461429335818 15.3587
42.268669455600495 15.3714
42.292540073217886 15.3381
42.31641261433284 15.2895
42.34028708044675 15.2789
42.36435001496739 15.2847
42.38822835065557 15.2214
42.41210861586426 15.1447
42.4359908120986 15.2042
42.46006154323262 15.1005
42.48394762115317 15.0809
42.507835634632315 15.1244
42.531912233047436 15.1114
42.55580413732265 15.0571
42.579697981698 15.0479
42.60359376768525 14.9576
42.62767820545945 14.9828
42.65157789440821 14.9468
42.67547952952185 14.9083
42.699383112316 14.9075
42.72347541395347 14.8631
42.74738291190531 14.854000000000001
42.771292362102166 14.8124
42.795203766063516 14.7711
42.819303956130405 14.7968
42.843219287476536 14.7485
42.86713657716324 14.7562
42.89105582671383 14.7325
42.91516392983864 14.7225
42.939087119032166 14.6713
42.963012272677304 14.5959
42.98693939230129 14.5607
43.01105543317513 14.6017
43.034986504731386 14.5162
43.05891954686589 14.499
43.08285456110972 14.5305
43.10697856448665 14.4177
43.130917542983475 14.3518
43.15485849820081 14.4577
43.17880143167367 14.3942
43.20293342237094 14.3434
43.226880332449 14.3064
43.25082922540554 14.3691
43.27496722682525 14.2696
43.29892010567796 14.2594
43.32287497204102 14.2346
43.34683182745632 14.1828
43.370977859791836 14.1515
43.39493871351105 14.1573
43.41890156092628 14.1647
43.44286640358341 14.1227
43.46702049182749 14.0979
43.49098934522816 14.0654
43.51496019852649 14.0909
43.5389330532723 14.0266
43.56309522248204 14.0123
43.58707210044314 14.0079
43.61105098451946 13.9348
43.63503187626491 13.9268
43.659202151562134 13.8772
43.68318707902681 13.8364
43.70717401884041 13.8798
43.731162972560874 13.7932
43.75534137913236 13.7766
43.779334381108384 13.8015
43.803329401683186 13.7761
43.82732644241872 13.7753
43.8515130055166 13.7349
43.87551410707659 13.7021
43.89951723350145 13.7084
43.923709934595614 13.6556
43.94771713129917 13.6324
43.97172635758096 13.6402
43.99573761501002 13.5717
44.0199385169922 13.5562
44.04395385732619 13.5244
44.067971233533086 13.5477
44.09199064718605 13.5231
44.11619977548961 13.4714
44.14022328470671 13.4196
44.16424883610785 13.4619
44.18827643127035 13.3974
44.21249381139513 13.388
44.236525514814076 13.3096
44.26055926674478 13.3215
44.28459506876863 13.3329
44.3088207262813 13.2721
44.33286064928722 13.2313
44.35690262714919 13.2018
44.38094666145278 13.1816
44.4051806219871 13.2251
44.42922879003185 13.1292
44.45327901929361 13.1116
44.477331311362136 13.1327
44.501573600619416 13.1115
44.525630039221795 13.0259
44.54968854541895 13.0636
44.573937102200176 13.0361
44.5979997645541 12.9508
44.622064499300315 12.9819
44.64613130803592 12.9565
44.67038823869318 12.9705
44.69445921643748 12.8723
44.718532272981385 12.8494
44.742607409926194 12.8668
44.76687274034801 12.8393
44.79095205918753 12.7788
44.81503346325094 12.7781
44.839116954143876 12.8093
44.86339071028742 12.7576
44.88747839599524 12.7117
44.91156817336837 12.6897
44.93566004401666 12.652000000000001
44.959942251908146 12.6043
44.984038330325966 12.6018
45.00813650686762 12.5882
45.03223678314731 12.6114
45.05652746888232 12.5364
45.08063196592069 12.5462
45.104738567558705 12.519
45.128847275414856 12.5003
45.15314646515866 12.4626
45.17725940679741 12.4364
45.20137445952892 12.4213
45.22568004865265 12.4191
45.24979934496396 12.4029
45.27392075725247 12.3616
45.29804428714431 12.3465
45.322358426247604 12.3342
45.346486212804315 12.3157
45.370616121861914 12.2756
45.39474815505086 12.2795
45.41907087049246 12.2608
45.4432071734666 12.2197
45.46734560548283 12.2423
45.49148616817604 12.2047
45.51581748638564 12.1711
45.5399623320197 12.1102
45.56410931325473 12.0879
45.58825843173002 12.1081
45.61259837920865 12.0335
45.636751793816 12.0583
45.66090735060093 12.0076
45.68506505120716 11.9698
45.7094136545275 11.9365
45.73357566449271 11.929
45.75773982322992 11.9217
45.78190613238733 11.9039
45.806263418194064 11.8563
45.83043404997326 11.8757
45.85460683713677 11.8779
45.87897065658495 11.8239
45.90314777634752 11.8045
45.92732705646868 11.7786
45.9515084986045 11.7825
45.97588104735473 11.7481
46.00006683541565 11.6906
46.02425479047904 11.6878
46.04844491420549 11.6774
46.0728262191024 11.6953
46.09702070211635 11.6535
46.12121735879483 11.6175
46.14541619080294 11.6001
46.169806278764455 11.5968
46.194009483459034 11.5659
46.21821486849841 11.5375
46.24242243555223 11.5228
46.266821333570014 11.4903
46.29103328674601 11.4915
46.31524742696538 11.4824
46.33946375590237 11.4307
46.36387149104216 11.4483
46.38809221957392 11.3944
46.41231514186606 11.3729
46.436540259597464 11.3624
46.460956858999374 11.3365
46.48518638983522 11.3024
46.509418121166966 11.3226
46.533652054678114 11.2828
46.55807754555709 11.2962
46.58231590571962 11.2227
46.60655647313217 11.1944
46.630988654873654 11.1789
46.655233659129024 11.1634
46.67948087571551 11.1756
46.70373030632484 11.1414
46.72817142736393 11.1232
46.752425308428684 11.0736
46.77668140861147 11.0458
46.80093972960865 10.9731
46.82538981736788 11.0205
46.849652602470904 10.9791
46.87391761349769 10.9594
46.8981848521493 10.9457
46.9226439341274 10.9482
46.946915650573224 10.9206
46.97118959976749 10.9161
46.99546578341598 10.8716
47.019933887188216 10.8212
47.04421456235744 10.8464
47.06849747711879 10.8416
47.09278263318286 10.7778
47.11725978640143 10.7603
47.14154944775105 10.7244
47.165841355555656 10.7222
47.1901355115306 10.7022
47.214621741924994 10.661
47.23892041698887 10.6633
47.26322134538975 10.6356
47.28771440635075 10.6251
47.31201986422527 10.6134
47.33632758061436 10.5935
47.360637557241866 10.5651
47.38513974410611 10.5532
47.40945426407847 10.5379
47.43377104948137 10.5169
47.45809010204344 10.4816
47.48260144275502 10.4785
47.506925052572285 10.4426
47.53125093475548 10.4116
47.55557909103813 10.4187
47.58009961361992 10.4188
47.60443234110732 10.3908
47.62876734791564 10.3698
47.65310463578333 10.3426
47.6776343683373 10.3191
47.7019762413987 10.2821
47.72632040075572 10.2859
47.75066684815169 10.267999999999999
47.77520581885936 10.2493
47.799556865477655 10.18
47.823910205386 10.1771
47.84826584033272 10.1802
47.87281407745551 10.1313
47.89717432569297 10.1533
47.92153687423484 10.1409
47.94609208429692 10.1024
47.97045925671401 10.0782
47.99482873471275 10.0756
48.01920052005013 10.0883
48.04376504619224 10.0269
48.068141469543484 10.0452
48.09252020552573 10.0186
48.11690125590099 9.979619999999999
48.1414751266064 9.97909
48.16586082917454 9.96694
48.19024885144316 9.94558
48.2146391951793 9.95448
48.239222439012764 9.89533
48.26361744916137 9.86678
48.28801478610016 9.901110000000001
48.31241445160131 9.86557
48.337007097209366 9.83969
48.36141144338331 9.81458
48.38581812345755 9.82745
48.41022713920929 9.79837
48.434829215320704 9.754380000000001
48.45924292604658 9.749410000000001
48.48365897780325 9.77006
48.50807737237308 9.669369999999999
48.532688907799276 9.71209
48.55711201168574 9.73016
48.581537463754074 9.63973
48.60615611725119 9.61594
48.63058628942721 9.59496
48.65501881516546 9.62009
48.6794536962573 9.611130000000001
48.70408185970339 9.566510000000001
48.72852147531801 9.554310000000001
48.75296345168211 9.5273
48.77740779059232 9.51242
48.80204549302823 9.551060000000001
48.82649458091802 9.50944
48.85094603676547 9.4324
48.87539986237231 9.45023
48.90004713292306 9.44352
48.92450572200832 9.430589999999999
48.94896668628025 9.39775
48.97343002754588 9.40048
48.99808689542115 9.32147
49.02255501470614 9.35711
49.04702551642794 9.32123
49.0714984023988 9.29665
49.096164896893235 9.27104
49.120642575466796 9.26292
49.145122643748394 9.23568
49.16960510355558 9.20993
49.19428125404938 9.198939999999999
49.2187685210852 9.20825
49.243258185121555 9.18417
49.26794160167084 9.1693
49.2924360839405 9.11382
49.31693296869764 9.12627
49.34143225776915 9.15035
49.36612538195438 9.08413
49.39062950396021 9.04905
49.41513603578346 9.07441
49.4396449792564 9.02027
49.46434784069503 9.02637
49.488861631846454 9.022689999999999
49.513377840166804 8.99169
49.537896467493745 8.93871
49.56260909589029 8.93741
49.587132585683285 8.926639999999999
49.611658500018365 8.91956
49.636186840738596 8.91108
49.66090926588511 8.90656
49.685442483902584 8.86775
49.70997813385706 8.8398
49.734516217597076 8.85867
49.75924846937352 8.81989
49.7837914452858 8.81065
49.80833686055187 8.7813
49.83288471702571 8.75531
49.85762682540054 8.754439999999999
49.882179588965734 8.76569
49.9067347993235 8.73103
49.93129245833333 8.711910000000001
49.95604445336378 8.69469
49.98060703442832 8.7029
50.005172069746266 8.63616
50.02993150438364 8.62601
50.05450147301533 8.6268
50.07907390151433 8.60148
50.10364879174981 8.58363
50.12841816587289 8.55436
50.1529980044635 8.52806
50.17758031042124 8.51965
50.20216508562089 8.49863
50.22694442953363 8.48128
50.25153416817468 8.47405
50.27612638170508 8.48015
50.300721072005196 8.43039
50.325510416102105 8.41209
50.350110084975064 8.425180000000001
50.37471223628208 8.42964
50.39931687190919 8.38158
50.424116246675766 8.33258
50.44872587605249 8.3513
50.47333799543065 8.313460000000001
50.49795260670191 8.33329
50.52276204271512 8.31528
50.54738166295838 8.33363
50.57200378079314 8.2917
50.596628398116835 8.24656
50.62144792604559 8.24883
50.646077567609396 8.231810000000001
50.670709714377715 8.20087
50.69553683636198 8.176260000000001
50.72017401885922 8.1535
50.7448137122895 8.16692
50.76945591856022 8.162139999999999
50.79429318636823 8.11588
50.818940443716784 8.11748
50.84359021965163 8.07588
50.868242516085964 8.08111
50.893089960641895 8.06281
50.917747323549435 8.04327
50.94240721271973 8.03234
50.96706963007175 8.0106
50.99192728239342 7.9961
51.01659478166073 7.9627
51.04126481489051 7.982419999999999
51.06593738400761 7.9618
51.090805275207074 7.95896
51.11548294172845 7.931210000000001
51.14016314993547 7.902760000000001
51.164845901758845 7.931439999999999
51.18972406304274 7.85675
51.21441192780656 7.8364
51.23910234200271 7.8518
51.2637953075678 7.8406899999999995
51.288683770237945 7.829860000000001
51.31338186432707 7.79358
51.33808251561888 7.7663899999999995
51.362978729967345 7.74025
51.387684521509755 7.73796
51.41239287610203 7.73815
51.437103795691165 7.7063
51.46201036644977 7.67718
51.486726441956634 7.66795
51.51144508832545 7.6578
51.536166307509156 7.65723
51.56108326624387 7.6642399999999995
51.58580965706056 7.64688
51.61053862657523 7.60985
51.635270176746864 7.57148
51.66019755512065 7.5745
51.68493429268881 7.520339999999999
51.70967361681515 7.5372699999999995
51.73441552946465 7.518839999999999
51.759353359237934 7.48953
51.7841004750961 7.52442
51.80885018539685 7.50409
51.833602492111254 7.45158
51.8585508051424 7.4172899999999995
51.883308330926425 7.425489999999999
51.90806845906181 7.41908
51.932831191525715 7.409439999999999
51.95779001977161 7.3945300000000005
51.98255798721516 7.33798
52.00732856494335 7.3528899999999995
52.03229530577543 7.332389999999999
52.057071130455945 7.34242
52.081849571391054 7.343380000000001
52.106630630568695 7.31867
52.13160794279417 7.2732600000000005
52.15639426492067 7.30133
52.18118321127822 7.268160000000001
52.205974783860896 7.205889999999999
52.23096269971011 7.21963
52.255759551287994 7.21325
52.280559035098186 7.17443
52.30536115314103 7.17425
52.33035970494467 7.16815
52.35516711807904 7.16206
52.37997717147198 7.13112
52.40478986713005 7.11345
52.42979908731974 7.12144
52.454617094216 7.11718
52.47943774942214 7.075710000000001
52.50426105495102 7.029160000000001
52.529280976059844 7.062460000000001
52.554109609024096 7.038539999999999
52.57894089837482 7.00398
52.60377484613117 7.01128
52.62880550079408 6.98588
52.65364479223379 6.97468
52.67848674816189 6.91724
52.70352547971946 6.93617
52.72837279155837 6.98735
52.753222773982785 6.9097800000000005
52.778075429022984 6.93875
52.80312495150885 6.90762
52.827982978797436 6.870710000000001
52.85284368481815 6.851430000000001
52.87770707160767 6.8065
52.90276741793998 6.83215
52.92763619336701 6.804589999999999
52.952507655698504 6.85418
52.977381806977576 6.84503
53.00245301017842 6.75011
53.02733256653592 6.76997
53.052214817996074 6.77992
53.077099766608484 6.719180000000001
53.102181859804446 6.72652
53.127072229988265 6.71784
53.15196530349892 6.667680000000001
53.17686108239249 6.62932
53.20195409881522 6.663460000000001
53.22685531582556 6.664560000000001
53.25175924441303 6.6437100000000004
53.27666588664027 6.61377
53.30176985962693 6.60883
53.3266819565689 6.62109
53.35159677336455 6.608039999999999
53.376514312083096 6.60571
53.40162927507703 6.55132
53.42655228516116 6.52687
53.45147802340193 6.53221
53.47660125628886 6.56007
53.50153247842639 6.477869999999999
53.52646643496923 6.45259
53.55140312799818 6.47299
53.576537409691696 6.51714
53.60147960336152 6.44717
53.626424539786164 6.3994
53.65137222105307 6.3712800000000005
53.67651758529126 6.37215
53.70147078399681 6.35093
53.72642673383343 6.39014
53.75138543689533 6.3518099999999995
53.776541917524526 6.31515
53.801506154876755 6.32421
53.826473151763246 6.29214
53.851442910284916 6.2910900000000005
53.87661054126026 6.2884400000000005
53.9015858509782 6.26587
53.92656392866066 6.2925
53.95154477641532 6.25022
53.976723591801296 6.19083
54.00171000771266 6.20195
54.02669920004598 6.2195
54.051691170915745 6.17109
54.076881204886796 6.14889
54.101878760928514 6.15301
54.12687910187696 6.09805
54.152077577768296 6.11362
54.1770835166946 6.1155800000000005
54.20209224691339 6.088480000000001
54.22710377055121 6.06186
54.25231352511594 6.0932699999999995
54.27733066384342 6.034
54.30235060239643 6.04286
54.32737334290836 5.9818
54.35259441062629 5.98184
54.377622783395324 5.982880000000001
54.40265396455061 5.9771
54.42768795623251 5.9575
54.45292037169559 5.93459
54.477960012857906 5.94805
54.50300247099511 5.9322099999999995
54.52804774825457 5.88159
54.55329154616743 5.88443
54.57834249018678 5.8335
54.6033962597977 5.76
54.6284528571545 5.80354
54.653708072335164 5.80061
54.67877035378786 5.81722
54.70383546947698 5.77499
54.72890342156389 5.70671
54.7541700889442 5.68771
54.77924374251975 5.66505
54.8043202390049 5.689019999999999
54.82959552413022 5.61955
54.8546777351945 5.62743
54.87976279569621 5.56505
54.90485070780914 5.58901
54.930137506558005 5.5519099999999995
54.95523115074295 5.586040000000001
54.98032765308844 5.465990000000001
55.005427015775496 5.486219999999999
55.03072536339621 5.5034
55.05583047570572 5.43767
55.080938454927676 5.46139
55.10604930325027 5.42016
55.131359235107396 5.41339
55.15647585066083 5.33001
55.181595341907496 5.35222
55.20671771104285 5.3194099999999995
55.232039262617704 5.31693
55.25716741665048 5.32376
55.28229845518636 5.29626
55.30743238042802 5.23996
55.33276558731939 5.25185
55.357905315183636 5.23325
55.383047936390035 5.16788
55.40819345314859 5.0976
55.433538351073295 5.1715800000000005
55.458689688238415 5.11451
55.483843927614096 5.0523
55.509197623043605 5.0416
55.53435769621134 5.07193
55.55952067826466 4.99959
55.5846865714265 4.98115
55.61005202069737 4.95099
55.63522376553902 4.9653
55.66039842818645 4.9121
55.68557601087004 4.96914
55.7109532500271 4.90089
55.73613670233794 4.94405
