TT I
1.2716486653135266 7.095289999999999
1.2939594142134223 6.9644
1.3162702121660406 6.74712
1.3385810600174564 5.88582
1.3608919586137629 6.9103699999999995
1.383202908801069 6.84085
1.405513911425503 6.5559199999999995
1.4278249673332093 6.24036
1.4501343378461518 5.97135
1.4724455028545926 5.496169999999999
1.4947567236847858 5.53589
1.517068001182951 5.59002
1.5393793361953272 5.519819999999999
1.5616907295681737 5.30516
1.5840021821477681 4.97497
1.60631369478041 5.06135
1.6286252683124185 4.825880000000001
1.6509369035901333 5.28979
1.6732468618895553 5.122269999999999
1.695558623192809 4.7905
1.7178704487808514 5.02223
1.7401823395001077 4.50292
1.7625012545597203 4.90031
1.7848028405262486 4.84544
1.8071218901122095 4.97689
1.8294236121921872 4.36546
1.8517427996910911 4.30589
1.8740620574440425 4.52564
1.8963639900671978 4.85912
1.9186833908139995 4.30386
1.9409854680117449 4.1211400000000005
1.9633050151394713 4.58022
1.9856246367570705 5.23262
2.0079269371922672 4.3373
2.03024671027244 4.29066
2.0525491637446027 4.40589
2.074869091674931 4.19827
2.097171701569106 4.0848
2.1194917877373847 4.92628
2.141811954326636 5.11266
2.164114805233074 4.49481
2.186435135143035 4.78695
2.208738150935709 5.19064
2.231058647554722 6.758430000000001
2.2533792288321184 6.405480000000001
2.275682498336085 5.66758
2.298003251406138 5.2386800000000004
2.3203066942619714 5.49794
2.3426276225136022 5.92905
2.3649486396617507 5.65106
2.387252348930071 5.90918
2.4095735463442893 5.81522
2.4318774374315884 6.619689999999999
2.4541988185014043 6.90565
2.476502894794693 7.322439999999999
2.498824462909887 7.09742
2.521146125856138 7.05075
2.5434504863470337 7.19435
2.5657723414244717 8.09583
2.588076895590662 8.44866
2.610398946189713 8.35295
2.6327210958598384 8.410630000000001
2.6550259469304716 8.3631
2.6773482972090137 8.5359
2.6996533504259 8.51336
2.7219759047039602 8.62602
2.744298562293959 8.31458
2.7666039251246595 8.775839999999999
2.7889267918020164 8.40765
2.8112323652516555 7.884860000000001
2.833555444408179 8.64509
2.8558786311183852 8.28989
2.8781845268938557 8.27431
2.9005079311721484 9.22118
2.9228140460410397 8.64268
2.9451376712799635 8.987119999999999
2.967444008632326 9.20908
2.9897678582247247 9.90145
3.0120918213106695 10.1227
3.0343984987899373 10.3022
3.0567226913198637 10.5753
3.079029599759726 11.1962
3.101354025127254 11.5418
3.123678568232338 12.3786
3.145985829517914 12.6374
3.16831061055229 13.2826
3.1906181112775593 13.9405
3.212943133635653 14.1929
3.2352682779763207 14.6792
3.2575761442691227 14.9338
3.2799015350264273 15.3388
3.302209649240067 16.1075
3.3245352898092655 16.1685
3.3468436553365257 16.9763
3.369169549113219 17.4394
3.3914955708171384 18.4996
3.413804319727358 18.2322
3.4361305997334863 18.3584
3.4584396084414553 19.1615
3.4807661501462652 19.814
3.503092824025881 19.6987
3.5254022288463154 20.3259
3.5477291695206588 20.961
3.5700388426251948 21.2176
3.5923660534916446 22.2915
3.6146934007816114 23.2098
3.637003482731501 28.0118
3.6593311053109985 29.5872
3.681641464033634 26.2443
3.7039693653009733 24.0621
3.726297407241705 24.3892
3.7486081875460804 24.6028
3.7709365132734978 25.2905
3.793247578841633 25.8432
3.8155761917550093 25.9939
3.8378875459837216 26.1251
3.8602164494827234 26.7075
3.882545499606844 27.6571
3.9048572932539183 28.320999999999998
3.9271866390645718 28.3735
3.9494987298666713 28.8808
3.971828374764527 29.6789
3.9941581705403255 29.9645
4.016470713506008 30.5672
4.038800813471445 31.4163
4.061113662089144 31.8736
4.0834440696459176 32.3573
4.105774632334751 33.0239
4.128087945865126 33.4501
4.150418821249301 34.0567
4.172732448931298 34.3499
4.195063640413578 35.5771
4.2173775856475215 36.5599
4.239709096631102 39.5086
4.262040768704612 53.9481
4.284355196706267 63.5565
4.306687193387355 54.986999999999995
4.329001947444346 44.3263
4.35133427213731 41.2957
4.373666762177566 42.1337
4.395982011761091 42.3619
4.418314834921175 43.4826
4.44063041906622 44.9683
4.4629635787515625 46.855
4.4852969080429785 47.9582
4.5076130004776225 49.8351
4.529946671403969 54.1917
4.552263106909177 57.4574
4.574597122877047 55.6078
4.596931312711224 53.0282
4.619248269273446 53.2815
4.6415828092605835 54.0435
4.663900117405352 54.9307
4.686235010953232 56.4511
4.708552674085913 57.8366
4.730887924602802 59.5854
4.753223354952695 61.3051
4.775541557023902 64.1736
4.797877349456786 67.411
4.820195915032126 68.1849
4.842532072957498 67.4571
4.864868414979744 70.1705
4.88718753227192 74.6106
4.909524244902505 76.5064
4.931843734218147 76.3806
4.954180820867835 77.819
4.976518095879839 80.3109
4.998838149695359 82.7555
5.021175803844231 86.3928
5.043496238205739 89.6791
5.065834274903528 93.5533
5.088172504230693 97.9288
5.1104935158799565 103.304
5.132832132875765 116.12
5.155153533596801 135.93200000000002
5.1774925416746225 175.78599999999997
5.199814334878411 378.786
5.2221537374521505 998.307
5.244493338631803 2808.67
5.266815727034316 7996.82
5.289155727832427 13889.9
5.311478517248165 8274.05
5.333818921080011 2219.73
5.356159527788849 413.457
5.3784829252032536 175.565
5.400823940070432 144.142
5.423147747031976 124.78
5.445489173474152 116.751
5.467830807066149 116.697
5.490155234831516 116.882
5.512497285125229 110.611
5.534822130975162 104.866
5.557164601388673 101.469
5.579489868738879 98.2798
5.601832762690846 97.0153
5.6241758697774475 95.756
5.646501775867269 95.0439
5.668845311622074 94.2031
5.691171647754637 93.5184
5.713515615597765 92.4366
5.735859800852677 92.0118
5.758186788542988 93.7769
5.780531411018185 96.84100000000001
5.802858837297399 96.3272
5.825203900414495 96.1801
5.8475491852224 97.9412
5.869877275883075 97.8479
5.892223006467101 95.266
5.914551544266608 93.9593
5.936897724049891 96.4833
5.959244129804903 103.91
5.981573344815301 132.236
6.0039202049061 242.7
6.026249875609095 474.02
6.04859719346037 965.76
6.070927323278297 2249.99
6.093275102315365 4794.38
6.115623113320588 5609.08
6.137953938319995 2962.87
6.160302415650845 830.113
6.182633708324452 195.468
6.2049826554078376 101.824
6.227331838745022 86.8026
6.249663839443684 80.9742
6.27201349767565 77.7361
6.294345974611799 76.1035
6.316696111167083 75.5024
6.339046488263839 74.0466
6.361379686074702 70.918
6.383730546639482 69.2809
6.406064229255215 68.6006
6.428415576718203 69.4399
6.450749747566656 67.5869
6.47310158535871 65.3164
6.495453669698332 64.53399999999999
6.517788579421056 63.4326
6.540141159237969 62.6708
6.562476565766648 62.1205
6.5848296444934045 61.8176
6.607182974060425 62.0543
6.6295191323281015 61.3426
6.651872965955752 60.5377
6.6742096296068985 61.7164
6.6965639707294615 65.3935
6.71891856698715 65.51899999999999
6.741255995248479 61.5413
6.763611104154477 58.5614
6.785949046381137 57.4352
6.808304671371482 57.9608
6.8306605557940046 59.1981
6.852999275508618 58.4358
6.875355681171544 56.7201
6.897694923437771 55.4901
6.92005185377892 54.9915
6.9423916220322655 55.0467
6.964749080490181 54.3058
6.987106804399774 54.8014
7.009447368180821 54.985
7.031805625367033 54.348
7.054146723727803 54.2771
7.076505517631004 53.7034
7.098864581288365 54.0639
7.121206488070854 53.6809
7.143566093607822 53.9681
7.165908543567245 55.0839
7.188268694426048 54.9085
7.2106291193438095 53.4807
7.232972390625943 52.8684
7.255333366030969 53.7668
7.277677189091925 58.1088
7.300038718428332 63.1735
7.322400526130865 61.2486
7.344745183422596 56.1504
7.367107550224791 53.5479
7.389452767901992 53.4191
7.411815697249891 53.0942
7.434161478756298 52.802
7.456524974096713 52.9548
7.478888753837185 53.0813
7.501235387657368 53.3152
7.523599738562711 53.9122
7.545946944825532 54.3979
7.568311870344528 54.9828
7.5906770845765665 54.6362
7.613025156078678 54.5766
7.635390950099687 54.565
7.657739602662809 54.7743
7.680105979923558 55.3881
7.702472650212829 56.2126
7.724822180948224 55.7774
7.747189439655568 55.4916
7.769539560075357 55.2158
7.791907410653562 55.5372
7.81425812420825 55.4056
7.836626570110925 55.575
7.858995315087906 56.5939
7.881346924933401 56.5749
7.903716270417482 57.2438
7.926068482028405 57.6345
7.948438431475253 58.3451
7.9708086843180235 58.97
7.993161805171116 59.6198
8.015532667162402 60.0688
8.037886398416653 61.098
8.060257873014221 61.6677
8.082629655331942 62.301
8.104984308787587 63.0625
8.127356708900503 64.4366
8.149711981398308 67.6869
8.172085002766314 68.7885
8.194458336181368 68.4396
8.216814543847752 67.8772
8.23918850371002 68.6249
8.26154533906492 69.3869
8.283919928836452 71.0701
8.306277395339652 72.0609
8.328652618483376 73.2023
8.351028159736202 75.4432
8.373386579575245 77.7988
8.395762759396959 79.4486
8.418121819038275 81.8051
8.440498640894003 86.602
8.462875785192262 96.5715
8.485235811156207 123.868
8.507613602688501 178.646
8.529974277114228 268.241
8.552352719347912 400.083
8.574731488360351 662.834
8.59709314210385 1247.23
8.619472567021075 2057.17
8.64183487789147 2374.31
8.664214962183097 1774.14
8.686577933647762 808.36
8.708958680784317 297.783
8.731339760774953 138.849
8.753703729764451 103.463
8.77608547780821 95.4805
8.798450116065078 93.1099
8.820832535634787 91.3745
8.843215292401656 91.1495
8.865580941199045 90.6723
8.887964374703538 89.9472
8.910330701447199 89.9233
8.932714815164482 89.0366
8.955099270424924 86.5296
8.977466620733543 84.7885
8.999851761421976 84.1178
9.022219798361645 83.5048
9.04460562795561 82.8939
9.066991803441677 83.309
9.089360876979615 83.4549
9.111747746589993 83.9181
9.13411751544971 82.4125
9.156505082664324 81.5152
9.178875550323522 81.3155
9.20126381862328 81.6567
9.223652438908596 82.3739
9.246023961427412 83.23899999999999
9.26841328802173 83.4498
9.290785518039224 83.0458
9.313175554425882 83.8744
9.335565947154315 85.0762
9.357939245086508 85.9969
9.380330352834827 85.0822
9.40270436697103 84.7554
9.425096193225055 84.4366
9.447488380180165 84.0843
9.469863475295412 83.7097
9.492256385987508 84.0551
9.514632206018318 84.4698
9.537025843935714 85.0012
9.559402392368193 86.3737
9.581796761000229 88.4273
9.604191496441521 90.194
9.626569144158516 92.398
9.648964615551032 92.588
9.671343000390081 92.1423
9.693739211225699 91.485
9.716135793237463 91.4692
9.738515290448102 92.7469
9.760912617143402 94.041
9.783292860202891 95.9063
9.805690935076182 97.8457
9.828089385495742 98.522
9.850470754023561 99.9305
9.872869957865444 101.63
9.89525208097539 105.277
9.917652041736662 110.669
9.940052382417589 121.38799999999999
9.962435644102392 150.342
9.984836746950979 193.838
10.007220771957746 257.11400000000003
10.029622640473708 362.06800000000004
10.052007432299963 542.467
10.074410069984072 852.192
10.096813093716005 1355.49
10.119199042482517 1904.21
10.141602840636468 2071.82
10.163989564971628 1463.82
10.186394141051062 730.711
10.208799107559706 304.448
10.231187001965623 156.18200000000002
10.253592751657669 116.766
10.275981430388155 108.421
10.298387966769793 105.676
10.320794897965431 104.963
10.343184759907361 103.441
10.36559248305461 102.428
10.387983138083852 104.185
10.410391656691655 111.538
10.432800574501677 123.01299999999999
10.455192425893369 139.094
10.47760214443012 165.94400000000002
10.499994797678786 211.646
10.522405320453982 295.031
10.54479877906917 416.08
10.567210109595656 555.045
10.5896218454736 589.22
10.612016518879773 469.825
10.634429067781074 290.676
10.656824555333241 166.197
10.679237920773568 110.581
10.701651695961992 92.3953
10.724048411481384 87.3593
10.746463008485165 85.0525
10.768860546937125 83.4735
10.791275969274796 82.2231
10.81369180576079 81.021
10.836090585366925 79.6659
10.858507252467449 78.7099
10.88090686379991 77.68
10.903324365036394 77.282
10.925724811614439 76.3807
10.948143150509463 76.1576
10.970561909719066 75.9585
10.992963615930844 75.4102
11.015383218085756 74.3683
11.037785768347074 72.5248
11.06020621697282 71.7266
11.082627090322113 71.1361
11.105030913430326 70.1216
11.12745263854165 70.0097
11.149857314510728 69.266
11.172279894912576 69.9016
11.194702904450653 68.9703
11.217108866490921 68.0188
11.239532736615194 67.5098
11.26193956033512 66.9622
11.284364294577085 66.6148
11.306789462371718 66.0879
11.329197585398376 65.70100000000001
11.351623622610898 65.7923
11.37403261614354 65.1087
11.396459526308487 65.0507
11.418869393879497 64.4939
11.441297180532617 64.2055
11.463725406927658 63.8845
11.486136592353875 63.4925
11.508565700543707 63.3992
11.530977768845315 63.5835
11.553407762368774 63.1777
11.575838200059769 63.0565
11.598251599479612 62.8591
11.620682927815501 62.3454
11.64309721895548 62.2685
11.665529441478206 61.8649
11.687962112597958 61.9145
11.710377748130886 62.0535
11.732811318753434 61.6836
11.755227854859067 61.9919
11.777662328529495 61.7659
11.800079768750786 61.9016
11.822515149015453 61.9291
11.844950984084935 62.0271
11.867369787303163 61.7828
11.889806534289491 61.6117
11.912226250487029 61.9235
11.934663912939751 62.1675
11.9571020346363 62.7556
11.979523127133968 62.8587
12.001962169624331 64.2063
12.024384183972964 65.6417
12.046824150809913 69.0575
12.069264581333726 73.3463
12.091687985297767 79.6933
12.11412934550045 88.7587
12.136553680195208 103.935
12.158995973632788 126.525
12.181438735204349 158.765
12.20386447284199 194.075
12.226308172985636 210.11700000000002
12.24873485024193 193.058
12.271179492516982 150.126
12.293607112949127 107.831
12.316052700916226 81.8615
12.338498763250042 68.8605
12.360927805303868 64.2372
12.383374818673879 63.0057
12.405804812803074 62.7729
12.428252780773262 62.8731
12.45070122756722 63.1452
12.473132656675375 63.0234
12.49558206341869 63.6087
12.518014453510101 63.7683
12.540464823770117 63.9286
12.562915677315177 63.9851
12.58534951575545 64.2159
12.607801338171472 63.8637
12.630236146511358 64.5945
12.652688941369085 65.6773
12.675124723177234 66.0974
12.697578494048786 66.4673
12.720032754458185 66.2217
12.742470003354093 66.1933
12.764925245138771 66.5383
12.787363476431278 67.0328
12.809819703166806 67.4054
12.83227642391173 68.0942
12.854716135692716 69.0118
12.877173846755147 70.2788
12.899614549869717 70.6439
12.9220732548287 71.6569
12.94453245827299 71.9624
12.966974655289818 73.0901
12.989434858002571 73.9863
13.011878055298721 74.3776
13.034339260862497 75.3594
13.056800969391883 76.9695
13.079245674017244 79.9466
13.101708390774869 84.5368
13.12415410463411 92.7121
13.146617833206086 102.58200000000001
13.169064559883248 113.32799999999999
13.191529303857127 128.261
13.213994557076367 151.778
13.236442809902437 188.915
13.258909083908291 250.518
13.28135835851934 325.735
13.30382565690295 400.10699999999997
13.326293469022952 448.55199999999996
13.348744283242008 413.939
13.371213125129904 318.41700000000003
13.39366497011003 216.92
13.416134845360597 145.92
13.438605238843131 111.65
13.46105863690397 103.80799999999999
13.483530069144786 106.135
13.505984506951902 112.68
13.528456981549432 123.249
13.550929978879088 138.726
13.573385983253365 163.627
13.595860028340867 202.916
13.618317081455832 258.598
13.64079217790333 327.099
13.663250283359057 382.805
13.685726434770173 387.276
13.708203115221277 328.564
13.730662806148091 242.766
13.75314054697177 163.33
13.775601299246777 114.709
13.798080104050406 91.3679
13.820559442405358 82.9925
13.843021793671388 80.2983
13.865502201420897 79.0467
13.887965623051947 78.5056
13.910447103807167 77.7302
13.932929122629764 76.3678
13.955394156785959 75.9745
13.977877254034569 74.9652
14.000343367582113 74.2362
14.022827546871707 73.4797
14.045294743423524 72.7551
14.06778000837062 72.3963
14.090265817715476 71.7092
14.112734645763819 71.4753
14.13522154619454 71.1906
14.157691466286913 71.1811
14.180179461423874 70.7147
14.202668005486178 70.348
14.22513957064374 69.9703
14.247629214846473 69.5298
14.270101881097517 69.0758
14.29259262906496 68.8824
14.315083930490205 68.8638
14.337558255389705 68.8521
14.360050666019726 68.9234
14.382526101071944 68.4969
14.405019624534942 68.1821
14.427513705993134 67.9708
14.449990813291825 68.1282
14.47248601302899 67.8342
14.49496423954951 67.8
14.517460561197822 67.8567
14.539939910570322 67.937
14.562437357763558 68.1715
14.58493536931253 68.1492
14.607416409993311 68.4686
14.62991555254159 68.5686
14.652397725157423 69.2572
14.674898002342799 69.4008
14.697398848433282 69.8242
14.719882725991326 71.5566
14.74238471217934 73.3995
14.764869730765593 76.6729
14.787372860692983 79.4525
14.809876564079925 84.3417
14.83236330125751 90.5145
14.854868153850365 99.4495
14.877356041159485 114.1
14.899862046604186 132.732
14.922351087688757 160.671
14.944858249632887 195.02
14.967365991421232 223.27200000000002
14.989856770231246 232.053
15.012365673994204 214.449
15.03485761569738 175.162
15.05736768508665 131.96
15.07987833888692 101.581
15.102372032001655 82.9929
15.124883856909658 73.5314
15.14737872204565 70.4867
15.169891721717274 69.2003
15.192405310371893 68.8942
15.214901940621196 68.6002
15.237416709527137 67.9088
15.259914520936249 67.6718
15.282430473753607 66.9031
15.304947020131227 66.6422
15.327446610371178 66.285
15.349964346154254 66.0093
15.372465126703139 65.8772
15.394984055556009 65.8047
15.417486030076159 65.7292
15.44000615566487 65.1337
15.462526881230803 64.965
15.485030653812652 65.0698
15.507552581617434 64.71
15.530057557334603 64.7103
15.55258069104857 64.8344
15.575104429329837 65.0945
15.597611216864632 65.3972
15.620136166564563 65.9326
15.6426441664095 67.7623
15.665170331202765 70.0197
15.687697105158826 72.715
15.710206930593545 76.0577
15.732734925158933 80.977
15.755245972089478 87.2972
15.77777519094324 96.6769
15.800287463046663 109.921
15.822817909869592 129.86700000000002
15.84534897229804 152.958
15.867863089299354 180.515
15.890395385222186 198.217
15.912910736597423 196.358
15.935444269699861 175.395
15.957978423016485 139.96
15.980495633101265 108.435
16.003031029129367 84.7457
16.02554948280019 70.4172
16.048086125229432 64.4056
16.070623392487107 62.2046
16.09314371869582 61.1544
16.11568223789321 60.461999999999996
16.13820381691126 59.9346
16.160743591742527 59.4175
16.183283996022084 59.0789
16.205807461423195 58.1518
16.228349126881973 57.6995
16.25087385432698 57.7248
16.27341678466365 57.2226
16.29594277784926 56.9514
16.31848697676433 56.7522
16.341031811604868 56.2562
16.36355971058487 56.1683
16.3861058195587 56.1272
16.40863499352978 55.3542
16.431182380342005 55.1479
16.453730407713202 55.1091
16.476261501364792 54.8416
16.498810812136167 54.4848
16.52134319004079 54.6944
16.54389378792203 54.5019
16.566445031001553 54.4003
16.588979342490088 54.2053
16.61153187824822 54.0162
16.634067483263312 53.913999999999994
16.656621315414416 53.9644
16.679175797408888 53.5167
16.701713349928728 53.6679
16.72426913389191 53.7881
16.74680798922351 53.6869
16.76936507887444 53.738
16.791905240734874 53.9674
16.814463639794468 53.8319
16.837022695210294 53.778999999999996
16.859564824093756 53.9456
16.882125194503903 54.0179
16.904668639217885 54.2434
16.927230328348003 54.1636
16.949792678493612 54.3905
16.972338104193863 54.2877
16.994901778652235 54.5048
17.017448529496576 54.7123
17.040013531998152 55.2443
17.06257920018044 55.8753
17.0851279459922 56.5052
17.107694947817667 57.3681
17.130245028099072 58.1594
17.15281336730298 59.508
17.17536478578733 61.0948
17.19793446610687 63.2966
17.220504818648422 66.6963
17.243058251703697 70.1777
17.265629950971032 75.0962
17.288184731571736 81.0664
17.310757781306908 83.3576
17.33333150794385 83.4059
17.355888317140174 79.5939
17.37846339986244 72.9634
17.401021565958885 66.8234
17.42359800851343 62.6086
17.44617513265564 60.0397
17.468735341390783 58.8902
17.491261035594565 58.3832
17.51396340099364 58.2174
17.536490463869136 58.3809
17.559018209820174 58.3003
17.58154663977963 58.336000000000006
17.604251766089718 58.6554
17.626781572227713 58.8631
17.64931206518155 59.0205
17.671843245885103 59.1946
17.69455114821572 59.3845
17.717083712612634 59.5388
17.739616967569667 59.9605
17.762150914021706 60.7445
17.78486160749854 60.9987
17.807396945166804 62.1979
17.829932977143503 63.2068
17.85246970436452 64.7703
17.875183204129467 66.3242
17.897721330097664 68.2577
17.920260154126645 70.6016
17.942799677153296 73.811
17.9655159983646 77.7066
17.988056927677544 83.475
18.010598558807683 91.3257
18.033140892692916 102.255
18.05586005052525 114.54799999999999
18.07840379824407 128.27700000000002
18.10094825154059 138.931
18.12366954819864 142.821
18.146215420998306 137.159
18.16876200220057 123.844
18.191309292745153 108.446
18.214033452627167 94.90899999999999
18.236582170236648 86.4121
18.259131600016456 83.432
18.281681742907335 85.3672
18.304408781233683 90.8174
18.32696035875955 97.2918
18.349512652227624 102.137
18.372065662579683 106.23
18.394795594587553 104.84899999999999
18.41735004715306 98.2342
18.43990521943684 89.1942
18.46246111238171 80.1199
18.485193953325208 71.6106
18.507751296070428 66.2899
18.530309362314178 63.8508
18.552868153000343 62.1713
18.57560391815056 60.9892
18.59816416623245 60.7979
18.620725141597372 60.2942
18.643286845190268 59.7009
18.666025549835414 59.3753
18.688588718427933 58.6743
18.711152618092243 58.7431
18.73389353884365 58.5046
18.75645890921984 58.2725
18.77902501351406 57.7537
18.801591852673102 57.7723
18.824335739722738 57.1844
18.846904057212626 57.1265
18.8694731124168 56.9428
18.89204290628315 56.9957
18.914789774966803 56.9954
18.937361054791623 56.5361
18.959933076131318 56.3378
18.982505839934877 56.0694
19.00525570560582 56.106
19.027829963004184 56.0696
19.05040496572238 56.1054
19.072980714710468 56.0089
19.095733592739563 56.3444
19.11831084296757 56.5227
19.140888842324735 56.7635
19.16346759176222 57.0273
19.18622349753803 57.6336
19.208803755869358 58.4534
19.231384767143577 59.8623
19.253966532312948 61.4993
19.276725481241822 63.9234
19.29930876296784 66.488
19.3218928014549 69.5609
19.34465404436217 72.6425
19.36723960516257 75.1017
19.389825925592426 75.4216
19.412413006605938 72.7767
19.43517731967805 68.6113
19.457765930683355 64.1103
19.48035530514408 59.894
19.50294544401556 56.7536
19.525712842708348 54.751999999999995
19.54830451925909 53.8586
19.570896963095727 53.0411
19.593490175174704 52.9337
19.616260674962184 53.1417
19.638855432416964 52.7421
19.661450960992624 52.9282
19.68404726164677 52.6597
19.706820878021247 52.6603
19.729418731756834 52.9722
19.752017360452857 52.5781
19.77461676506804 52.8571
19.797393513540218 52.9937
19.819994478951667 53.1671
19.84259622316767 53.7288
19.8651987471481 54.1821
19.887978643247177 54.3193
19.91058273574792 54.8761
19.933187610901943 55.641000000000005
19.955969879466828 56.9829
19.97857632894404 58.458999999999996
20.00118356396599 60.1377
20.023791585494575 62.69
20.046577028914875 65.822
20.069186632506966 68.1711
20.091797025500632 69.9112
20.114408208858933 69.7789
20.137196842715273 68.7675
20.159809615886765 66.2115
20.18242318232135 63.2979
20.20503754298326 61.4328
20.227829382875154 60.9531
20.250445341109344 61.375
20.27306209647285 62.5593
20.29567964993108 64.0067
20.31847471147704 64.8851
20.34109387027612 65.4698
20.363713830075454 64.289
20.386334591841646 62.0835
20.409132890679302 58.8691
20.431755265564437 55.9106
20.454378445325528 53.571999999999996
20.477002430930366 51.7621
20.499803982716553 50.7946
20.522429589228004 50.0396
20.54505600449589 49.6386
20.567683229489194 49.7695
20.590488049900088 49.4092
20.61311690359731 49.2656
20.63574656993626 49.1131
20.658553853717297 48.7277
20.681185154618298 48.6832
20.703817271080066 48.6533
20.72645020407368 48.2449
20.749260783967177 48.3209
20.771895359337133 48.2581
20.794530754161617 48.2211
20.817166969412938 48.0669
20.83998086114876 48.0282
20.86261872660049 47.794
20.885257415405402 47.9638
20.90789692853701 47.9666
20.930714147864748 47.9648
20.953355319030678 47.9036
20.97599731745334 48.0338
20.99864014410749 47.7314
21.021460706796564 47.8837
21.044105199328826 48.1248
21.06675052302631 48.2334
21.089396678865015 48.428000000000004
21.112220600704806 48.6854
21.134868430275347 49.1011
21.15751709492456 49.4559
21.180166595629693 49.8519
21.202993892429635 50.2348
21.22564507473034 50.7309
21.24829709602816 50.843999999999994
21.27112693608965 50.595
21.293780644891275 50.4008
21.316435195634053 49.5903
21.339090589297417 48.9582
21.361923832041875 48.474
21.384580921090404 47.9581
21.407238856007325 47.6466
21.429897637773326 47.5194
21.45273429906592 47.6013
21.475394784108598 47.7421
21.498056118951983 47.6612
21.520718304578022 48.1824
21.543558400304388 48.1299
21.566222297108816 48.3306
21.58888704765135 48.3348
21.61155265291521 48.6906
21.63439619898156 49.2699
21.657063523335786 49.388999999999996
21.67973170537063 49.82
21.7024007460706 50.3555
21.72524775840385 51.1312
21.747918526116475 52.1912
21.770590155457388 53.4555
21.79326264741238 55.1647
21.816113141960237 57.06399999999999
21.838787368860547 59.0232
21.861462461341976 61.3074
21.884315579735777 63.5939
21.90699241312273 64.4585
21.92967011506078 64.2916
21.95234868653799 62.6909
21.9752053151131 60.8824
21.997885635446785 58.6599
22.020566828293532 56.8898
22.04324889464272 55.8215
22.066109049404666 55.1318
22.088792872571794 55.1272
22.111477572219204 55.4248
22.1341631493376 55.6127
22.157026846313123 54.9875
22.179714188221507 53.9966
22.202402410582668 52.7017
22.22509151438863 51.1179
22.24795876962584 50.0472
22.270649646204486 49.3315
22.293341407213727 48.7893
22.316034053646906 48.4886
22.338904883215342 48.3145
22.36159931041458 48.2443
22.38429462602756 48.1071
22.40699083104897 47.8187
22.429865251039757 47.8293
22.452563244831367 47.695
22.47526213102522 47.9839
22.49813925616515 47.8758
22.520839937143307 47.791000000000004
22.543541513520587 47.93
22.56624398629403 47.7023
22.589124730075895 47.8957
22.611829005656723 48.1399
22.63453418063466 48.1651
22.657240256008077 48.302
22.680124634582935 48.3059
22.70283252079775 48.7566
22.725541310413075 48.9138
22.74825100442868 49.0964
22.771139033969575 49.5833
22.79385054687155 49.919
22.81656296718292 50.57
22.83927629590484 51.4572
22.862167992606945 52.6121
22.88488314827121 53.9118
22.907599215359284 54.9551
22.93031619487366 56.4587
22.953211574954405 57.1404
22.975930389478226 57.61
22.998650119445763 57.3782
23.02137076586092 56.1608
23.044269845560063 54.1702
23.06699233506288 52.4372
23.089715744034912 50.9876
23.112617610931565 49.637
23.135342869061212 48.5881
23.158069049684816 48.0841
23.1807961538087 47.965
23.20370174880544 48.0229
23.226430710184808 48.0653
23.249160598093425 48.2256
23.271891413539002 48.1393
23.294800752937697 48.1982
23.31753343374794 48.3502
23.340267045128353 48.4864
23.36300158808808 48.8071
23.38591468821339 49.2075
23.408651104658304 49.7403
23.431388455719986 50.2749
23.454126742409 51.3412
23.4770436196085 52.4126
23.499783787914662 53.7085
23.522524894889884 55.0489
23.54526694154616 56.3357
23.56818761219047 57.2701
23.59093154860734 57.6412
23.613676427751283 57.4096
23.636422250635754 55.8526
23.659346731118656 53.8612
23.68209445191868 51.6639
23.704843119509587 49.5665
23.72759273490623 47.8827
23.750521041644767 46.8521
23.77327256312355 46.0513
23.796025035462787 45.6767
23.818956224555475 45.2542
23.841710609113413 45.3467
23.86446594758979 45.031000000000006
23.887222241002014 44.8132
23.910157285144578 44.5484
23.932915498962537 44.4812
23.955674670778713 44.4403
23.978434801611975 44.2037
24.001373717286125 44.0313
24.024135776723917 43.9017
24.046898798245582 43.7395
24.06966278287146 43.7356
24.092605586582614 43.4392
24.115371508023642 43.4386
24.1381383956401 43.2741
24.16090625045381 43.1426
24.183852958731244 42.9613
24.206622758582608 43.0009
24.229393528706886 42.8683
24.252165270127392 43.1055
24.27511589952438 43.0104
24.297889594216997 42.7688
24.32066426328598 42.6322
24.34343990775613 42.6152
24.36639447485003 42.5361
24.38917208083877 42.4435
24.41195066531332 42.3577
24.43490819850244 42.4007
24.457688750692377 42.3829
24.48047028445616 42.2369
24.503252800821233 42.4367
24.526214300784112 42.4824
24.548998793132213 42.5094
24.57178427117417 42.2874
24.59457073593893 42.4813
24.617536219319863 42.2482
24.64032466834748 42.2552
24.663114107195035 42.141000000000005
24.685904536893013 41.7431
24.708874020360852 41.5924
24.731666442613744 41.6724
24.754459858818787 41.6854
24.777254270007962 41.5975
24.80022777025625 41.6031
24.82302418230472 41.3999
24.845821592443674 41.5378
24.86862000170663 41.5855
24.891597535453727 41.3814
24.914397953892728 41.6737
24.93719937456671 41.6766
24.96000179851076 41.816
24.98298338249997 41.9671
25.00578782394922 41.9885
25.028593271784167 42.2609
25.05157790644186 42.591
25.07438537804115 42.7506
25.097193859145293 43.0255
25.120003350792075 43.398999999999994
25.142992065061257 43.7404
25.165803588823465 43.8656
25.18861612625217 44.0069
25.211429678386736 44.08
25.234422489079968 44.0599
25.257238081693636 44.0621
25.280054692141732 44.2319
25.3028723214652 44.2049
25.325869245420463 44.3595
25.348688923599397 44.3511
25.371509623787006 44.2291
25.394331347025812 43.9425
25.41733240110666 43.1707
25.440156181590016 42.538000000000004
25.46298098826268 42.0239
25.48580682216873 41.3318
25.50881202326435 40.8797
25.53163992281684 40.5839
25.55446885274561 40.453
25.577298814096377 40.0967
25.600308179121807 40.0896
25.623140214533745 40.2346
25.64597328451537 40.0404
25.66898578564376 39.7481
25.691820936010206 39.945
25.714657124097695 39.8746
25.737494350954734 39.8529
25.760511045684957 39.7504
25.783350361364224 39.7952
25.806190718969255 39.7219
25.82903211955018 39.8375
25.852053024868923 39.8871
25.874896522722523 39.8899
25.897741066713106 40.036
25.920586657892454 40.1527
25.943611790812668 40.2872
25.966459487728237 40.2995
25.989308234998564 40.3645
26.01215803367705 40.7632
26.03518741123814 40.9911
26.05803932412957 41.1367
26.080892291600094 40.9988
26.10374631470478 41.005
26.12677995397268 41.2383
26.14963609978026 41.0663
26.172493304397875 40.5336
26.19535156888223 40.3603
26.218389486949604 39.875
26.241249882640123 39.663000000000004
26.26411134137826 39.4813
26.28715248187403 39.4935
26.31001607820869 39.441
26.3328807407756 39.2823
26.35574647063438 39.4521
26.37879191991473 39.3461
26.401659795896734 39.4879
26.424528742360263 39.6379
26.447398760366614 39.8466
26.470448535598294 39.9331
26.49332070826805 40.0687
26.516193955675355 40.409
26.53906827888316 40.6036
26.562122397260108 40.8175
26.584998883685063 41.224
26.607876449110325 41.5635
26.63075509460056 41.6023
26.65381357334404 41.6539
26.67669439061878 41.5681
26.699576291163382 41.3481
26.722459276044212 41.3457
26.745522132402975 40.8989
26.768407297649354 40.6215
26.791293550442003 40.2705
26.814180891848974 40.2151
26.837248143099337 39.8721
26.860137673466657 39.8367
26.88302829566349 39.4794
26.90592001075963 39.2145
26.92899167420566 39.1633
26.951885586870763 38.7557
26.974780595655517 38.6812
26.99785558178161 38.5181
27.020752794605112 38.4619
27.043651106772522 38.1659
27.06655051935668 38.1981
27.089629948036183 38.1413
27.112531573292053 38.1214
27.135434302194138 38.1952
27.158338135817015 37.9379
27.181422024430987 38.0649
27.204328079372566 38.0309
27.22723524226965 37.9838
27.250143514198573 38.0188
27.273231880156334 37.8966
27.296142382065014 37.744
27.319053996245536 37.7539
27.341966723775965 37.8948
27.365059584515222 37.8689
27.38797455070062 37.9048
27.410890633481237 37.8881
27.433807833936918 37.8578
27.456905206923906 37.9494
27.47982465472398 37.978
27.502745223449743 38.0167
27.525666914182825 38.0967
27.548768816912457 38.0841
27.571692763693633 37.8923
27.59461783573812 37.8729
27.617723149491244 37.6398
27.640650484125285 37.529
27.66357894728264 37.5293
27.686508540048052 37.5342
27.709618414237887 37.433
27.732550278321757 37.367
27.755483275279115 37.3156
27.778417406196485 37.3428
27.801531858397514 37.2837
27.824468269376716 37.3299
27.847405817586786 37.2799
27.870344504116094 37.4376
27.893463551932008 37.6402
27.916404527281053 37.8207
27.93934664422563 37.9213
27.962289903855886 37.9221
27.98541356491974 38.2199
28.00835912214229 38.3188
28.03130582533231 38.6402
28.054253675581805 38.7258
28.077381967556104 38.5386
28.100332124185126 38.4536
28.123283431160893 38.3676
28.146235889577238 38.1598
28.169368830154156 37.9589
28.192323603752033 37.8305
28.215279532083304 37.6409
28.238415973016764 37.3601
28.261374223145094 37.3306
28.284333631303806 37.0001
28.307294198589954 36.798
28.330435319167677 36.4265
28.353398217078915 36.2387
28.376362277420153 36.0258
28.39932750129032 35.8628
28.422473319286713 35.8562
28.44544088262495 35.6999
28.468409612800283 35.635
28.491379510913497 35.4749
28.51453004413313 35.3393
28.53750229057244 35.3812
28.56047570826344 35.2658
28.583450298308804 35.2837
28.606605564586562 35.1006
28.629582511831156 35.2523
28.65256063474956 35.1782
28.675539934446338 35.1066
28.698699951647605 35.0477
28.72168161743193 34.8204
28.74466446331978 34.9899
28.767648490417624 34.9523
28.790813276438353 34.7966
28.813799678527303 34.8749
28.836787265157085 34.873000000000005
28.859955641890075 34.922
28.882945610203045 34.9187
28.905936766392035 34.754
28.928929111566863 34.84
28.952102288520145 34.7044
28.975097024308607 34.5426
28.998092952423807 34.4159
29.021090073977508 34.389
29.04426806913204 34.3042
29.067267590245258 34.0425
29.090268308143695 33.9958
29.11327022394099 34.0215
29.13645305530891 33.8406
29.159457379627167 33.7961
29.18246290519685 33.7908
29.20546963313352 33.8029
29.22865731875826 33.88
29.25166646419296 33.7929
29.27467681535305 33.6882
29.29768837335608 33.7019
29.320880931312562 33.8018
29.34389491580634 33.8052
29.366910110507334 33.7077
29.38992651653503 33.7411
29.41312396492981 33.7684
29.436142806456754 33.6591
29.45916286268059 33.5693
29.48236399319994 33.3131
29.50538649169417 33.1872
29.528410208259935 33.2023
29.55143514402014 33.0065
29.574641196749695 32.8569
29.597668583816574 32.8106
29.6206971934585 32.6227
29.64372702680042 32.6711
29.666938019934474 32.6122
29.689970313635285 32.5333
29.713003834422636 32.5054
29.73603858342347 32.3382
29.759254535188578 32.3115
29.78229175361658 32.2796
29.80533020365064 32.3739
29.82836988641968 32.3566
29.85159081507472 32.2529
29.874632976355343 32.1375
29.89767637376955 32.2992
29.920721008448314 32.1256
29.9439469322847 32.0673
29.96699405457564 31.945
29.9900424175358 32.0403
30.013092022298157 31.9618
30.03632295963995 31.9682
30.059375061131373 31.9331
30.08242840783577 32.0448
30.105483000888153 32.0861
30.128718970092244 31.9989
30.151776069006917 31.9959
30.17483441768648 32.0087
30.198074175317235 31.9061
30.221135036724256 31.905
30.24419715131772 31.8138
30.267260520236203 31.7203
30.290505341942243 31.8211
30.313571232750228 31.8187
30.336638381310948 31.8892
30.35970678876503 31.6856
30.38295669299435 31.6215
30.40602763151657 31.7167
30.429099832366074 31.6182
30.452173296685572 31.6014
30.47542830191959 31.4818
30.498504306502497 31.561999999999998
30.521581577995562 31.7362
30.544660117543582 31.771
30.56792024229725 31.6584
30.59100133132069 31.6785
30.614083691845494 31.601
30.637167325018545 31.8344
30.660432587840603 31.8346
30.683518779717886 31.7175
30.70660624769615 31.8339
30.729694992924372 31.6928
30.75296541239743 31.683000000000003
30.77605672557558 31.7009
30.799149319462742 31.5152
30.8224236211637 31.4743
30.845518789950724 31.3352
30.868615242910597 31.3133
30.891712981195973 31.0673
30.91499247215866 31.0845
30.938092794619365 31.1416
30.96119440587579 30.971999999999998
30.984297307082752 30.9218
31.00758200598383 30.7963
31.030687500658694 30.7009
31.053794288760695 30.6227
31.076902371446767 30.5436
31.100192296997445 30.6401
31.12330298246119 30.5642
31.14641496599209 30.4777
31.169528248749216 30.4815
31.19282341969534 30.4098
31.215939314557186 30.4444
31.239056512134788 30.4302
31.262175013589378 30.3759
31.28547544871168 30.3783
31.30859657161541 30.3245
31.331719001892175 30.4163
31.35484274070538 30.5641
31.378148458819545 30.4452
31.401274828443725 30.3941
31.424402510106933 30.4014
31.447712205419993 30.5263
31.470842524931633 30.303
31.493974159989783 30.3383
31.51710711176168 30.3854
31.54042212308802 30.403000000000002
31.563557722100917 30.2766
31.586694641341655 30.1155
31.609832881979628 30.0037
31.63315322823208 30.0017
31.656294125521327 29.8764
31.679436347728515 29.8225
31.70257989602529 29.7162
31.725905596152327 29.669
31.74905181052835 29.5831
31.772199354521323 29.6456
31.79534822930507 29.6613
31.818679302290967 29.6729
31.84183085259981 29.6843
31.864983737233473 29.6607
31.88813795736804 29.7527
31.911474422233013 29.5699
31.934631327356435 29.6202
31.9577895715215 29.5894
31.980949155906522 29.4862
32.004291031706956 29.5517
32.027453310562606 29.4315
32.05061693318573 29.2766
32.07396288236386 29.3003
32.09712920658542 29.2661
32.12029687812702 29.1686
32.14346589817093 29.046
32.166817291729984 29.0188
32.18998902288583 28.8952
32.21316210610336 28.9069
32.23633654256711 28.7859
32.259693399663725 28.7149
32.282870556771144 28.6813
32.30604907069099 28.7035
32.329228942610065 28.7433
32.35259128243769 28.4463
32.375773884550505 28.4436
32.398957848235646 28.4999
32.422143174682176 28.4063
32.445511016471215 28.2773
32.468699082679954 28.3889
32.49188851523011 28.2414
32.51507931531304 28.2081
32.538452678331 28.2019
32.56164622776311 28.0884
32.58484114831493 28.0677
32.60803744118015 28.089000000000002
32.631416344731896 28.0594
32.654615396551876 28.0325
32.67781582427913 27.9577
32.701198898634416 27.9421
32.72440209253756 27.8649
32.747606665947124 27.8623
32.77081262006088 27.7011
32.79420126883317 27.7234
32.81740999876112 27.7142
32.840620112999424 27.5788
32.86383161274818 27.5607
32.88722585534586 27.6096
32.91044014056596 27.6549
32.933655814909734 27.5495
32.95687287957963 27.531
32.98027273544904 27.4689
33.00349259526636 27.3447
33.026713849030116 27.4941
33.04993649794511 27.4773
33.073341986570746 27.3688
33.09656744032826 27.3524
33.11979429286444 27.3737
33.14302254538647 27.3573
33.166433686291185 27.3558
33.18966475336992 27.3524
33.212897224069096 27.171
33.23613109959831 27.1352
33.259547912343415 27.1226
33.2827846121627 27.1788
33.306022720453775 27.0667
33.32926223842861 26.9862
33.352684742614166 26.9855
33.37592709463173 26.9356
33.399170859982064 26.81
33.422597648419426 26.8587
33.44584425514446 26.6859
33.46909227885668 26.6373
33.4923417207723 26.5055
33.51577423505344 26.6163
33.539026528130385 26.3786
33.56228024307245 26.4259
33.585535381098246 26.4156
33.60897364093058 26.2976
33.63223163992385 26.2892
33.6554910656699 26.2245
33.678751919389796 26.2522
33.702195944520106 26.1436
33.72545966903325 26.2083
33.74872482519663 26.1777
33.771991414233746 26.076
33.79544122444841 26.075
33.81871069412428 25.941999999999997
33.84198160035767 25.967
33.86525394437455 25.9806
33.88870955949969 25.9017
33.911984794020626 25.8487
33.93526147001624 25.7912
33.958539588715006 25.7139
33.98200102861669 25.7423
34.0052820477047 25.6584
34.02856451319451 25.6197
34.05203033759056 25.5542
34.07531571090147 25.5499
34.09860253431845 25.5295
34.121890809074316 25.5297
34.145362493118924 25.4384
34.16865368561615 25.4421
34.191946333164054 25.3907
34.21524043699793 25.3834
34.23871800066799 25.3725
34.26201503218366 25.213
34.28531352370466 25.2186
34.30861347646881 25.1493
34.33209693978188 25.128
34.3553998301885 25.0988
34.378704185565205 25.0299
34.402010007152356 24.9203
34.42549939016683 24.9865
34.44880815937748 24.9401
34.472118398533134 24.8245
34.49543010887669 24.8027
34.51892543169198 24.6497
34.54224009966052 24.7786
34.56555624255917 24.741999999999997
34.58887386163339 24.5964
34.61237514439016 24.5288
34.6356957311114 24.5961
34.65901779775809 24.534000000000002
34.68252356662995 24.5451
34.705848608458616 24.4755
34.72917513396849 24.421999999999997
34.75250314440949 24.4561
34.77601490857862 24.3597
34.799345904259795 24.2492
34.82267838863559 24.256999999999998
34.846012362958525 24.3077
34.869530142679984 24.1848
34.89286711232212 24.2222
34.91620557568269 24.2045
34.93954553401677 24.1439
34.9630693495876 24.0675
34.986412313340814 24.1361
35.00975677584668 24.0639
35.033102738362956 24.054000000000002
35.05663261012228 24.0048
35.0799815881786 23.9836
35.10333207003229 23.8612
35.12668405694369 23.8299
35.150220005273056 23.8637
35.17357501786656 23.9298
35.19693153931268 23.7524
35.220289570874385 23.7453
35.24383161619786 23.7473
35.267192683604904 23.7606
35.290555264930376 23.7631
35.314101899412165 23.743000000000002
35.33746752422433 23.6726
35.36083466676374 23.733
35.38420332829803 23.5988
35.407756095629054 23.6503
35.43112781085063 23.62
35.45450104888391 23.5857
35.477875810999194 23.6213
35.50143473172161 23.5444
35.52481255774625 23.5121
35.54819191167777 23.3849
35.57157279478914 23.4036
35.595137889488406 23.3022
35.61852184675279 23.314
35.641907337029984 23.2299
35.665294361595684 23.1748
35.68886565090076 23.1337
35.7122557598848 23.1123
35.73564740699838 23.048000000000002
35.759040593519934 23.0626
35.78261809810353 23.0249
35.80601437933051 22.9839
35.829412203814705 22.9398
35.85281157283719 22.813000000000002
35.876395313415884 22.8503
35.8997977874528 22.8307
35.92320180988546 22.829
35.946790244133936 22.7619
35.97019737933222 22.747
35.993606066789866 22.7501
36.01701630779276 22.7405
36.04061101440684 22.6724
36.06402437852291 22.6817
36.08743930005611 22.6805
36.1108557802951 22.451
36.13445678011326 22.5426
36.15787639383515 22.5405
36.18129757014299 22.4854
36.20472031032821 22.4585
36.22832762423364 22.3053
36.25175350829375 22.291999999999998
36.275180960119776 22.3055
36.298609981005924 22.3293
36.32222362992669 22.3496
36.34565580510207 22.2185
36.36908955323448 22.166
36.39252487562093 22.0999
36.416144880530226 22.0418
36.43958336764275 22.1592
36.463023432914625 22.1197
36.486465077645676 21.9677
36.51009145956204 22.0553
36.53353627947859 22.064
36.55698268276811 22.0229
36.58043067073321 21.9131
36.60406345072071 21.82
36.62751462435344 21.7803
36.65096738658405 21.7664
36.67460498210655 21.8584
36.69806093788647 21.779
36.72151848619297 21.7192
36.744977628333636 21.7361
36.76862165890998 21.6045
36.79208400512205 21.5649
36.81554794910557 21.5763
36.83901349217101 21.5157
36.862663978991606 21.476
36.88613273667352 21.4283
36.90960309738324 21.4347
36.933075062434064 21.4026
36.95673202673572 21.4215
36.98020721697122 21.3173
37.003684015502365 21.2365
37.027162423645365 21.2596
37.050825886711465 21.2992
37.07430753063053 21.1859
37.09779078812467 21.1424
37.121275660513014 21.1228
37.144945643673694 21.0528
37.16843376245278 21.0339
37.19192350009803 21.0161
37.215414857931435 20.9665
37.239091382563885 20.9242
37.262585997426164 20.8991
37.28608223645736 20.8681
37.309763684451696 20.8335
37.33326318851098 20.8237
37.356764320726555 20.8216
37.380267082425526 20.7533
37.40395510942588 20.7364
37.42746114683234 20.6621
37.45096881771841 20.6261
37.474478123414166 20.663
37.49817275092816 20.6217
37.52168534303452 20.5791
37.54519957395567 20.5207
37.568715445024665 20.4937
37.592416694607714 20.5002
37.61593586281424 20.4855
37.63945667518264 20.4436
37.66297913304891 20.3561
37.68668702630454 20.3537
37.710212792059274 20.3189
37.733740207334854 20.2553
37.757269273470364 20.2298
37.780983832050374 20.2095
37.80451621684926 20.1434
37.82805025654007 20.1368
37.851585952464795 20.1113
37.8753071980695 20.0984
37.89884622345676 20.0315
37.92238690911902 20.0212
37.94611318753442 19.9326
37.969657210779765 19.923
37.99320289834801 19.9641
38.016750251586465 19.8536
38.04048325513017 19.848
38.06403395679343 19.8049
38.087586328183946 19.7627
38.11114037065203 19.744
38.13488012115898 19.7687
38.1584375229181 19.6958
38.181996599821 19.6337
38.205557353221124 19.617
38.229303872575656 19.6695
38.2528679961576 19.535
38.27643380031219 19.5627
38.30000128639589 19.5349
38.32375459653193 19.5339
38.34732546371299 19.503
38.37089801690786 19.3631
38.39447225747609 19.3261
38.418232380377425 19.3705
38.441810012983396 19.3354
38.46538933705673 19.2773
38.488970353960084 19.2527
38.51273731166058 19.2636
38.536321731567014 19.1863
38.55990784840681 19.1171
38.58367995004091 19.2019
38.60726947812959 19.0662
38.63086070726198 19.076
38.654453638806274 19.0896
38.678232613930824 19.0142
38.70182896773327 18.9766
38.72542702806741 19.0212
38.7490267963045 18.9569
38.77281266709232 18.9254
38.79641586862214 18.8544
38.8200207821842 18.7883
38.843627409152944 18.8037
38.86742019782782 18.7763
38.891030269149255 18.7496
38.914642058016156 18.7657
38.938255565806124 18.6986
38.96205529464307 18.595
38.98567225787121 18.5572
39.00929094417078 18.6059
39.03291135492255 18.6264
39.05671804624804 18.569000000000003
39.080341923549106 18.5256
39.103967529460334 18.4845
39.127594865365744 18.3979
39.15140854155791 18.4391
39.17503935514948 18.4312
39.19867190290282 18.3721
39.22249083587951 18.3065
39.24612686969409 18.2762
39.269764641845306 18.2437
39.293404153722804 18.2718
39.317230110864074 18.2518
39.34087311998506 18.1596
39.36451787301696 18.1645
39.388164371352595 18.0654
39.41199737518003 18.1476
39.43564738196752 18.0609
39.45929913825317 18.048
39.48295264543308 18.0789
39.506792718520884 17.9639
39.530449745387216 17.9654
39.55410852735203 17.9577
39.57776906581474 17.9697
39.60161623079 17.9097
39.625280300200025 17.8781
39.64894613032202 17.8284
39.67261372255866 17.8197
39.6964680021016 17.7943
39.72013913657293 17.7409
39.74381203738292 17.7249
39.76748670593756 17.7104
39.79134812278169 17.6919
39.81502634488497 17.6825
39.83870633896685 17.6176
39.862388106436654 17.5809
39.88625668336918 17.5645
39.90994201572829 17.5273
39.933629125719285 17.4466
39.957503091207826 17.4443
39.9811937746168 17.5109
40.00488623990914 17.3336
40.02858048850006 17.3849
40.05246165409549 17.2956
40.076159487492085 17.248
40.099859108448875 17.2896
40.123560518384345 17.2817
40.1474489070226 17.262
40.171153913178564 17.1881
40.194860712584955 17.1501
40.2185693066637 17.2068
40.242464941335314 17.0838
40.26617714307655 17.0491
40.289891143772046 17.0594
40.3136069448471 17.0543
40.33750984859743 17.0624
40.3612292688043 16.9954
40.3849504936829 16.968
40.40867352466194 16.9689
40.43258372059144 16.9425
40.45631038219906 16.8751
40.48003885420956 16.7837
40.503769138055105 16.8475
40.52768664931955 16.8395
40.55142057531802 16.7933
40.57515631746428 16.7614
40.599079334038514 16.7233
40.62281872700477 16.6682
40.64655994043941 16.6744
40.67030297578061 16.7071
40.69423334835778 16.5659
40.71798004609188 16.6056
40.74172857006355 16.5431
40.76547892171441 16.5692
40.7894166736039 16.5226
40.813170699248566 16.4665
40.83692655691388 16.4749
40.86068424804498 16.4795
40.884629402612525 16.4542
40.908390779366385 16.4202
40.932153993938 16.366
40.95591904777605 16.335
40.979871628443995 16.3525
41.003640379561936 16.3582
41.02741097430883 16.2622
41.05118341413683 16.2005
41.075143444384416 16.2176
41.098919593177826 16.1508
41.1226975914255 16.1282
41.14647744058318 16.066
41.170444943946755 16.0694
41.19422851378379 16.0747
41.218013938914645 16.0385
41.24198706625173 16.02
41.26577622087193 16.0077
41.289567235177785 15.9751
41.31336011063129 15.9681
41.337340752422875 15.9245
41.361137369129835 15.9188
41.38493585138705 15.8709
41.40873620066004 15.8036
41.43272438060107 15.8214
41.45652848292052 15.7056
41.48033445666918 15.7363
41.50414230331616 15.6822
41.528138045159764 15.7575
41.551949656675205 15.647
41.575763145513235 15.6406
41.59957851314666 15.595
41.62358184070442 15.5912
41.64740098505737 15.511
41.6712220126409 15.5241
41.69504492493139 15.5495
41.71905586207357 15.4786
41.74288256296395 15.4637
41.766711153007456 15.3988
41.79054163368412 15.369000000000002
41.814560204340054 15.4066
41.838394485526365 15.3821
41.86223066180303 15.3133
41.88625497706819 15.2899
41.910094962812 15.2813
41.93393684811168 15.1986
41.95778063445365 15.1484
41.981812625263366 15.2214
42.00566023303407 15.1792
42.029509746323676 15.167
42.05336116662236 15.1481
42.077400857069705 15.1568
42.10125611078846 15.0657
42.12511327600405 15.0684
42.14897235421036 15.0425
42.173019768448455 15.0452
42.19688269209613 14.9271
42.22074753323349 14.9362
42.24461429335818 14.92
42.268669455600495 14.8712
42.292540073217886 14.8957
42.31641261433284 14.8775
42.34028708044675 14.8168
42.36435001496739 14.7839
42.38822835065557 14.8042
42.41210861586426 14.7788
42.4359908120986 14.7282
42.46006154323262 14.6417
42.48394762115317 14.69
42.507835634632315 14.6881
42.531912233047436 14.6757
42.55580413732265 14.5746
42.579697981698 14.5534
42.60359376768525 14.5409
42.62767820545945 14.5217
42.65157789440821 14.4985
42.67547952952185 14.4238
42.699383112316 14.4131
42.72347541395347 14.3864
42.74738291190531 14.3489
42.771292362102166 14.3596
42.795203766063516 14.3764
42.819303956130405 14.3265
42.843219287476536 14.3076
42.86713657716324 14.2222
42.89105582671383 14.2302
42.91516392983864 14.2505
42.939087119032166 14.1535
42.963012272677304 14.2045
42.98693939230129 14.1243
43.01105543317513 14.1169
43.034986504731386 14.0858
43.05891954686589 14.0767
43.08285456110972 14.061
43.10697856448665 13.9919
43.130917542983475 14.0009
43.15485849820081 13.9823
43.17880143167367 13.972000000000001
43.20293342237094 14.0051
43.226880332449 13.9395
43.25082922540554 13.873
43.27496722682525 13.8992
43.29892010567796 13.8833
43.32287497204102 13.8389
43.34683182745632 13.8067
43.370977859791836 13.7632
43.39493871351105 13.7522
43.41890156092628 13.7705
43.44286640358341 13.6976
43.46702049182749 13.6749
43.49098934522816 13.6727
43.51496019852649 13.6564
43.5389330532723 13.588
43.56309522248204 13.5845
43.58707210044314 13.6152
43.61105098451946 13.5065
43.63503187626491 13.5052
43.659202151562134 13.4874
43.68318707902681 13.4953
43.70717401884041 13.4769
43.731162972560874 13.4383
43.75534137913236 13.3867
43.779334381108384 13.3617
43.803329401683186 13.3169
43.82732644241872 13.2983
43.8515130055166 13.3097
43.87551410707659 13.2722
43.89951723350145 13.2894
43.923709934595614 13.2644
43.94771713129917 13.2243
43.97172635758096 13.1953
43.99573761501002 13.1736
44.0199385169922 13.1934
44.04395385732619 13.1757
44.067971233533086 13.1538
44.09199064718605 13.0909
44.11619977548961 13.0692
44.14022328470671 12.989
44.16424883610785 13.0326
44.18827643127035 13.0357
44.21249381139513 12.9474
44.236525514814076 12.8892
44.26055926674478 12.9452
44.28459506876863 12.9845
44.3088207262813 12.8369
44.33286064928722 12.8647
44.35690262714919 12.8018
44.38094666145278 12.7947
44.4051806219871 12.7802
44.42922879003185 12.78
44.45327901929361 12.7643
44.477331311362136 12.727
44.501573600619416 12.657
44.525630039221795 12.6429
44.54968854541895 12.6704
44.573937102200176 12.6204
44.5979997645541 12.6344
44.622064499300315 12.6093
44.64613130803592 12.5418
44.67038823869318 12.5666
44.69445921643748 12.4988
44.718532272981385 12.4769
44.742607409926194 12.4661
44.76687274034801 12.4473
44.79095205918753 12.436
44.81503346325094 12.4157
44.839116954143876 12.3955
44.86339071028742 12.3933
44.88747839599524 12.3552
44.91156817336837 12.3351
44.93566004401666 12.3169
44.959942251908146 12.2741
44.984038330325966 12.2744
45.00813650686762 12.2388
45.03223678314731 12.1738
45.05652746888232 12.1671
45.08063196592069 12.1867
45.104738567558705 12.1321
45.128847275414856 12.107999999999999
45.15314646515866 12.0928
45.17725940679741 12.0817
45.20137445952892 12.0144
45.22568004865265 12.0751
45.24979934496396 12.0368
45.27392075725247 12.0275
45.29804428714431 11.9748
45.322358426247604 11.9667
45.346486212804315 11.9189
45.370616121861914 11.935
45.39474815505086 11.9418
45.41907087049246 11.8813
45.4432071734666 11.8898
45.46734560548283 11.8664
45.49148616817604 11.8154
45.51581748638564 11.8102
45.5399623320197 11.7561
45.56410931325473 11.7552
45.58825843173002 11.7593
45.61259837920865 11.7181
45.636751793816 11.7185
45.66090735060093 11.6497
45.68506505120716 11.645999999999999
45.7094136545275 11.6196
45.73357566449271 11.5453
45.75773982322992 11.6016
45.78190613238733 11.5903
45.806263418194064 11.5426
45.83043404997326 11.5211
45.85460683713677 11.5562
45.87897065658495 11.5234
45.90314777634752 11.4661
45.92732705646868 11.431
45.9515084986045 11.4389
45.97588104735473 11.4261
46.00006683541565 11.3881
46.02425479047904 11.3494
46.04844491420549 11.3483
46.0728262191024 11.2898
46.09702070211635 11.2565
46.12121735879483 11.2938
46.14541619080294 11.287
46.169806278764455 11.2364
46.194009483459034 11.264000000000001
46.21821486849841 11.1877
46.24242243555223 11.1548
46.266821333570014 11.1567
46.29103328674601 11.1349
46.31524742696538 11.1162
46.33946375590237 11.0833
46.36387149104216 11.0968
46.38809221957392 11.0459
46.41231514186606 11.0682
46.436540259597464 11.0805
46.460956858999374 11.0224
46.48518638983522 10.9601
46.509418121166966 10.9521
46.533652054678114 10.9132
46.55807754555709 10.9009
46.58231590571962 10.9191
46.60655647313217 10.8963
46.630988654873654 10.8333
46.655233659129024 10.8183
46.67948087571551 10.8334
46.70373030632484 10.7771
46.72817142736393 10.7956
46.752425308428684 10.7698
46.77668140861147 10.7543
46.80093972960865 10.7434
46.82538981736788 10.7074
46.849652602470904 10.6852
46.87391761349769 10.6742
46.8981848521493 10.6412
46.9226439341274 10.6024
46.946915650573224 10.5688
46.97118959976749 10.5981
46.99546578341598 10.5255
47.019933887188216 10.5306
47.04421456235744 10.5493
47.06849747711879 10.4737
47.09278263318286 10.4852
47.11725978640143 10.4817
47.14154944775105 10.4417
47.165841355555656 10.4044
47.1901355115306 10.3499
47.214621741924994 10.3616
47.23892041698887 10.3411
47.26322134538975 10.3665
47.28771440635075 10.3366
47.31201986422527 10.2961
47.33632758061436 10.2741
47.360637557241866 10.267999999999999
47.38513974410611 10.2681
47.40945426407847 10.2665
47.43377104948137 10.2256
47.45809010204344 10.199
47.48260144275502 10.1668
47.506925052572285 10.1388
47.53125093475548 10.0934
47.55557909103813 10.101
47.58009961361992 10.0709
47.60443234110732 10.1109
47.62876734791564 10.0524
47.65310463578333 10.0189
47.6776343683373 10.0161
47.7019762413987 9.945110000000001
47.72632040075572 9.9743
47.75066684815169 9.976560000000001
47.77520581885936 9.955119999999999
47.799556865477655 9.899610000000001
47.823910205386 9.92351
47.84826584033272 9.90932
47.87281407745551 9.85189
47.89717432569297 9.83715
47.92153687423484 9.824489999999999
47.94609208429692 9.80245
47.97045925671401 9.8106
47.99482873471275 9.800089999999999
48.01920052005013 9.76868
48.04376504619224 9.7635
48.068141469543484 9.781830000000001
48.09252020552573 9.69926
48.11690125590099 9.703389999999999
48.1414751266064 9.66121
48.16586082917454 9.638530000000001
48.19024885144316 9.614469999999999
48.2146391951793 9.62047
48.239222439012764 9.63926
48.26361744916137 9.561739999999999
48.28801478610016 9.57037
48.31241445160131 9.58482
48.337007097209366 9.56298
48.36141144338331 9.55826
48.38581812345755 9.51856
48.41022713920929 9.524519999999999
48.434829215320704 9.48962
48.45924292604658 9.459589999999999
48.48365897780325 9.488560000000001
48.50807737237308 9.420160000000001
48.532688907799276 9.42442
48.55711201168574 9.42045
48.581537463754074 9.37965
48.60615611725119 9.37657
48.63058628942721 9.330060000000001
48.65501881516546 9.33747
48.6794536962573 9.31996
48.70408185970339 9.28117
48.72852147531801 9.244810000000001
48.75296345168211 9.213980000000001
48.77740779059232 9.24196
48.80204549302823 9.24002
48.82649458091802 9.21671
48.85094603676547 9.165289999999999
48.87539986237231 9.11275
48.90004713292306 9.15732
48.92450572200832 9.1809
48.94896668628025 9.13246
48.97343002754588 9.08758
48.99808689542115 9.08254
49.02255501470614 9.08894
49.04702551642794 9.05137
49.0714984023988 9.04631
49.096164896893235 9.024389999999999
49.120642575466796 8.98453
49.145122643748394 8.98524
49.16960510355558 8.94688
49.19428125404938 8.90243
49.2187685210852 8.91398
49.243258185121555 8.903039999999999
49.26794160167084 8.90585
49.2924360839405 8.89517
49.31693296869764 8.84017
49.34143225776915 8.84891
49.36612538195438 8.815610000000001
49.39062950396021 8.78118
49.41513603578346 8.76857
49.4396449792564 8.777660000000001
49.46434784069503 8.750539999999999
49.488861631846454 8.707089999999999
49.513377840166804 8.6992
49.537896467493745 8.70422
49.56260909589029 8.68694
49.587132585683285 8.66473
49.611658500018365 8.66424
49.636186840738596 8.64007
49.66090926588511 8.61325
49.685442483902584 8.62318
49.70997813385706 8.56887
49.734516217597076 8.57192
49.75924846937352 8.56697
49.7837914452858 8.52966
49.80833686055187 8.54901
49.83288471702571 8.5081
49.85762682540054 8.4907
49.882179588965734 8.49276
49.9067347993235 8.46609
49.93129245833333 8.4589
49.95604445336378 8.44851
49.98060703442832 8.40751
50.005172069746266 8.371089999999999
50.02993150438364 8.386610000000001
50.05450147301533 8.35635
50.07907390151433 8.39072
50.10364879174981 8.34706
50.12841816587289 8.33957
50.1529980044635 8.267539999999999
50.17758031042124 8.251489999999999
50.20216508562089 8.27893
50.22694442953363 8.23343
50.25153416817468 8.23423
50.27612638170508 8.229339999999999
50.300721072005196 8.19975
50.325510416102105 8.174339999999999
50.350110084975064 8.16271
50.37471223628208 8.16884
50.39931687190919 8.1416
50.424116246675766 8.13302
50.44872587605249 8.11162
50.47333799543065 8.12047
50.49795260670191 8.10977
50.52276204271512 8.0615
50.54738166295838 8.02622
50.57200378079314 8.03249
50.596628398116835 7.992030000000001
50.62144792604559 7.9892199999999995
50.646077567609396 7.98146
50.670709714377715 7.97525
50.69553683636198 7.954339999999999
50.72017401885922 7.95755
50.7448137122895 7.9251
50.76945591856022 7.90512
50.79429318636823 7.8941300000000005
50.818940443716784 7.88172
50.84359021965163 7.825
50.868242516085964 7.8442300000000005
50.893089960641895 7.827189999999999
50.917747323549435 7.805210000000001
50.94240721271973 7.81602
50.96706963007175 7.793989999999999
50.99192728239342 7.77032
51.01659478166073 7.757000000000001
51.04126481489051 7.735289999999999
51.06593738400761 7.7037
51.090805275207074 7.700239999999999
51.11548294172845 7.69272
51.14016314993547 7.681939999999999
51.164845901758845 7.65844
51.18972406304274 7.61008
51.21441192780656 7.602530000000001
51.23910234200271 7.615589999999999
51.2637953075678 7.5744
51.288683770237945 7.55267
51.31338186432707 7.55377
51.33808251561888 7.567760000000001
51.362978729967345 7.522710000000001
51.387684521509755 7.51613
51.41239287610203 7.547060000000001
51.437103795691165 7.48889
51.46201036644977 7.44964
51.486726441956634 7.45655
51.51144508832545 7.4627300000000005
51.536166307509156 7.43452
51.56108326624387 7.36482
51.58580965706056 7.37488
51.61053862657523 7.35036
51.635270176746864 7.37135
51.66019755512065 7.330489999999999
51.68493429268881 7.33718
51.70967361681515 7.333639999999999
51.73441552946465 7.310389999999999
51.759353359237934 7.28693
51.7841004750961 7.2917
51.80885018539685 7.2675
51.833602492111254 7.2653
51.8585508051424 7.22588
51.883308330926425 7.20118
51.90806845906181 7.2021
51.932831191525715 7.19815
51.95779001977161 7.159860000000001
51.98255798721516 7.113630000000001
52.00732856494335 7.10845
52.03229530577543 7.09473
52.057071130455945 7.1036399999999995
52.081849571391054 7.055510000000001
52.106630630568695 7.06115
52.13160794279417 7.053380000000001
52.15639426492067 7.03875
52.18118321127822 7.0430600000000005
52.205974783860896 6.99147
52.23096269971011 6.95233
52.255759551287994 7.013319999999999
52.280559035098186 7.00931
52.30536115314103 6.98061
52.33035970494467 6.997039999999999
52.35516711807904 6.98073
52.37997717147198 6.97882
52.40478986713005 6.94963
52.42979908731974 6.89906
52.454617094216 6.851210000000001
52.47943774942214 6.84645
52.50426105495102 6.854419999999999
52.529280976059844 6.8186800000000005
52.554109609024096 6.81533
52.57894089837482 6.821860000000001
52.60377484613117 6.79874
52.62880550079408 6.76587
52.65364479223379 6.7649
52.67848674816189 6.7065600000000005
52.70352547971946 6.71437
52.72837279155837 6.73486
52.753222773982785 6.724060000000001
52.778075429022984 6.70914
52.80312495150885 6.68008
52.827982978797436 6.67152
52.85284368481815 6.64208
52.87770707160767 6.63587
52.90276741793998 6.6224300000000005
52.92763619336701 6.62257
52.952507655698504 6.60133
52.977381806977576 6.61022
53.00245301017842 6.5961300000000005
53.02733256653592 6.58455
53.052214817996074 6.56155
53.077099766608484 6.5162
53.102181859804446 6.520169999999999
53.127072229988265 6.525519999999999
53.15196530349892 6.49095
53.17686108239249 6.46661
53.20195409881522 6.4697
53.22685531582556 6.449990000000001
53.25175924441303 6.441669999999999
53.27666588664027 6.40929
53.30176985962693 6.37475
53.3266819565689 6.361269999999999
53.35159677336455 6.36308
53.376514312083096 6.35548
53.40162927507703 6.381130000000001
53.42655228516116 6.370769999999999
53.45147802340193 6.31264
53.47660125628886 6.338480000000001
53.50153247842639 6.31819
53.52646643496923 6.267869999999999
53.55140312799818 6.31366
53.576537409691696 6.2952
53.60147960336152 6.28336
53.626424539786164 6.2400400000000005
53.65137222105307 6.20529
53.67651758529126 6.19039
53.70147078399681 6.1586300000000005
53.72642673383343 6.18665
53.75138543689533 6.17997
53.776541917524526 6.18027
53.801506154876755 6.15327
53.826473151763246 6.12686
53.851442910284916 6.0986199999999995
53.87661054126026 6.07158
53.9015858509782 6.05809
53.92656392866066 6.04576
53.95154477641532 6.06877
53.976723591801296 6.04822
54.00171000771266 6.00979
54.02669920004598 6.03675
54.051691170915745 6.02792
54.076881204886796 5.9962599999999995
54.101878760928514 5.9749300000000005
54.12687910187696 5.92774
54.152077577768296 5.96467
54.1770835166946 5.896669999999999
54.20209224691339 5.97636
54.22710377055121 5.8909
54.25231352511594 5.90228
54.27733066384342 5.8345400000000005
54.30235060239643 5.865559999999999
54.32737334290836 5.84184
54.35259441062629 5.8303
54.377622783395324 5.79741
54.40265396455061 5.75992
54.42768795623251 5.77769
54.45292037169559 5.80795
54.477960012857906 5.7201699999999995
54.50300247099511 5.72259
54.52804774825457 5.72255
54.55329154616743 5.703130000000001
54.57834249018678 5.647869999999999
54.6033962597977 5.61372
54.6284528571545 5.59772
54.653708072335164 5.56754
54.67877035378786 5.5791900000000005
54.70383546947698 5.57641
54.72890342156389 5.5309800000000005
54.7541700889442 5.51098
54.77924374251975 5.52652
54.8043202390049 5.5257
54.82959552413022 5.472169999999999
54.8546777351945 5.44612
54.87976279569621 5.43069
54.90485070780914 5.42707
54.930137506558005 5.40616
54.95523115074295 5.41731
54.98032765308844 5.42087
55.005427015775496 5.34075
55.03072536339621 5.37885
55.05583047570572 5.3019
55.080938454927676 5.2774
55.10604930325027 5.2659
55.131359235107396 5.243869999999999
55.15647585066083 5.1986099999999995
55.181595341907496 5.20897
55.20671771104285 5.133319999999999
55.232039262617704 5.15322
55.25716741665048 5.1077900000000005
55.28229845518636 5.1100699999999994
55.30743238042802 5.02061
55.33276558731939 5.0506400000000005
55.357905315183636 5.06405
55.383047936390035 4.99026
55.40819345314859 4.9651
55.433538351073295 4.96318
55.458689688238415 4.99409
55.483843927614096 4.9168199999999995
55.509197623043605 4.918830000000001
55.53435769621134 4.87962
55.55952067826466 4.87924
55.5846865714265 4.83765
55.61005202069737 4.820209999999999
55.63522376553902 4.83378
55.66039842818645 4.77264
55.68557601087004 4.79812
55.7109532500271 4.746659999999999
55.73613670233794 4.73402
