TT I
1.2716486653135266 8.01962
1.2939594142134223 7.1103
1.3162702121660406 7.229760000000001
1.3385810600174564 7.0179
1.3608919586137629 6.69499
1.383202908801069 6.664969999999999
1.405513911425503 6.0860199999999995
1.4278249673332093 5.5961099999999995
1.4501343378461518 5.27671
1.4724455028545926 5.83471
1.4947567236847858 5.54443
1.517068001182951 5.94624
1.5393793361953272 5.77904
1.5616907295681737 5.37075
1.5840021821477681 5.20859
1.60631369478041 4.9835
1.6286252683124185 5.3148599999999995
1.6509369035901333 4.98289
1.6732468618895553 5.75482
1.695558623192809 5.10485
1.7178704487808514 5.47569
1.7401823395001077 4.98827
1.7625012545597203 5.06879
1.7848028405262486 4.60979
1.8071218901122095 4.78005
1.8294236121921872 4.6733
1.8517427996910911 5.08744
1.8740620574440425 5.31231
1.8963639900671978 4.58482
1.9186833908139995 4.51371
1.9409854680117449 4.76808
1.9633050151394713 5.13247
1.9856246367570705 4.50603
2.0079269371922672 4.52001
2.03024671027244 4.55492
2.0525491637446027 4.36333
2.074869091674931 4.193230000000001
2.097171701569106 5.00145
2.1194917877373847 5.209280000000001
2.141811954326636 4.71612
2.164114805233074 4.62631
2.186435135143035 6.12561
2.208738150935709 16.9971
2.231058647554722 36.413000000000004
2.2533792288321184 27.9326
2.275682498336085 12.0042
2.298003251406138 5.67839
2.3203066942619714 4.70028
2.3426276225136022 4.94879
2.3649486396617507 4.7602199999999995
2.387252348930071 5.13892
2.4095735463442893 4.4021
2.4318774374315884 5.48453
2.4541988185014043 6.07918
2.476502894794693 6.592110000000001
2.498824462909887 6.38818
2.521146125856138 6.144769999999999
2.5434504863470337 6.63785
2.5657723414244717 6.91016
2.588076895590662 7.649710000000001
2.610398946189713 7.474939999999999
2.6327210958598384 6.780689999999999
2.6550259469304716 6.783239999999999
2.6773482972090137 7.19384
2.6996533504259 7.267689999999999
2.7219759047039602 7.23332
2.744298562293959 7.2251
2.7666039251246595 7.40252
2.7889267918020164 7.8212399999999995
2.8112323652516555 7.9835
2.833555444408179 8.33334
2.8558786311183852 8.45664
2.8781845268938557 9.063130000000001
2.9005079311721484 8.24127
2.9228140460410397 9.04423
2.9451376712799635 9.04262
2.967444008632326 9.5099
2.9897678582247247 9.77576
3.0120918213106695 10.3121
3.0343984987899373 10.9003
3.0567226913198637 11.3871
3.079029599759726 11.0948
3.101354025127254 11.9046
3.123678568232338 12.8712
3.145985829517914 12.4702
3.16831061055229 13.2669
3.1906181112775593 14.2877
3.212943133635653 14.8643
3.2352682779763207 15.1171
3.2575761442691227 15.1624
3.2799015350264273 15.9114
3.302209649240067 16.6199
3.3245352898092655 17.0686
3.3468436553365257 17.8617
3.369169549113219 18.1871
3.3914955708171384 18.7241
3.413804319727358 19.1622
3.4361305997334863 19.4277
3.4584396084414553 19.680999999999997
3.4807661501462652 21.1147
3.503092824025881 21.5843
3.5254022288463154 21.535999999999998
3.5477291695206588 21.7436
3.5700388426251948 23.1646
3.5923660534916446 24.7141
3.6146934007816114 43.9765
3.637003482731501 113.93799999999999
3.6593311053109985 128.055
3.681641464033634 70.3004
3.7039693653009733 33.5465
3.726297407241705 26.9668
3.7486081875460804 26.498
3.7709365132734978 26.4161
3.793247578841633 27.0943
3.8155761917550093 27.2526
3.8378875459837216 27.8078
3.8602164494827234 28.1606
3.882545499606844 28.9725
3.9048572932539183 29.8337
3.9271866390645718 29.8863
3.9494987298666713 30.3457
3.971828374764527 31.0722
3.9941581705403255 31.4516
4.016470713506008 32.1511
4.038800813471445 32.5426
4.061113662089144 33.034
4.0834440696459176 34.4297
4.105774632334751 35.02
4.128087945865126 35.486
4.150418821249301 36.7297
4.172732448931298 38.4731
4.195063640413578 40.3385
4.2173775856475215 45.817
4.239709096631102 86.2153
4.262040768704612 312.14599999999996
4.284355196706267 430.556
4.306687193387355 272.691
4.329001947444346 97.6696
4.35133427213731 51.7269
4.373666762177566 46.305
4.395982011761091 45.45
4.418314834921175 47.2022
4.44063041906622 56.4386
4.4629635787515625 72.1929
4.4852969080429785 72.2673
4.5076130004776225 57.6967
4.529946671403969 52.4296
4.552263106909177 51.7665
4.574597122877047 52.4411
4.596931312711224 53.7112
4.619248269273446 54.1435
4.6415828092605835 54.6352
4.663900117405352 56.4386
4.686235010953232 57.7491
4.708552674085913 58.7143
4.730887924602802 60.5636
4.753223354952695 62.1538
4.775541557023902 63.4858
4.797877349456786 64.7442
4.820195915032126 66.9226
4.842532072957498 68.1022
4.864868414979744 70.78
4.88718753227192 72.8542
4.909524244902505 74.4474
4.931843734218147 76.2015
4.954180820867835 79.0345
4.976518095879839 82.3193
4.998838149695359 85.0041
5.021175803844231 88.6392
5.043496238205739 92.1508
5.065834274903528 96.4771
5.088172504230693 102.478
5.1104935158799565 110.242
5.132832132875765 139.18
5.155153533596801 199.19
5.1774925416746225 242.972
5.199814334878411 426.54900000000004
5.2221537374521505 1168.98
5.244493338631803 2916.52
5.266815727034316 6749.57
5.289155727832427 11425.0
5.311478517248165 9299.06
5.333818921080011 3580.35
5.356159527788849 764.3989999999999
5.3784829252032536 224.13400000000001
5.400823940070432 160.00799999999998
5.423147747031976 138.082
5.445489173474152 125.62100000000001
5.467830807066149 118.655
5.490155234831516 114.455
5.512497285125229 109.97399999999999
5.534822130975162 107.39299999999999
5.557164601388673 104.958
5.579489868738879 101.881
5.601832762690846 101.025
5.6241758697774475 100.42200000000001
5.646501775867269 99.1821
5.668845311622074 97.5491
5.691171647754637 96.499
5.713515615597765 94.8627
5.735859800852677 93.9263
5.758186788542988 93.7311
5.780531411018185 93.8641
5.802858837297399 93.0835
5.825203900414495 93.0306
5.8475491852224 94.0941
5.869877275883075 94.2736
5.892223006467101 95.6268
5.914551544266608 97.1505
5.936897724049891 100.075
5.959244129804903 106.75200000000001
5.981573344815301 128.523
6.0039202049061 231.25900000000001
6.026249875609095 502.48900000000003
6.04859719346037 1027.05
6.070927323278297 2072.89
6.093275102315365 3888.74
6.115623113320588 4944.27
6.137953938319995 3453.3
6.160302415650845 1242.54
6.182633708324452 306.03
6.2049826554078376 129.554
6.227331838745022 100.13600000000001
6.249663839443684 90.3935
6.27201349767565 87.0525
6.294345974611799 95.5742
6.316696111167083 113.425
6.339046488263839 106.09
6.361379686074702 85.8235
6.383730546639482 74.7286
6.406064229255215 70.9933
6.428415576718203 70.3173
6.450749747566656 69.2042
6.47310158535871 67.847
6.495453669698332 67.2437
6.517788579421056 66.6535
6.540141159237969 65.5593
6.562476565766648 64.9783
6.5848296444934045 64.8275
6.607182974060425 63.8908
6.6295191323281015 64.4221
6.651872965955752 69.0206
6.6742096296068985 104.584
6.6965639707294615 170.518
6.71891856698715 171.34599999999998
6.741255995248479 109.87200000000001
6.763611104154477 73.0079
6.785949046381137 62.6487
6.808304671371482 60.8627
6.8306605557940046 59.9998
6.852999275508618 58.8647
6.875355681171544 58.3037
6.897694923437771 58.2023
6.92005185377892 57.6673
6.9423916220322655 58.2835
6.964749080490181 57.23
6.987106804399774 57.5157
7.009447368180821 57.4086
7.031805625367033 56.9163
7.054146723727803 56.6917
7.076505517631004 56.6174
7.098864581288365 56.8972
7.121206488070854 56.4551
7.143566093607822 56.4447
7.165908543567245 56.931999999999995
7.188268694426048 57.2213
7.2106291193438095 57.2454
7.232972390625943 59.0894
7.255333366030969 75.5176
7.277677189091925 150.408
7.300038718428332 218.38400000000001
7.322400526130865 183.11700000000002
7.344745183422596 104.35600000000001
7.367107550224791 66.0032
7.389452767901992 58.6296
7.411815697249891 57.4276
7.434161478756298 56.1763
7.456524974096713 55.9519
7.478888753837185 55.6497
7.501235387657368 56.1578
7.523599738562711 56.3196
7.545946944825532 56.575
7.568311870344528 56.7305
7.5906770845765665 57.1761
7.613025156078678 59.1241
7.635390950099687 60.7237
7.657739602662809 59.3247
7.680105979923558 57.6263
7.702472650212829 57.6097
7.724822180948224 57.4853
7.747189439655568 57.5442
7.769539560075357 57.3168
7.791907410653562 57.748999999999995
7.81425812420825 57.7889
7.836626570110925 58.0245
7.858995315087906 59.0649
7.881346924933401 59.1101
7.903716270417482 59.5613
7.926068482028405 59.9413
7.948438431475253 60.5079
7.9708086843180235 61.1124
7.993161805171116 61.8809
8.015532667162402 62.0953
8.037886398416653 62.9627
8.060257873014221 63.2787
8.082629655331942 64.0119
8.104984308787587 65.035
8.127356708900503 69.6963
8.149711981398308 77.0944
8.172085002766314 80.6064
8.194458336181368 75.485
8.216814543847752 71.7154
8.23918850371002 70.9544
8.26154533906492 71.3671
8.283919928836452 73.3609
8.306277395339652 74.113
8.328652618483376 75.5123
8.351028159736202 77.8576
8.373386579575245 79.9771
8.395762759396959 81.9791
8.418121819038275 88.0318
8.440498640894003 105.62200000000001
8.462875785192262 123.948
8.485235811156207 137.154
8.507613602688501 177.555
8.529974277114228 271.151
8.552352719347912 407.776
8.574731488360351 643.441
8.59709314210385 1072.04
8.619472567021075 1658.07
8.64183487789147 2104.35
8.664214962183097 1885.73
8.686577933647762 1132.73
8.708958680784317 465.208
8.731339760774953 195.275
8.753703729764451 121.656
8.77608547780821 104.31200000000001
8.798450116065078 99.5529
8.820832535634787 95.4154
8.843215292401656 93.4522
8.865580941199045 92.1135
8.887964374703538 91.175
8.910330701447199 93.226
8.932714815164482 96.363
8.955099270424924 95.2219
8.977466620733543 91.0298
8.999851761421976 87.5421
9.022219798361645 85.4853
9.04460562795561 85.4923
9.066991803441677 84.7259
9.089360876979615 84.6209
9.111747746589993 84.1907
9.13411751544971 83.2205
9.156505082664324 83.0986
9.178875550323522 83.4625
9.20126381862328 84.0332
9.223652438908596 84.4165
9.246023961427412 84.4863
9.26841328802173 83.5755
9.290785518039224 83.5437
9.313175554425882 84.4657
9.335565947154315 84.3988
9.357939245086508 84.5133
9.380330352834827 84.6214
9.40270436697103 84.9153
9.425096193225055 84.4783
9.447488380180165 85.8297
9.469863475295412 85.882
9.492256385987508 86.22
9.514632206018318 86.7189
9.537025843935714 86.7193
9.559402392368193 87.8651
9.581796761000229 89.3326
9.604191496441521 90.3421
9.626569144158516 94.4796
9.648964615551032 101.09299999999999
9.671343000390081 103.334
9.693739211225699 99.7849
9.716135793237463 96.1177
9.738515290448102 94.9408
9.760912617143402 96.1466
9.783292860202891 97.0903
9.805690935076182 98.3066
9.828089385495742 99.1646
9.850470754023561 102.01799999999999
9.872869957865444 111.613
9.89525208097539 132.16
9.917652041736662 149.518
9.940052382417589 147.595
9.962435644102392 150.882
9.984836746950979 186.298
10.007220771957746 255.513
10.029622640473708 361.892
10.052007432299963 521.719
10.074410069984072 765.355
10.096813093716005 1137.26
10.119199042482517 1597.07
10.141602840636468 1916.77
10.163989564971628 1750.02
10.186394141051062 1105.9
10.208799107559706 508.148
10.231187001965623 235.465
10.253592751657669 141.219
10.275981430388155 119.713
10.298387966769793 119.13600000000001
10.320794897965431 122.368
10.343184759907361 121.363
10.36559248305461 113.64399999999999
10.387983138083852 108.24700000000001
10.410391656691655 110.633
10.432800574501677 122.363
10.455192425893369 139.82399999999998
10.47760214443012 164.705
10.499994797678786 202.455
10.522405320453982 266.233
10.54479877906917 360.39
10.567210109595656 472.24800000000005
10.5896218454736 550.381
10.612016518879773 536.249
10.634429067781074 391.26599999999996
10.656824555333241 231.72400000000002
10.679237920773568 140.4
10.701651695961992 102.695
10.724048411481384 92.5219
10.746463008485165 89.09200000000001
10.768860546937125 87.02
10.791275969274796 85.04899999999999
10.81369180576079 84.0394
10.836090585366925 82.8412
10.858507252467449 81.6548
10.88090686379991 80.8097
10.903324365036394 80.6016
10.925724811614439 80.9257
10.948143150509463 82.6385
10.970561909719066 81.8044
10.992963615930844 80.0617
11.015383218085756 76.7052
11.037785768347074 75.0992
11.06020621697282 74.4845
11.082627090322113 74.0237
11.105030913430326 73.5897
11.12745263854165 74.337
11.149857314510728 79.6633
11.172279894912576 88.0878
11.194702904450653 89.5389
11.217108866490921 83.8449
11.239532736615194 77.7167
11.26193956033512 75.1724
11.284364294577085 72.8057
11.306789462371718 70.2734
11.329197585398376 69.0548
11.351623622610898 68.5688
11.37403261614354 67.5096
11.396459526308487 67.5681
11.418869393879497 67.0146
11.441297180532617 66.656
11.463725406927658 66.1578
11.486136592353875 66.5969
11.508565700543707 67.6622
11.530977768845315 69.8023
11.553407762368774 70.9852
11.575838200059769 70.331
11.598251599479612 67.675
11.620682927815501 65.421
11.64309721895548 64.9627
11.665529441478206 64.553
11.687962112597958 64.1935
11.710377748130886 64.2908
11.732811318753434 64.3481
11.755227854859067 64.4409
11.777662328529495 64.2854
11.800079768750786 63.9622
11.822515149015453 63.8043
11.844950984084935 64.2621
11.867369787303163 63.9511
11.889806534289491 63.7243
11.912226250487029 64.2159
11.934663912939751 64.2402
11.9571020346363 64.3688
11.979523127133968 64.3328
12.001962169624331 65.0626
12.024384183972964 66.34899999999999
12.046824150809913 69.7394
12.069264581333726 75.1219
12.091687985297767 81.6654
12.11412934550045 90.3613
12.136553680195208 102.973
12.158995973632788 120.416
12.181438735204349 143.392
12.20386447284199 172.33599999999998
12.226308172985636 201.58900000000003
12.24873485024193 209.31
12.271179492516982 184.373
12.293607112949127 143.236
12.316052700916226 109.305
12.338498763250042 86.2929
12.360927805303868 74.6949
12.383374818673879 69.1643
12.405804812803074 66.6931
12.428252780773262 66.1835
12.45070122756722 66.0298
12.473132656675375 65.7574
12.49558206341869 66.0039
12.518014453510101 66.1979
12.540464823770117 66.3413
12.562915677315177 66.3777
12.58534951575545 67.0696
12.607801338171472 70.1339
12.630236146511358 77.1959
12.652688941369085 84.0023
12.675124723177234 84.2279
12.697578494048786 78.756
12.720032754458185 72.5199
12.742470003354093 69.8889
12.764925245138771 69.4081
12.787363476431278 69.6074
12.809819703166806 69.8957
12.83227642391173 70.6583
12.854716135692716 71.0849
12.877173846755147 72.3817
12.899614549869717 72.2432
12.9220732548287 72.9925
12.94453245827299 73.6905
12.966974655289818 74.7303
12.989434858002571 75.6467
13.011878055298721 76.2484
13.034339260862497 77.2607
13.056800969391883 78.4753
13.079245674017244 80.4625
13.101708390774869 82.6858
13.12415410463411 90.5782
13.146617833206086 102.906
13.169064559883248 116.052
13.191529303857127 130.762
13.213994557076367 151.334
13.236442809902437 181.355
13.258909083908291 224.984
13.28135835851934 276.389
13.30382565690295 339.79699999999997
13.326293469022952 404.67
13.348744283242008 429.289
13.371213125129904 387.816
13.39366497011003 296.587
13.416134845360597 199.266
13.438605238843131 138.246
13.46105863690397 112.37700000000001
13.483530069144786 109.71799999999999
13.505984506951902 114.976
13.528456981549432 124.616
13.550929978879088 137.431
13.573385983253365 157.81799999999998
13.595860028340867 188.32
13.618317081455832 229.077
13.64079217790333 278.306
13.663250283359057 327.084
13.685726434770173 367.32199999999995
13.708203115221277 356.51
13.730662806148091 296.322
13.75314054697177 218.797
13.775601299246777 147.916
13.798080104050406 106.165
13.820559442405358 89.2851
13.843021793671388 84.3557
13.865502201420897 82.2838
13.887965623051947 81.4892
13.910447103807167 80.2418
13.932929122629764 78.7063
13.955394156785959 78.5513
13.977877254034569 77.5747
14.000343367582113 76.6275
14.022827546871707 76.2761
14.045294743423524 75.3536
14.06778000837062 74.508
14.090265817715476 74.4228
14.112734645763819 74.182
14.13522154619454 73.9991
14.157691466286913 74.3015
14.180179461423874 73.9274
14.202668005486178 73.0794
14.22513957064374 72.4249
14.247629214846473 71.99
14.270101881097517 71.6423
14.29259262906496 72.4792
14.315083930490205 73.6914
14.337558255389705 73.9691
14.360050666019726 73.465
14.382526101071944 72.1137
14.405019624534942 70.8998
14.427513705993134 70.0946
14.449990813291825 70.2619
14.47248601302899 70.1132
14.49496423954951 70.3592
14.517460561197822 70.4772
14.539939910570322 70.0781
14.562437357763558 70.8023
14.58493536931253 72.0167
14.607416409993311 73.4762
14.62991555254159 74.5341
14.652397725157423 73.868
14.674898002342799 72.988
14.697398848433282 72.2955
14.719882725991326 72.7892
14.74238471217934 73.6376
14.764869730765593 77.1108
14.787372860692983 80.5472
14.809876564079925 85.4031
14.83236330125751 91.244
14.854868153850365 98.7489
14.877356041159485 110.038
14.899862046604186 124.971
14.922351087688757 144.83700000000002
14.944858249632887 169.563
14.967365991421232 195.264
14.989856770231246 216.61900000000003
15.012365673994204 221.65
15.03485761569738 203.78
15.05736768508665 164.77599999999998
15.07987833888692 129.377
15.102372032001655 100.12899999999999
15.124883856909658 82.20299999999999
15.14737872204565 75.2787
15.169891721717274 72.7924
15.192405310371893 72.5694
15.214901940621196 73.2931
15.237416709527137 73.5479
15.259914520936249 73.8523
15.282430473753607 72.8751
15.304947020131227 71.055
15.327446610371178 70.0441
15.349964346154254 69.0384
15.372465126703139 68.602
15.394984055556009 68.2009
15.417486030076159 68.0462
15.44000615566487 67.4003
15.462526881230803 67.5492
15.485030653812652 67.7898
15.507552581617434 67.9213
15.530057557334603 68.0599
15.55258069104857 67.8491
15.575104429329837 67.7986
15.597611216864632 67.3449
15.620136166564563 67.3687
15.6426441664095 68.3728
15.665170331202765 70.8087
15.687697105158826 74.1935
15.710206930593545 77.7965
15.732734925158933 81.819
15.755245972089478 87.6308
15.77777519094324 95.4821
15.800287463046663 105.927
15.822817909869592 120.90899999999999
15.84534897229804 138.389
15.867863089299354 159.597
15.890395385222186 178.226
15.912910736597423 192.658
15.935444269699861 190.38400000000001
15.957978423016485 170.547
15.980495633101265 138.21
16.003031029129367 107.402
16.02554948280019 84.0078
16.048086125229432 72.0013
16.070623392487107 68.3953
16.09314371869582 67.2639
16.11568223789321 66.2957
16.13820381691126 65.0838
16.160743591742527 63.6082
16.183283996022084 62.5726
16.205807461423195 61.2269
16.228349126881973 60.6978
16.25087385432698 60.4431
16.27341678466365 59.8759
16.29594277784926 59.8751
16.31848697676433 60.4376
16.341031811604868 61.0938
16.36355971058487 61.5119
16.3861058195587 61.2723
16.40863499352978 59.5009
16.431182380342005 58.388999999999996
16.453730407713202 57.6587
16.476261501364792 57.1997
16.498810812136167 57.0058
16.52134319004079 56.9472
16.54389378792203 56.825
16.566445031001553 56.7486
16.588979342490088 56.503
16.61153187824822 56.3791
16.634067483263312 56.1506
16.656621315414416 56.2293
16.679175797408888 55.8929
16.701713349928728 55.9938
16.72426913389191 56.1457
16.74680798922351 56.2906
16.76936507887444 56.5448
16.791905240734874 56.5787
16.814463639794468 56.3
16.837022695210294 56.3154
16.859564824093756 56.7615
16.882125194503903 57.5774
16.904668639217885 58.736999999999995
16.927230328348003 59.0186
16.949792678493612 59.0034
16.972338104193863 58.0191
16.994901778652235 57.1828
17.017448529496576 57.3319
17.040013531998152 57.1863
17.06257920018044 57.4868
17.0851279459922 58.2184
17.107694947817667 59.2909
17.130245028099072 60.0969
17.15281336730298 61.4295
17.17536478578733 62.9217
17.19793446610687 64.7918
17.220504818648422 67.0812
17.243058251703697 69.555
17.265629950971032 73.3442
17.288184731571736 77.309
17.310757781306908 81.2665
17.33333150794385 83.6938
17.355888317140174 83.4651
17.37846339986244 80.0803
17.401021565958885 74.4877
17.42359800851343 68.9986
17.44617513265564 64.5468
17.468735341390783 61.9244
17.491261035594565 60.6571
17.51396340099364 60.4498
17.536490463869136 60.4542
17.559018209820174 60.5443
17.58154663977963 60.5394
17.604251766089718 60.4404
17.626781572227713 60.7024
17.64931206518155 61.0928
17.671843245885103 62.0001
17.69455114821572 62.1534
17.717083712612634 62.2987
17.739616967569667 62.5676
17.762150914021706 62.3704
17.78486160749854 62.3484
17.807396945166804 63.1767
17.829932977143503 63.9
17.85246970436452 65.7189
17.875183204129467 67.4706
17.897721330097664 69.9294
17.920260154126645 72.4573
17.942799677153296 75.6423
17.9655159983646 78.6189
17.988056927677544 83.0618
18.010598558807683 89.3021
18.033140892692916 97.1777
18.05586005052525 105.595
18.07840379824407 115.48200000000001
18.10094825154059 127.051
18.12366954819864 137.565
18.146215420998306 142.158
18.16876200220057 137.997
18.191309292745153 125.846
18.214033452627167 111.902
18.236582170236648 97.8314
18.259131600016456 89.8031
18.281681742907335 87.535
18.304408781233683 89.6047
18.32696035875955 93.2228
18.349512652227624 97.7376
18.372065662579683 103.53299999999999
18.394795594587553 106.941
18.41735004715306 106.345
18.43990521943684 101.245
18.46246111238171 92.8315
18.485193953325208 82.5784
18.507751296070428 73.8844
18.530309362314178 68.706
18.552868153000343 65.5813
18.57560391815056 64.0356
18.59816416623245 63.3299
18.620725141597372 62.9124
18.643286845190268 62.22
18.666025549835414 61.9229
18.688588718427933 61.2368
18.711152618092243 61.0233
18.73389353884365 60.7922
18.75645890921984 60.2988
18.77902501351406 59.8016
18.801591852673102 60.0751
18.824335739722738 59.5829
18.846904057212626 59.6201
18.8694731124168 59.043
18.89204290628315 58.9305
18.914789774966803 58.721000000000004
18.937361054791623 58.4252
18.959933076131318 58.1348
18.982505839934877 58.303000000000004
19.00525570560582 58.4352
19.027829963004184 58.4739
19.05040496572238 58.5719
19.072980714710468 58.4138
19.095733592739563 58.635
19.11831084296757 58.8359
19.140888842324735 59.5647
19.16346759176222 59.6076
19.18622349753803 60.3554
19.208803755869358 61.0356
19.231384767143577 61.8815
19.253966532312948 63.0984
19.276725481241822 64.6147
19.29930876296784 66.4018
19.3218928014549 69.092
19.34465404436217 72.3827
19.36723960516257 75.5629
19.389825925592426 77.548
19.412413006605938 78.0089
19.43517731967805 75.6138
19.457765930683355 71.6224
19.48035530514408 66.541
19.50294544401556 62.1176
19.525712842708348 59.144
19.54830451925909 57.0377
19.570896963095727 55.7483
19.593490175174704 55.3303
19.616260674962184 55.0968
19.638855432416964 54.8645
19.661450960992624 54.9617
19.68404726164677 54.7214
19.706820878021247 54.5687
19.729418731756834 54.8319
19.752017360452857 54.4641
19.77461676506804 54.6772
19.797393513540218 54.6762
19.819994478951667 55.2535
19.84259622316767 55.9038
19.8651987471481 56.4129
19.887978643247177 56.4936
19.91058273574792 57.0282
19.933187610901943 57.4173
19.955969879466828 58.3752
19.97857632894404 59.3892
20.00118356396599 60.8288
20.023791585494575 62.5814
20.046577028914875 64.9119
20.069186632506966 66.9892
20.091797025500632 69.2308
20.114408208858933 70.8018
20.137196842715273 71.1951
20.159809615886765 70.4968
20.18242318232135 68.0119
20.20503754298326 65.8738
20.227829382875154 64.01100000000001
20.250445341109344 63.00899999999999
20.27306209647285 63.16
20.29567964993108 64.1961
20.31847471147704 64.9709
20.34109387027612 66.2727
20.363713830075454 66.9352
20.386334591841646 66.2822
20.409132890679302 64.1574
20.431755265564437 61.1292
20.454378445325528 58.0841
20.477002430930366 55.8248
20.499803982716553 54.1718
20.522429589228004 53.1684
20.54505600449589 52.59
20.567683229489194 52.4123
20.590488049900088 51.9494
20.61311690359731 51.6072
20.63574656993626 51.1746
20.658553853717297 50.9285
20.681185154618298 51.0273
20.703817271080066 50.8334
20.72645020407368 50.3176
20.749260783967177 50.1572
20.771895359337133 50.2435
20.794530754161617 50.1744
20.817166969412938 50.0572
20.83998086114876 49.8821
20.86261872660049 49.8029
20.885257415405402 49.8923
20.90789692853701 49.6973
20.930714147864748 49.52
20.953355319030678 49.5541
20.97599731745334 49.7849
20.99864014410749 49.5585
21.021460706796564 49.74100000000001
21.044105199328826 50.0064
21.06675052302631 50.1486
21.089396678865015 50.3829
21.112220600704806 50.5019
21.134868430275347 50.9038
21.15751709492456 51.0183
21.180166595629693 51.2369
21.202993892429635 51.7922
21.22564507473034 52.0714
21.24829709602816 52.4119
21.27112693608965 52.6396
21.293780644891275 52.9219
21.316435195634053 52.2901
21.339090589297417 51.5818
21.361923832041875 51.0706
21.384580921090404 50.3177
21.407238856007325 49.8426
21.429897637773326 49.5981
21.45273429906592 49.5696
21.475394784108598 49.4726
21.498056118951983 49.3914
21.520718304578022 49.5796
21.543558400304388 49.5647
21.566222297108816 49.9489
21.58888704765135 50.0492
21.61155265291521 50.2016
21.63439619898156 50.6401
21.657063523335786 51.0832
21.67973170537063 51.55
21.7024007460706 51.9436
21.72524775840385 52.5373
21.747918526116475 53.6302
21.770590155457388 54.5406
21.79326264741238 55.7887
21.816113141960237 57.7003
21.838787368860547 59.1564
21.861462461341976 60.7563
21.884315579735777 62.5409
21.90699241312273 64.2351
21.92967011506078 65.6918
21.95234868653799 66.0599
21.9752053151131 65.719
21.997885635446785 63.9611
22.020566828293532 62.0738
22.04324889464272 59.8432
22.066109049404666 58.011
22.088792872571794 57.2037
22.111477572219204 57.0073
22.1341631493376 57.1813
22.157026846313123 57.2031
22.179714188221507 57.0816
22.202402410582668 56.0569
22.22509151438863 54.7519
22.24795876962584 53.1848
22.270649646204486 52.1365
22.293341407213727 51.3504
22.316034053646906 50.8388
22.338904883215342 50.495
22.36159931041458 50.2498
22.38429462602756 50.2374
22.40699083104897 50.1403
22.429865251039757 50.1729
22.452563244831367 50.1437
22.47526213102522 50.1255
22.49813925616515 49.8606
22.520839937143307 49.7554
22.543541513520587 49.7533
22.56624398629403 49.6658
22.589124730075895 49.5155
22.611829005656723 49.7186
22.63453418063466 49.6865
22.657240256008077 49.9209
22.680124634582935 50.1445
22.70283252079775 50.5262
22.725541310413075 50.6623
22.74825100442868 50.8003
22.771139033969575 51.2153
22.79385054687155 51.3609
22.81656296718292 52.1523
22.83927629590484 52.6064
22.862167992606945 53.3903
22.88488314827121 54.2988
22.907599215359284 55.2824
22.93031619487366 56.2625
22.953211574954405 57.4441
22.975930389478226 58.3959
22.998650119445763 59.0835
23.02137076586092 59.0411
23.044269845560063 58.0415
23.06699233506288 56.4506
23.089715744034912 54.5977
23.112617610931565 52.8198
23.135342869061212 51.4552
23.158069049684816 50.7313
23.1807961538087 50.2173
23.20370174880544 50.0191
23.226430710184808 50.1793
23.249160598093425 50.144
23.271891413539002 50.053999999999995
23.294800752937697 49.9637
23.31753343374794 50.1518
23.340267045128353 50.1488
23.36300158808808 50.5363
23.38591468821339 50.7013
23.408651104658304 51.2828
23.431388455719986 51.6627
23.454126742409 52.3881
23.4770436196085 53.2545
23.499783787914662 54.0866
23.522524894889884 54.9271
23.54526694154616 55.8637
23.56818761219047 57.1661
23.59093154860734 58.2161
23.613676427751283 58.9746
23.636422250635754 58.7698
23.659346731118656 57.6627
23.68209445191868 56.0401
23.704843119509587 53.7525
23.72759273490623 51.5966
23.750521041644767 50.0654
23.77327256312355 48.7214
23.796025035462787 47.8279
23.818956224555475 47.2042
23.841710609113413 47.2472
23.86446594758979 47.0015
23.887222241002014 46.5575
23.910157285144578 46.2512
23.932915498962537 46.4336
23.955674670778713 46.2219
23.978434801611975 45.8305
24.001373717286125 45.7078
24.024135776723917 45.6972
24.046898798245582 45.5494
24.06966278287146 45.5759
24.092605586582614 45.361999999999995
24.115371508023642 45.178000000000004
24.1381383956401 45.1382
24.16090625045381 45.0675
24.183852958731244 45.0512
24.206622758582608 44.9292
24.229393528706886 44.7029
24.252165270127392 44.6473
24.27511589952438 44.6807
24.297889594216997 44.5641
24.32066426328598 44.3901
24.34343990775613 44.3768
24.36639447485003 44.3642
24.38917208083877 44.1919
24.41195066531332 44.0391
24.43490819850244 44.1923
24.457688750692377 43.9047
24.48047028445616 43.813
24.503252800821233 43.9618
24.526214300784112 44.0293
24.548998793132213 44.0246
24.57178427117417 43.9187
24.59457073593893 43.988
24.617536219319863 44.0409
24.64032466834748 43.8821
24.663114107195035 43.8388
24.685904536893013 43.6086
24.708874020360852 43.6882
24.731666442613744 43.5308
24.754459858818787 43.4247
24.777254270007962 43.3982
24.80022777025625 43.233000000000004
24.82302418230472 43.1429
24.845821592443674 43.2557
24.86862000170663 43.1738
24.891597535453727 43.1629
24.914397953892728 43.4136
24.93719937456671 43.1347
24.96000179851076 43.2021
24.98298338249997 43.4294
25.00578782394922 43.6763
25.028593271784167 43.7841
25.05157790644186 44.0734
25.07438537804115 44.0957
25.097193859145293 44.36600000000001
25.120003350792075 44.4684
25.142992065061257 44.9611
25.165803588823465 45.1653
25.18861612625217 45.407
25.211429678386736 45.4797
25.234422489079968 45.6558
25.257238081693636 45.7021
25.280054692141732 45.608999999999995
25.3028723214652 45.5798
25.325869245420463 45.6342
25.348688923599397 45.7458
25.371509623787006 45.9282
25.394331347025812 45.7095
25.41733240110666 45.4828
25.440156181590016 44.8056
25.46298098826268 44.3688
25.48580682216873 43.6512
25.50881202326435 43.1873
25.53163992281684 42.5847
25.55446885274561 42.2061
25.577298814096377 41.9813
25.600308179121807 41.8608
25.623140214533745 41.7315
25.64597328451537 41.6181
25.66898578564376 41.4319
25.691820936010206 41.452
25.714657124097695 41.4437
25.737494350954734 41.5299
25.760511045684957 41.4109
25.783350361364224 41.4014
25.806190718969255 41.5779
25.82903211955018 41.6001
25.852053024868923 41.5813
25.874896522722523 41.5387
25.897741066713106 41.4368
25.920586657892454 41.6093
25.943611790812668 41.7245
25.966459487728237 41.7629
25.989308234998564 41.7735
26.01215803367705 42.0262
26.03518741123814 42.1618
26.05803932412957 42.4055
26.080892291600094 42.3789
26.10374631470478 42.5044
26.12677995397268 42.6475
26.14963609978026 42.8093
26.172493304397875 42.5344
26.19535156888223 42.3355
26.218389486949604 41.9548
26.241249882640123 41.617
26.26411134137826 41.3748
26.28715248187403 41.2629
26.31001607820869 41.0921
26.3328807407756 40.9166
26.35574647063438 41.0966
26.37879191991473 40.9365
26.401659795896734 40.9801
26.424528742360263 41.2169
26.447398760366614 41.327
26.470448535598294 41.3658
26.49332070826805 41.5707
26.516193955675355 41.7206
26.53906827888316 41.8837
26.562122397260108 42.0853
26.584998883685063 42.5006
26.607876449110325 42.5627
26.63075509460056 42.6928
26.65381357334404 42.9181
26.67669439061878 43.011
26.699576291163382 43.0319
26.722459276044212 43.0546
26.745522132402975 42.8953
26.768407297649354 42.5775
26.791293550442003 42.1978
26.814180891848974 41.8887
26.837248143099337 41.4711
26.860137673466657 41.373000000000005
26.88302829566349 41.3422
26.90592001075963 41.0348
26.92899167420566 40.8637
26.951885586870763 40.574
26.974780595655517 40.3034
26.99785558178161 40.2353
27.020752794605112 39.9425
27.043651106772522 39.7446
27.06655051935668 39.7026
27.089629948036183 39.7139
27.112531573292053 39.6033
27.135434302194138 39.6064
27.158338135817015 39.4154
27.181422024430987 39.5463
27.204328079372566 39.3939
27.22723524226965 39.4537
27.250143514198573 39.505
27.273231880156334 39.5295
27.296142382065014 39.3213
27.319053996245536 39.3009
27.341966723775965 39.2122
27.365059584515222 39.3176
27.38797455070062 39.359
27.410890633481237 39.1875
27.433807833936918 39.0964
27.456905206923906 39.1886
27.47982465472398 39.1752
27.502745223449743 39.288000000000004
27.525666914182825 39.48
27.548768816912457 39.446
27.571692763693633 39.4196
27.59461783573812 39.1249
27.617723149491244 39.2335
27.640650484125285 39.1671
27.66357894728264 39.0309
27.686508540048052 38.9699
27.709618414237887 38.8217
27.732550278321757 38.6895
27.755483275279115 38.6888
27.778417406196485 38.6489
27.801531858397514 38.5792
27.824468269376716 38.6191
27.847405817586786 38.6836
27.870344504116094 38.7347
27.893463551932008 38.8717
27.916404527281053 39.0973
27.93934664422563 39.0775
27.962289903855886 39.1008
27.98541356491974 39.2544
28.00835912214229 39.4049
28.03130582533231 39.6361
28.054253675581805 39.8666
28.077381967556104 39.7351
28.100332124185126 39.864000000000004
28.123283431160893 39.6894
28.146235889577238 39.5629
28.169368830154156 39.5715
28.192323603752033 39.3419
28.215279532083304 39.0506
28.238415973016764 38.9704
28.261374223145094 38.7374
28.284333631303806 38.6131
28.307294198589954 38.5252
28.330435319167677 38.1213
28.353398217078915 37.935
28.376362277420153 37.6178
28.39932750129032 37.4286
28.422473319286713 37.3202
28.44544088262495 37.286
28.468409612800283 37.1455
28.491379510913497 36.8909
28.51453004413313 36.8316
28.53750229057244 36.7159
28.56047570826344 36.6825
28.583450298308804 36.7881
28.606605564586562 36.482
28.629582511831156 36.4505
28.65256063474956 36.3897
28.675539934446338 36.523
28.698699951647605 36.4595
28.72168161743193 36.3696
28.74466446331978 36.2865
28.767648490417624 36.2336
28.790813276438353 36.1803
28.813799678527303 36.3261
28.836787265157085 36.33
28.859955641890075 36.2748
28.882945610203045 36.1833
28.905936766392035 36.0841
28.928929111566863 36.1316
28.952102288520145 36.0479
28.975097024308607 35.9182
28.998092952423807 35.8334
29.021090073977508 35.8562
29.04426806913204 35.7027
29.067267590245258 35.5126
29.090268308143695 35.4151
29.11327022394099 35.3982
29.13645305530891 35.2565
29.159457379627167 35.1956
29.18246290519685 35.0933
29.20546963313352 35.0946
29.22865731875826 35.1454
29.25166646419296 34.9792
29.27467681535305 34.8543
29.29768837335608 35.1242
29.320880931312562 35.1324
29.34389491580634 34.9869
29.366910110507334 35.0116
29.38992651653503 35.0335
29.41312396492981 35.0408
29.436142806456754 34.9146
29.45916286268059 34.9071
29.48236399319994 34.7737
29.50538649169417 34.6474
29.528410208259935 34.5347
29.55143514402014 34.3261
29.574641196749695 34.1959
29.597668583816574 34.0618
29.6206971934585 33.9402
29.64372702680042 33.903
29.666938019934474 33.8621
29.689970313635285 33.7379
29.713003834422636 33.6816
29.73603858342347 33.7803
29.759254535188578 33.7075
29.78229175361658 33.5863
29.80533020365064 33.6655
29.82836988641968 33.6954
29.85159081507472 33.6049
29.874632976355343 33.4733
29.89767637376955 33.6559
29.920721008448314 33.3698
29.9439469322847 33.3707
29.96699405457564 33.429
29.9900424175358 33.3553
30.013092022298157 33.2312
30.03632295963995 33.2193
30.059375061131373 33.2403
30.08242840783577 33.1949
30.105483000888153 33.1615
30.128718970092244 33.1527
30.151776069006917 33.1119
30.17483441768648 33.2473
30.198074175317235 33.1164
30.221135036724256 33.1872
30.24419715131772 33.1086
30.267260520236203 33.0762
30.290505341942243 33.0866
30.313571232750228 33.083
30.336638381310948 33.0968
30.35970678876503 33.0951
30.38295669299435 32.8785
30.40602763151657 33.0254
30.429099832366074 32.8148
30.452173296685572 32.7939
30.47542830191959 32.8872
30.498504306502497 32.6544
30.521581577995562 32.8282
30.544660117543582 32.8205
30.56792024229725 32.9039
30.59100133132069 32.8204
30.614083691845494 32.8881
30.637167325018545 32.7662
30.660432587840603 32.9231
30.683518779717886 32.7512
30.70660624769615 32.9792
30.729694992924372 32.921
30.75296541239743 32.9203
30.77605672557558 32.9236
30.799149319462742 32.8721
30.8224236211637 32.745
30.845518789950724 32.6869
30.868615242910597 32.6181
30.891712981195973 32.4958
30.91499247215866 32.4102
30.938092794619365 32.3257
30.96119440587579 32.2512
30.984297307082752 32.1853
31.00758200598383 32.0953
31.030687500658694 32.0152
31.053794288760695 31.9428
31.076902371446767 31.8843
31.100192296997445 31.8747
31.12330298246119 31.8241
31.14641496599209 31.685
31.169528248749216 31.7057
31.19282341969534 31.6982
31.215939314557186 31.6707
31.239056512134788 31.6126
31.262175013589378 31.5449
31.28547544871168 31.5427
31.30859657161541 31.5443
31.331719001892175 31.6065
31.35484274070538 31.5571
31.378148458819545 31.5301
31.401274828443725 31.4901
31.424402510106933 31.5233
31.447712205419993 31.689
31.470842524931633 31.5022
31.493974159989783 31.5464
31.51710711176168 31.6156
31.54042212308802 31.5281
31.563557722100917 31.4363
31.586694641341655 31.3539
31.609832881979628 31.2689
31.63315322823208 31.2528
31.656294125521327 31.0742
31.679436347728515 31.0565
31.70257989602529 30.9257
31.725905596152327 30.874000000000002
31.74905181052835 30.8334
31.772199354521323 30.8669
31.79534822930507 30.7797
31.818679302290967 30.8444
31.84183085259981 30.7322
31.864983737233473 30.7583
31.88813795736804 30.8662
31.911474422233013 30.6947
31.934631327356435 30.7476
31.9577895715215 30.8122
31.980949155906522 30.7603
32.004291031706956 30.7425
32.027453310562606 30.6579
32.05061693318573 30.5358
32.07396288236386 30.4926
32.09712920658542 30.4178
32.12029687812702 30.2981
32.14346589817093 30.2056
32.166817291729984 30.2221
32.18998902288583 30.1994
32.21316210610336 30.0287
32.23633654256711 29.9647
32.259693399663725 30.0594
32.282870556771144 29.9132
32.30604907069099 29.8805
32.329228942610065 29.7855
32.35259128243769 29.6066
32.375773884550505 29.6105
32.398957848235646 29.5491
32.422143174682176 29.5487
32.445511016471215 29.4842
32.468699082679954 29.3811
32.49188851523011 29.3396
32.51507931531304 29.3671
32.538452678331 29.3271
32.56164622776311 29.2294
32.58484114831493 29.1292
32.60803744118015 29.1835
32.631416344731896 29.2345
32.654615396551876 29.0933
32.67781582427913 29.0802
32.701198898634416 28.9873
32.72440209253756 28.8939
32.747606665947124 28.8064
32.77081262006088 28.8068
32.79420126883317 28.8358
32.81740999876112 28.7132
32.840620112999424 28.6694
32.86383161274818 28.6099
32.88722585534586 28.7059
32.91044014056596 28.6835
32.933655814909734 28.5881
32.95687287957963 28.6422
32.98027273544904 28.6005
33.00349259526636 28.5005
33.026713849030116 28.4936
33.04993649794511 28.4713
33.073341986570746 28.4391
33.09656744032826 28.3873
33.11979429286444 28.4038
33.14302254538647 28.3531
33.166433686291185 28.4245
33.18966475336992 28.3125
33.212897224069096 28.2472
33.23613109959831 28.3039
33.259547912343415 28.1685
33.2827846121627 28.2077
33.306022720453775 28.0587
33.32926223842861 28.1147
33.352684742614166 28.1514
33.37592709463173 28.0514
33.399170859982064 27.9916
33.422597648419426 27.8566
33.44584425514446 27.8295
33.46909227885668 27.7614
33.4923417207723 27.658
33.51577423505344 27.634
33.539026528130385 27.5777
33.56228024307245 27.543000000000003
33.585535381098246 27.4116
33.60897364093058 27.2997
33.63223163992385 27.3723
33.6554910656699 27.2742
33.678751919389796 27.3077
33.702195944520106 27.2132
33.72545966903325 27.2297
33.74872482519663 27.1566
33.771991414233746 27.0529
33.79544122444841 27.1131
33.81871069412428 27.025
33.84198160035767 26.9844
33.86525394437455 27.0401
33.88870955949969 26.9293
33.911984794020626 26.8481
33.93526147001624 26.8535
33.958539588715006 26.7962
33.98200102861669 26.7332
34.0052820477047 26.7029
34.02856451319451 26.6442
34.05203033759056 26.6429
34.07531571090147 26.6569
34.09860253431845 26.5508
34.121890809074316 26.5276
34.145362493118924 26.5158
34.16865368561615 26.469
34.191946333164054 26.3329
34.21524043699793 26.3052
34.23871800066799 26.3596
34.26201503218366 26.2644
34.28531352370466 26.193
34.30861347646881 26.0903
34.33209693978188 26.0426
34.3553998301885 26.1737
34.378704185565205 26.0525
34.402010007152356 25.9505
34.42549939016683 25.9697
34.44880815937748 25.9124
34.472118398533134 25.8668
34.49543010887669 25.8163
34.51892543169198 25.7146
34.54224009966052 25.7155
34.56555624255917 25.7335
34.58887386163339 25.6225
34.61237514439016 25.6569
34.6356957311114 25.6507
34.65901779775809 25.5665
34.68252356662995 25.5196
34.705848608458616 25.5144
34.72917513396849 25.4548
34.75250314440949 25.425
34.77601490857862 25.2638
34.799345904259795 25.2429
34.82267838863559 25.206999999999997
34.846012362958525 25.2491
34.869530142679984 25.2064
34.89286711232212 25.178
34.91620557568269 25.0938
34.93954553401677 25.0808
34.9630693495876 25.0964
34.986412313340814 25.1074
35.00975677584668 25.0715
35.033102738362956 24.9768
35.05663261012228 24.8879
35.0799815881786 24.8975
35.10333207003229 24.8045
35.12668405694369 24.8617
35.150220005273056 24.8521
35.17357501786656 24.7836
35.19693153931268 24.754
35.220289570874385 24.6508
35.24383161619786 24.7349
35.267192683604904 24.7546
35.290555264930376 24.6837
35.314101899412165 24.5868
35.33746752422433 24.511
35.36083466676374 24.5622
35.38420332829803 24.4903
35.407756095629054 24.5396
35.43112781085063 24.4961
35.45450104888391 24.4618
35.477875810999194 24.4769
35.50143473172161 24.4116
35.52481255774625 24.4537
35.54819191167777 24.39
35.57157279478914 24.3493
35.595137889488406 24.3041
35.61852184675279 24.3169
35.641907337029984 24.1966
35.665294361595684 24.1199
35.68886565090076 24.0539
35.7122557598848 24.1384
35.73564740699838 24.0492
35.759040593519934 24.0027
35.78261809810353 23.9927
35.80601437933051 23.91
35.829412203814705 23.861
35.85281157283719 23.7677
35.876395313415884 23.7768
35.8997977874528 23.7236
35.92320180988546 23.7169
35.946790244133936 23.644000000000002
35.97019737933222 23.6003
35.993606066789866 23.6041
36.01701630779276 23.6557
36.04061101440684 23.583000000000002
36.06402437852291 23.5222
36.08743930005611 23.4811
36.1108557802951 23.4357
36.13445678011326 23.4477
36.15787639383515 23.3703
36.18129757014299 23.316
36.20472031032821 23.2696
36.22832762423364 23.2283
36.25175350829375 23.2782
36.275180960119776 23.1935
36.298609981005924 23.191999999999997
36.32222362992669 23.1838
36.34565580510207 23.1361
36.36908955323448 23.059
36.39252487562093 22.9517
36.416144880530226 22.9618
36.43958336764275 22.9192
36.463023432914625 22.974
36.486465077645676 22.8251
36.51009145956204 22.8803
36.53353627947859 22.9152
36.55698268276811 22.8375
36.58043067073321 22.7907
36.60406345072071 22.6879
36.62751462435344 22.7081
36.65096738658405 22.669
36.67460498210655 22.6855
36.69806093788647 22.6282
36.72151848619297 22.578000000000003
36.744977628333636 22.6018
36.76862165890998 22.5547
36.79208400512205 22.5181
36.81554794910557 22.4362
36.83901349217101 22.3137
36.862663978991606 22.3506
36.88613273667352 22.3042
36.90960309738324 22.3222
36.933075062434064 22.2732
36.95673202673572 22.2464
36.98020721697122 22.1704
37.003684015502365 22.1287
37.027162423645365 22.1326
37.050825886711465 22.0659
37.07430753063053 21.9897
37.09779078812467 21.9936
37.121275660513014 21.9441
37.144945643673694 21.985
37.16843376245278 21.9603
37.19192350009803 21.8869
37.215414857931435 21.8889
37.239091382563885 21.7826
37.262585997426164 21.713
37.28608223645736 21.7766
37.309763684451696 21.685
37.33326318851098 21.7115
37.356764320726555 21.5629
37.380267082425526 21.526
37.40395510942588 21.5272
37.42746114683234 21.5197
37.45096881771841 21.4737
37.474478123414166 21.5157
37.49817275092816 21.3998
37.52168534303452 21.3878
37.54519957395567 21.3424
37.568715445024665 21.3256
37.592416694607714 21.2414
37.61593586281424 21.3211
37.63945667518264 21.3213
37.66297913304891 21.2033
37.68668702630454 21.2157
37.710212792059274 21.1002
37.733740207334854 21.0558
37.757269273470364 21.0653
37.780983832050374 21.0327
37.80451621684926 21.0634
37.82805025654007 20.9906
37.851585952464795 20.941999999999997
37.8753071980695 20.8724
37.89884622345676 20.8063
37.92238690911902 20.8292
37.94611318753442 20.7811
37.969657210779765 20.7287
37.99320289834801 20.7645
38.016750251586465 20.7058
38.04048325513017 20.666
38.06403395679343 20.6262
38.087586328183946 20.4937
38.11114037065203 20.5605
38.13488012115898 20.5821
38.1584375229181 20.4862
38.181996599821 20.3813
38.205557353221124 20.4273
38.229303872575656 20.338
38.2528679961576 20.3648
38.27643380031219 20.3328
38.30000128639589 20.3048
38.32375459653193 20.2758
38.34732546371299 20.2896
38.37089801690786 20.151
38.39447225747609 20.1421
38.418232380377425 20.1626
38.441810012983396 20.1406
38.46538933705673 20.0836
38.488970353960084 20.0918
38.51273731166058 20.035
38.536321731567014 19.9197
38.55990784840681 19.932000000000002
38.58367995004091 19.8691
38.60726947812959 19.8693
38.63086070726198 19.8344
38.654453638806274 19.8561
38.678232613930824 19.7602
38.70182896773327 19.7553
38.72542702806741 19.6817
38.7490267963045 19.6579
38.77281266709232 19.6837
38.79641586862214 19.6611
38.8200207821842 19.6169
38.843627409152944 19.6228
38.86742019782782 19.5862
38.891030269149255 19.5178
38.914642058016156 19.4443
38.938255565806124 19.4507
38.96205529464307 19.4703
38.98567225787121 19.3986
39.00929094417078 19.3843
39.03291135492255 19.3349
39.05671804624804 19.2315
39.080341923549106 19.2124
39.103967529460334 19.2782
39.127594865365744 19.1847
39.15140854155791 19.1218
39.17503935514948 19.109
39.19867190290282 19.1286
39.22249083587951 19.1332
39.24612686969409 19.0833
39.269764641845306 19.0319
39.293404153722804 18.9767
39.317230110864074 18.852
39.34087311998506 18.926
39.36451787301696 18.9051
39.388164371352595 18.8544
39.41199737518003 18.8365
39.43564738196752 18.8401
39.45929913825317 18.7845
39.48295264543308 18.7861
39.506792718520884 18.6659
39.530449745387216 18.7173
39.55410852735203 18.6092
39.57776906581474 18.6541
39.60161623079 18.5963
39.625280300200025 18.5165
39.64894613032202 18.4811
39.67261372255866 18.4949
39.6964680021016 18.5485
39.72013913657293 18.5421
39.74381203738292 18.4591
39.76748670593756 18.425
39.79134812278169 18.3865
39.81502634488497 18.3568
39.83870633896685 18.3217
39.862388106436654 18.3082
39.88625668336918 18.241
39.90994201572829 18.2716
39.933629125719285 18.2325
39.957503091207826 18.1429
39.9811937746168 18.2032
40.00488623990914 18.1455
40.02858048850006 18.111
40.05246165409549 18.0455
40.076159487492085 17.9613
40.099859108448875 18.0595
40.123560518384345 17.9692
40.1474489070226 17.9619
40.171153913178564 17.8489
40.194860712584955 17.91
40.2185693066637 17.8958
40.242464941335314 17.8538
40.26617714307655 17.7782
40.289891143772046 17.7537
40.3136069448471 17.7356
40.33750984859743 17.7309
40.3612292688043 17.6372
40.3849504936829 17.6452
40.40867352466194 17.6494
40.43258372059144 17.5894
40.45631038219906 17.5945
40.48003885420956 17.5476
40.503769138055105 17.4793
40.52768664931955 17.4502
40.55142057531802 17.5107
40.57515631746428 17.4112
40.599079334038514 17.4112
40.62281872700477 17.3799
40.64655994043941 17.3696
40.67030297578061 17.326
40.69423334835778 17.2972
40.71798004609188 17.2451
40.74172857006355 17.2413
40.76547892171441 17.2364
40.7894166736039 17.2096
40.813170699248566 17.1048
40.83692655691388 17.0552
40.86068424804498 17.1657
40.884629402612525 17.094
40.908390779366385 17.0476
40.932153993938 17.0145
40.95591904777605 16.9787
40.979871628443995 16.9903
41.003640379561936 17.0179
41.02741097430883 16.968
41.05118341413683 16.9005
41.075143444384416 16.9096
41.098919593177826 16.8778
41.1226975914255 16.8223
41.14647744058318 16.7974
41.170444943946755 16.7569
41.19422851378379 16.7176
41.218013938914645 16.6783
41.24198706625173 16.6462
41.26577622087193 16.58
41.289567235177785 16.553
41.31336011063129 16.6031
41.337340752422875 16.4846
41.361137369129835 16.5313
41.38493585138705 16.503
41.40873620066004 16.4297
41.43272438060107 16.397000000000002
41.45652848292052 16.4192
41.48033445666918 16.3181
41.50414230331616 16.3573
41.528138045159764 16.3714
41.551949656675205 16.2453
41.575763145513235 16.2251
41.59957851314666 16.2365
41.62358184070442 16.2053
41.64740098505737 16.1965
41.6712220126409 16.1584
41.69504492493139 16.1476
41.71905586207357 16.0811
41.74288256296395 16.0844
41.766711153007456 16.0083
41.79054163368412 16.0392
41.814560204340054 16.0236
41.838394485526365 16.0427
41.86223066180303 16.0038
41.88625497706819 15.9565
41.910094962812 15.9513
41.93393684811168 15.9121
41.95778063445365 15.8227
41.981812625263366 15.8235
42.00566023303407 15.8027
42.029509746323676 15.7494
42.05336116662236 15.7737
42.077400857069705 15.7636
42.10125611078846 15.703
42.12511327600405 15.6328
42.14897235421036 15.5958
42.173019768448455 15.6008
42.19688269209613 15.5588
42.22074753323349 15.4717
42.24461429335818 15.4661
42.268669455600495 15.5115
42.292540073217886 15.525
42.31641261433284 15.460999999999999
42.34028708044675 15.3677
42.36435001496739 15.3314
42.38822835065557 15.3529
42.41210861586426 15.3373
42.4359908120986 15.3059
42.46006154323262 15.2995
42.48394762115317 15.2212
42.507835634632315 15.3015
42.531912233047436 15.2433
42.55580413732265 15.1682
42.579697981698 15.1575
42.60359376768525 15.0589
42.62767820545945 15.110999999999999
42.65157789440821 15.0747
42.67547952952185 15.0651
42.699383112316 15.0887
42.72347541395347 14.9637
42.74738291190531 14.9478
42.771292362102166 14.9531
42.795203766063516 14.950999999999999
42.819303956130405 14.9238
42.843219287476536 14.9285
42.86713657716324 14.8458
42.89105582671383 14.8905
42.91516392983864 14.8014
42.939087119032166 14.7735
42.963012272677304 14.737
42.98693939230129 14.7301
43.01105543317513 14.7088
43.034986504731386 14.6527
43.05891954686589 14.6186
43.08285456110972 14.6258
43.10697856448665 14.6013
43.130917542983475 14.5158
43.15485849820081 14.5502
43.17880143167367 14.5193
43.20293342237094 14.4894
43.226880332449 14.4909
43.25082922540554 14.492
43.27496722682525 14.4386
43.29892010567796 14.4071
43.32287497204102 14.3727
43.34683182745632 14.2926
43.370977859791836 14.3531
43.39493871351105 14.3367
43.41890156092628 14.3038
43.44286640358341 14.2011
43.46702049182749 14.1803
43.49098934522816 14.192
43.51496019852649 14.1943
43.5389330532723 14.1971
43.56309522248204 14.1538
43.58707210044314 14.155999999999999
43.61105098451946 14.0318
43.63503187626491 14.0535
43.659202151562134 14.0557
43.68318707902681 14.0413
43.70717401884041 13.9542
43.731162972560874 13.9078
43.75534137913236 13.8943
43.779334381108384 13.8882
43.803329401683186 13.8675
43.82732644241872 13.9085
43.8515130055166 13.8416
43.87551410707659 13.8021
43.89951723350145 13.8131
43.923709934595614 13.7354
43.94771713129917 13.7714
43.97172635758096 13.6847
43.99573761501002 13.657
44.0199385169922 13.6462
44.04395385732619 13.6593
44.067971233533086 13.6541
44.09199064718605 13.6064
44.11619977548961 13.6024
44.14022328470671 13.5388
44.16424883610785 13.5321
44.18827643127035 13.5506
44.21249381139513 13.4983
44.236525514814076 13.4543
44.26055926674478 13.4515
44.28459506876863 13.4527
44.3088207262813 13.3974
44.33286064928722 13.3859
44.35690262714919 13.3842
44.38094666145278 13.3422
44.4051806219871 13.3422
44.42922879003185 13.2984
44.45327901929361 13.2691
44.477331311362136 13.2591
44.501573600619416 13.2157
44.525630039221795 13.2078
44.54968854541895 13.1821
44.573937102200176 13.162
44.5979997645541 13.114
44.622064499300315 13.048
44.64613130803592 13.1088
44.67038823869318 13.0898
44.69445921643748 13.0069
44.718532272981385 13.0
44.742607409926194 12.9645
44.76687274034801 12.9694
44.79095205918753 12.9311
44.81503346325094 12.9573
44.839116954143876 12.8861
44.86339071028742 12.8313
44.88747839599524 12.8408
44.91156817336837 12.8101
44.93566004401666 12.8539
44.959942251908146 12.7804
44.984038330325966 12.7408
45.00813650686762 12.7367
45.03223678314731 12.7036
45.05652746888232 12.6407
45.08063196592069 12.627
45.104738567558705 12.6728
45.128847275414856 12.6244
45.15314646515866 12.5907
45.17725940679741 12.5925
45.20137445952892 12.5348
45.22568004865265 12.5467
45.24979934496396 12.5429
45.27392075725247 12.5142
45.29804428714431 12.5005
45.322358426247604 12.4534
45.346486212804315 12.4383
45.370616121861914 12.4173
45.39474815505086 12.38
45.41907087049246 12.3126
45.4432071734666 12.3055
45.46734560548283 12.3401
45.49148616817604 12.3568
45.51581748638564 12.2597
45.5399623320197 12.1772
45.56410931325473 12.2349
45.58825843173002 12.2712
45.61259837920865 12.1757
45.636751793816 12.1547
45.66090735060093 12.1517
45.68506505120716 12.0908
45.7094136545275 12.0605
45.73357566449271 12.0812
45.75773982322992 12.044
45.78190613238733 12.036
45.806263418194064 11.948
45.83043404997326 11.9706
45.85460683713677 11.9658
45.87897065658495 11.9731
45.90314777634752 11.8846
45.92732705646868 11.8827
45.9515084986045 11.8808
45.97588104735473 11.8484
46.00006683541565 11.7849
46.02425479047904 11.8237
46.04844491420549 11.794
46.0728262191024 11.7617
46.09702070211635 11.7584
46.12121735879483 11.7694
46.14541619080294 11.7388
46.169806278764455 11.6991
46.194009483459034 11.6694
46.21821486849841 11.6526
46.24242243555223 11.6402
46.266821333570014 11.6203
46.29103328674601 11.5757
46.31524742696538 11.5595
46.33946375590237 11.5108
46.36387149104216 11.5028
46.38809221957392 11.5056
46.41231514186606 11.4588
46.436540259597464 11.4707
46.460956858999374 11.4677
46.48518638983522 11.4271
46.509418121166966 11.395
46.533652054678114 11.3708
46.55807754555709 11.3259
46.58231590571962 11.3678
46.60655647313217 11.3257
46.630988654873654 11.2446
46.655233659129024 11.2429
46.67948087571551 11.235
46.70373030632484 11.196
46.72817142736393 11.2016
46.752425308428684 11.2041
46.77668140861147 11.2082
46.80093972960865 11.1543
46.82538981736788 11.118
46.849652602470904 11.0944
46.87391761349769 11.0524
46.8981848521493 11.0749
46.9226439341274 11.0376
46.946915650573224 11.0113
46.97118959976749 10.9438
46.99546578341598 10.957
47.019933887188216 10.9782
47.04421456235744 10.9142
47.06849747711879 10.9006
47.09278263318286 10.8888
47.11725978640143 10.8909
47.14154944775105 10.8598
47.165841355555656 10.8023
47.1901355115306 10.8116
47.214621741924994 10.7961
47.23892041698887 10.7844
47.26322134538975 10.7298
47.28771440635075 10.7394
47.31201986422527 10.6765
47.33632758061436 10.6699
47.360637557241866 10.6659
47.38513974410611 10.6776
47.40945426407847 10.6461
47.43377104948137 10.6329
47.45809010204344 10.5888
47.48260144275502 10.5632
47.506925052572285 10.5665
47.53125093475548 10.5119
47.55557909103813 10.5263
47.58009961361992 10.4705
47.60443234110732 10.4576
47.62876734791564 10.4689
47.65310463578333 10.4451
47.6776343683373 10.3999
47.7019762413987 10.3668
47.72632040075572 10.3792
47.75066684815169 10.3515
47.77520581885936 10.3225
47.799556865477655 10.3319
47.823910205386 10.2745
47.84826584033272 10.3032
47.87281407745551 10.2647
47.89717432569297 10.2865
47.92153687423484 10.2651
47.94609208429692 10.1966
47.97045925671401 10.1966
47.99482873471275 10.132
48.01920052005013 10.165
48.04376504619224 10.1729
48.068141469543484 10.138
48.09252020552573 10.1202
48.11690125590099 10.0827
48.1414751266064 10.0943
48.16586082917454 10.0431
48.19024885144316 10.0489
48.2146391951793 10.041
48.239222439012764 10.0156
48.26361744916137 9.96231
48.28801478610016 9.973410000000001
48.31241445160131 9.94765
48.337007097209366 9.94231
48.36141144338331 9.90663
48.38581812345755 9.86743
48.41022713920929 9.86848
48.434829215320704 9.86797
48.45924292604658 9.84297
48.48365897780325 9.833919999999999
48.50807737237308 9.79075
48.532688907799276 9.75653
48.55711201168574 9.756210000000001
48.581537463754074 9.787510000000001
48.60615611725119 9.766639999999999
48.63058628942721 9.72532
48.65501881516546 9.672939999999999
48.6794536962573 9.69126
48.70408185970339 9.65547
48.72852147531801 9.61975
48.75296345168211 9.58265
48.77740779059232 9.64223
48.80204549302823 9.61375
48.82649458091802 9.60542
48.85094603676547 9.55498
48.87539986237231 9.52148
48.90004713292306 9.54085
48.92450572200832 9.50508
48.94896668628025 9.49535
48.97343002754588 9.47617
48.99808689542115 9.43235
49.02255501470614 9.45122
49.04702551642794 9.404710000000001
49.0714984023988 9.38684
49.096164896893235 9.360489999999999
49.120642575466796 9.36244
49.145122643748394 9.33485
49.16960510355558 9.324160000000001
49.19428125404938 9.3278
49.2187685210852 9.27416
49.243258185121555 9.28903
49.26794160167084 9.23024
49.2924360839405 9.22268
49.31693296869764 9.23099
49.34143225776915 9.23344
49.36612538195438 9.14738
49.39062950396021 9.15925
49.41513603578346 9.14145
49.4396449792564 9.09634
49.46434784069503 9.12902
49.488861631846454 9.100810000000001
49.513377840166804 9.05825
49.537896467493745 9.00108
49.56260909589029 9.00221
49.587132585683285 9.02535
49.611658500018365 9.00394
49.636186840738596 9.00911
49.66090926588511 8.96947
49.685442483902584 8.93118
49.70997813385706 8.91939
49.734516217597076 8.90192
49.75924846937352 8.91421
49.7837914452858 8.90525
49.80833686055187 8.852730000000001
49.83288471702571 8.843060000000001
49.85762682540054 8.88674
49.882179588965734 8.815430000000001
49.9067347993235 8.77539
49.93129245833333 8.76861
49.95604445336378 8.75623
49.98060703442832 8.744439999999999
50.005172069746266 8.72613
50.02993150438364 8.74745
50.05450147301533 8.720419999999999
50.07907390151433 8.70929
50.10364879174981 8.67919
50.12841816587289 8.675410000000001
50.1529980044635 8.64893
50.17758031042124 8.604510000000001
50.20216508562089 8.617980000000001
50.22694442953363 8.59401
50.25153416817468 8.59652
50.27612638170508 8.5802
50.300721072005196 8.54849
50.325510416102105 8.50259
50.350110084975064 8.4819
50.37471223628208 8.494069999999999
50.39931687190919 8.49122
50.424116246675766 8.42952
50.44872587605249 8.42734
50.47333799543065 8.40156
50.49795260670191 8.37841
50.52276204271512 8.38868
50.54738166295838 8.35106
50.57200378079314 8.36149
50.596628398116835 8.32836
50.62144792604559 8.336039999999999
50.646077567609396 8.31108
50.670709714377715 8.29027
50.69553683636198 8.28186
50.72017401885922 8.24135
50.7448137122895 8.2524
50.76945591856022 8.21775
50.79429318636823 8.20077
50.818940443716784 8.18005
50.84359021965163 8.16607
50.868242516085964 8.16879
50.893089960641895 8.13942
50.917747323549435 8.11946
50.94240721271973 8.12326
50.96706963007175 8.09583
50.99192728239342 8.088239999999999
51.01659478166073 8.10712
51.04126481489051 8.06564
51.06593738400761 8.01313
51.090805275207074 8.00714
51.11548294172845 8.020389999999999
51.14016314993547 7.9966
51.164845901758845 7.94008
51.18972406304274 7.939030000000001
51.21441192780656 7.932930000000001
51.23910234200271 7.90952
51.2637953075678 7.9142
51.288683770237945 7.884119999999999
51.31338186432707 7.871980000000001
51.33808251561888 7.845610000000001
51.362978729967345 7.84151
51.387684521509755 7.855289999999999
51.41239287610203 7.8292600000000006
51.437103795691165 7.77521
51.46201036644977 7.78345
51.486726441956634 7.7397800000000005
51.51144508832545 7.76892
51.536166307509156 7.71263
51.56108326624387 7.692889999999999
51.58580965706056 7.66747
51.61053862657523 7.6691199999999995
51.635270176746864 7.66055
51.66019755512065 7.6478600000000005
51.68493429268881 7.61557
51.70967361681515 7.61592
51.73441552946465 7.60394
51.759353359237934 7.576810000000001
51.7841004750961 7.5246
51.80885018539685 7.5237
51.833602492111254 7.52723
51.8585508051424 7.52342
51.883308330926425 7.4862
51.90806845906181 7.48477
51.932831191525715 7.4793199999999995
51.95779001977161 7.4698899999999995
51.98255798721516 7.40373
52.00732856494335 7.42322
52.03229530577543 7.41453
52.057071130455945 7.4245600000000005
52.081849571391054 7.39389
52.106630630568695 7.3541300000000005
52.13160794279417 7.35313
52.15639426492067 7.35336
52.18118321127822 7.3167
52.205974783860896 7.2953399999999995
52.23096269971011 7.25247
52.255759551287994 7.22535
52.280559035098186 7.233280000000001
52.30536115314103 7.20759
52.33035970494467 7.21695
52.35516711807904 7.214810000000001
52.37997717147198 7.24167
52.40478986713005 7.201739999999999
52.42979908731974 7.19641
52.454617094216 7.165610000000001
52.47943774942214 7.16483
52.50426105495102 7.14457
52.529280976059844 7.12368
52.554109609024096 7.09191
52.57894089837482 7.076389999999999
52.60377484613117 7.08166
52.62880550079408 7.062310000000001
52.65364479223379 7.02707
52.67848674816189 7.00588
52.70352547971946 6.99528
52.72837279155837 7.052689999999999
52.753222773982785 6.96893
52.778075429022984 6.995439999999999
52.80312495150885 6.9563
52.827982978797436 6.924580000000001
52.85284368481815 6.9332899999999995
52.87770707160767 6.90539
52.90276741793998 6.86025
52.92763619336701 6.84714
52.952507655698504 6.85918
52.977381806977576 6.845460000000001
53.00245301017842 6.86183
53.02733256653592 6.8353600000000005
53.052214817996074 6.78215
53.077099766608484 6.752489999999999
53.102181859804446 6.8002899999999995
53.127072229988265 6.75086
53.15196530349892 6.77596
53.17686108239249 6.716819999999999
53.20195409881522 6.71528
53.22685531582556 6.686160000000001
53.25175924441303 6.64153
53.27666588664027 6.660889999999999
53.30176985962693 6.687060000000001
53.3266819565689 6.69999
53.35159677336455 6.63438
53.376514312083096 6.62286
53.40162927507703 6.63445
53.42655228516116 6.60847
53.45147802340193 6.55272
53.47660125628886 6.53198
53.50153247842639 6.565339999999999
53.52646643496923 6.581360000000001
53.55140312799818 6.54978
53.576537409691696 6.53704
53.60147960336152 6.48731
53.626424539786164 6.49581
53.65137222105307 6.43847
53.67651758529126 6.45265
53.70147078399681 6.436719999999999
53.72642673383343 6.46237
53.75138543689533 6.46071
53.776541917524526 6.4091
53.801506154876755 6.41857
53.826473151763246 6.34635
53.851442910284916 6.3358099999999995
53.87661054126026 6.3217
53.9015858509782 6.31246
53.92656392866066 6.31973
53.95154477641532 6.29132
53.976723591801296 6.30617
54.00171000771266 6.2782599999999995
54.02669920004598 6.23034
54.051691170915745 6.21858
54.076881204886796 6.22685
54.101878760928514 6.19343
54.12687910187696 6.19037
54.152077577768296 6.17096
54.1770835166946 6.15112
54.20209224691339 6.15881
54.22710377055121 6.15088
54.25231352511594 6.13748
54.27733066384342 6.08314
54.30235060239643 6.11108
54.32737334290836 6.077000000000001
54.35259441062629 6.03418
54.377622783395324 5.98585
54.40265396455061 6.040830000000001
54.42768795623251 6.01649
54.45292037169559 5.97304
54.477960012857906 5.9985599999999994
54.50300247099511 5.97162
54.52804774825457 5.95352
54.55329154616743 5.87606
54.57834249018678 5.861680000000001
54.6033962597977 5.8445
54.6284528571545 5.83786
54.653708072335164 5.802919999999999
54.67877035378786 5.77259
54.70383546947698 5.77154
54.72890342156389 5.777340000000001
54.7541700889442 5.710430000000001
54.77924374251975 5.7852
54.8043202390049 5.71185
54.82959552413022 5.64674
54.8546777351945 5.66573
54.87976279569621 5.64257
54.90485070780914 5.70029
54.930137506558005 5.63464
54.95523115074295 5.64652
54.98032765308844 5.55879
55.005427015775496 5.5694300000000005
55.03072536339621 5.57913
55.05583047570572 5.503430000000001
55.080938454927676 5.49262
55.10604930325027 5.5194
55.131359235107396 5.45985
55.15647585066083 5.40477
55.181595341907496 5.4564699999999995
55.20671771104285 5.37624
55.232039262617704 5.28892
55.25716741665048 5.35203
55.28229845518636 5.29341
55.30743238042802 5.26012
55.33276558731939 5.312530000000001
55.357905315183636 5.24801
55.383047936390035 5.222919999999999
55.40819345314859 5.13577
55.433538351073295 5.17819
55.458689688238415 5.15445
55.483843927614096 5.13554
55.509197623043605 5.152480000000001
55.53435769621134 5.0812800000000005
55.55952067826466 5.03674
55.5846865714265 5.03878
55.61005202069737 5.06455
55.63522376553902 5.0300199999999995
55.66039842818645 4.96365
55.68557601087004 4.92591
55.7109532500271 4.92089
55.73613670233794 4.90153
