TT I
1.2716486653135266 7.540360000000001
1.2939594142134223 6.75002
1.3162702121660406 6.918769999999999
1.3385810600174564 6.66413
1.3608919586137629 6.607289999999999
1.383202908801069 6.2931
1.405513911425503 6.06688
1.4278249673332093 6.10686
1.4501343378461518 6.060980000000001
1.4724455028545926 5.81302
1.4947567236847858 6.13479
1.517068001182951 6.4439
1.5393793361953272 5.66881
1.5616907295681737 5.24006
1.5840021821477681 5.100619999999999
1.60631369478041 5.69258
1.6286252683124185 5.443890000000001
1.6509369035901333 4.5477
1.6732468618895553 4.8034099999999995
1.695558623192809 4.96445
1.7178704487808514 5.527480000000001
1.7401823395001077 5.83661
1.7625012545597203 5.29579
1.7848028405262486 4.78751
1.8071218901122095 5.19595
1.8294236121921872 4.60797
1.8517427996910911 4.58478
1.8740620574440425 4.92686
1.8963639900671978 4.925619999999999
1.9186833908139995 4.8772199999999994
1.9409854680117449 4.88184
1.9633050151394713 4.95901
1.9856246367570705 4.19719
2.0079269371922672 4.45924
2.03024671027244 4.72952
2.0525491637446027 4.32867
2.074869091674931 4.33108
2.097171701569106 4.7244
2.1194917877373847 4.4638
2.141811954326636 5.0757699999999994
2.164114805233074 5.00939
2.186435135143035 5.54524
2.208738150935709 10.6631
2.231058647554722 19.1442
2.2533792288321184 14.704
2.275682498336085 7.95144
2.298003251406138 5.55012
2.3203066942619714 5.71356
2.3426276225136022 4.95796
2.3649486396617507 5.28733
2.387252348930071 5.28326
2.4095735463442893 5.3478699999999995
2.4318774374315884 5.40038
2.4541988185014043 6.27979
2.476502894794693 5.89213
2.498824462909887 6.23613
2.521146125856138 6.7377199999999995
2.5434504863470337 6.4646300000000005
2.5657723414244717 7.25128
2.588076895590662 7.936710000000001
2.610398946189713 7.58104
2.6327210958598384 7.46475
2.6550259469304716 7.20689
2.6773482972090137 7.6494100000000005
2.6996533504259 7.445810000000001
2.7219759047039602 7.22543
2.744298562293959 7.95745
2.7666039251246595 7.822960000000001
2.7889267918020164 7.65793
2.8112323652516555 7.965319999999999
2.833555444408179 8.31621
2.8558786311183852 8.187510000000001
2.8781845268938557 8.45107
2.9005079311721484 8.41574
2.9228140460410397 8.89977
2.9451376712799635 8.91981
2.967444008632326 9.64891
2.9897678582247247 9.91215
3.0120918213106695 10.3538
3.0343984987899373 11.0297
3.0567226913198637 10.4527
3.079029599759726 11.6541
3.101354025127254 12.6799
3.123678568232338 12.7393
3.145985829517914 12.9126
3.16831061055229 13.6885
3.1906181112775593 14.458
3.212943133635653 14.3402
3.2352682779763207 14.6951
3.2575761442691227 15.3632
3.2799015350264273 16.0733
3.302209649240067 16.3939
3.3245352898092655 16.9289
3.3468436553365257 17.7177
3.369169549113219 17.7587
3.3914955708171384 18.3641
3.413804319727358 19.1475
3.4361305997334863 19.7631
3.4584396084414553 19.9593
3.4807661501462652 20.7224
3.503092824025881 21.1727
3.5254022288463154 21.0946
3.5477291695206588 21.2827
3.5700388426251948 22.1906
3.5923660534916446 23.2501
3.6146934007816114 33.3615
3.637003482731501 64.5823
3.6593311053109985 70.2137
3.681641464033634 43.9269
3.7039693653009733 28.0236
3.726297407241705 25.4597
3.7486081875460804 25.3983
3.7709365132734978 26.0952
3.793247578841633 26.6265
3.8155761917550093 26.8648
3.8378875459837216 27.2888
3.8602164494827234 27.1293
3.882545499606844 28.3511
3.9048572932539183 29.435
3.9271866390645718 29.401999999999997
3.9494987298666713 29.9599
3.971828374764527 30.8436
3.9941581705403255 31.5708
4.016470713506008 31.8423
4.038800813471445 31.8646
4.061113662089144 32.624
4.0834440696459176 33.9986
4.105774632334751 34.1434
4.128087945865126 35.0246
4.150418821249301 35.2776
4.172732448931298 36.1593
4.195063640413578 37.7982
4.2173775856475215 40.8583
4.239709096631102 62.6292
4.262040768704612 165.388
4.284355196706267 211.65900000000002
4.306687193387355 140.58100000000002
4.329001947444346 66.1163
4.35133427213731 46.6057
4.373666762177566 44.1807
4.395982011761091 44.4632
4.418314834921175 45.5982
4.44063041906622 51.1909
4.4629635787515625 58.4403
4.4852969080429785 57.9709
4.5076130004776225 52.3656
4.529946671403969 51.2227
4.552263106909177 51.9914
4.574597122877047 52.5373
4.596931312711224 53.4772
4.619248269273446 53.7943
4.6415828092605835 55.405
4.663900117405352 56.8118
4.686235010953232 57.8197
4.708552674085913 59.1573
4.730887924602802 60.7653
4.753223354952695 61.6774
4.775541557023902 63.5869
4.797877349456786 65.5238
4.820195915032126 67.1418
4.842532072957498 68.7207
4.864868414979744 70.5284
4.88718753227192 73.934
4.909524244902505 75.5888
4.931843734218147 76.7725
4.954180820867835 80.0331
4.976518095879839 82.9456
4.998838149695359 85.635
5.021175803844231 89.6543
5.043496238205739 93.3055
5.065834274903528 98.26899999999999
5.088172504230693 104.54
5.1104935158799565 111.572
5.132832132875765 132.541
5.155153533596801 169.093
5.1774925416746225 224.59400000000002
5.199814334878411 509.595
5.2221537374521505 1394.29
5.244493338631803 3444.88
5.266815727034316 7641.62
5.289155727832427 11765.5
5.311478517248165 8738.04
5.333818921080011 2995.1
5.356159527788849 613.711
5.3784829252032536 203.548
5.400823940070432 153.625
5.423147747031976 133.832
5.445489173474152 123.23700000000001
5.467830807066149 117.449
5.490155234831516 113.789
5.512497285125229 109.729
5.534822130975162 107.07700000000001
5.557164601388673 104.57
5.579489868738879 101.288
5.601832762690846 100.811
5.6241758697774475 99.319
5.646501775867269 98.7127
5.668845311622074 97.1714
5.691171647754637 96.37299999999999
5.713515615597765 95.4141
5.735859800852677 94.765
5.758186788542988 94.4565
5.780531411018185 94.8276
5.802858837297399 94.9665
5.825203900414495 95.2191
5.8475491852224 96.0606
5.869877275883075 96.4623
5.892223006467101 96.9873
5.914551544266608 98.9304
5.936897724049891 103.355
5.959244129804903 111.806
5.981573344815301 145.607
6.0039202049061 283.871
6.026249875609095 598.8340000000001
6.04859719346037 1186.58
6.070927323278297 2349.2
6.093275102315365 4232.35
6.115623113320588 5265.08
6.137953938319995 3335.84
6.160302415650845 1100.57
6.182633708324452 265.344
6.2049826554078376 120.522
6.227331838745022 96.2727
6.249663839443684 87.4243
6.27201349767565 83.9626
6.294345974611799 86.2134
6.316696111167083 92.4665
6.339046488263839 88.6329
6.361379686074702 77.9635
6.383730546639482 72.3393
6.406064229255215 70.285
6.428415576718203 69.8431
6.450749747566656 68.5289
6.47310158535871 67.0961
6.495453669698332 66.3325
6.517788579421056 65.4376
6.540141159237969 64.42
6.562476565766648 63.8579
6.5848296444934045 63.7082
6.607182974060425 62.8716
6.6295191323281015 63.5156
6.651872965955752 65.4128
6.6742096296068985 80.5757
6.6965639707294615 110.26299999999999
6.71891856698715 109.88799999999999
6.741255995248479 81.8199
6.763611104154477 65.0171
6.785949046381137 60.3647
6.808304671371482 59.4292
6.8306605557940046 59.1285
6.852999275508618 58.1027
6.875355681171544 57.9073
6.897694923437771 57.471000000000004
6.92005185377892 57.2248
6.9423916220322655 56.9192
6.964749080490181 56.2183
6.987106804399774 56.2643
7.009447368180821 56.2071
7.031805625367033 55.9271
7.054146723727803 56.1707
7.076505517631004 55.646
7.098864581288365 55.9764
7.121206488070854 55.4797
7.143566093607822 55.817
7.165908543567245 55.9297
7.188268694426048 55.7238
7.2106291193438095 55.7794
7.232972390625943 56.5653
7.255333366030969 64.4883
7.277677189091925 97.5312
7.300038718428332 125.805
7.322400526130865 109.75399999999999
7.344745183422596 76.9237
7.367107550224791 59.6459
7.389452767901992 56.288999999999994
7.411815697249891 55.7951
7.434161478756298 54.9893
7.456524974096713 54.8165
7.478888753837185 54.5251
7.501235387657368 55.13399999999999
7.523599738562711 55.2044
7.545946944825532 55.3296
7.568311870344528 55.8744
7.5906770845765665 56.0955
7.613025156078678 56.6732
7.635390950099687 57.8917
7.657739602662809 57.0642
7.680105979923558 56.5762
7.702472650212829 56.9694
7.724822180948224 56.5883
7.747189439655568 56.8966
7.769539560075357 56.7419
7.791907410653562 57.3632
7.81425812420825 57.184
7.836626570110925 57.5814
7.858995315087906 58.5915
7.881346924933401 58.5412
7.903716270417482 59.1147
7.926068482028405 59.5704
7.948438431475253 60.1902
7.9708086843180235 60.6889
7.993161805171116 61.6436
8.015532667162402 61.8882
8.037886398416653 62.8418
8.060257873014221 63.1625
8.082629655331942 63.8901
8.104984308787587 65.1909
8.127356708900503 67.3393
8.149711981398308 71.7427
8.172085002766314 73.4463
8.194458336181368 71.6522
8.216814543847752 70.1215
8.23918850371002 70.8233
8.26154533906492 71.6759
8.283919928836452 73.1296
8.306277395339652 74.3328
8.328652618483376 75.4796
8.351028159736202 77.6328
8.373386579575245 80.3482
8.395762759396959 82.4142
8.418121819038275 86.8947
8.440498640894003 97.5845
8.462875785192262 110.789
8.485235811156207 138.063
8.507613602688501 204.771
8.529974277114228 312.643
8.552352719347912 461.80300000000005
8.574731488360351 741.709
8.59709314210385 1230.81
8.619472567021075 1825.04
8.64183487789147 2150.27
8.664214962183097 1846.97
8.686577933647762 998.373
8.708958680784317 408.65
8.731339760774953 174.518
8.753703729764451 116.133
8.77608547780821 102.178
8.798450116065078 97.4402
8.820832535634787 94.3853
8.843215292401656 92.84700000000001
8.865580941199045 91.5831
8.887964374703538 90.3896
8.910330701447199 91.1376
8.932714815164482 91.809
8.955099270424924 90.8522
8.977466620733543 88.4134
8.999851761421976 86.5154
9.022219798361645 85.2395
9.04460562795561 84.8871
9.066991803441677 84.6344
9.089360876979615 84.3492
9.111747746589993 84.221
9.13411751544971 83.7998
9.156505082664324 83.303
9.178875550323522 83.2048
9.20126381862328 83.7069
9.223652438908596 83.8158
9.246023961427412 83.9374
9.26841328802173 83.7418
9.290785518039224 83.8141
9.313175554425882 84.6586
9.335565947154315 84.5187
9.357939245086508 84.6044
9.380330352834827 84.4704
9.40270436697103 85.0375
9.425096193225055 84.9007
9.447488380180165 85.9499
9.469863475295412 85.9202
9.492256385987508 86.30799999999999
9.514632206018318 86.4421
9.537025843935714 87.0626
9.559402392368193 88.0937
9.581796761000229 89.4484
9.604191496441521 90.5045
9.626569144158516 92.5527
9.648964615551032 95.5706
9.671343000390081 96.9664
9.693739211225699 96.2569
9.716135793237463 95.0593
9.738515290448102 95.0608
9.760912617143402 96.4281
9.783292860202891 97.2837
9.805690935076182 98.666
9.828089385495742 99.9748
9.850470754023561 102.419
9.872869957865444 108.06
9.89525208097539 118.53399999999999
9.917652041736662 128.316
9.940052382417589 135.517
9.962435644102392 162.249
9.984836746950979 217.59
10.007220771957746 292.878
10.029622640473708 408.001
10.052007432299963 596.252
10.074410069984072 874.975
10.096813093716005 1269.65
10.119199042482517 1693.89
10.141602840636468 1918.18
10.163989564971628 1631.95
10.186394141051062 940.565
10.208799107559706 412.30400000000003
10.231187001965623 194.733
10.253592751657669 129.856
10.275981430388155 115.969
10.298387966769793 113.47
10.320794897965431 114.273
10.343184759907361 113.238
10.36559248305461 109.31299999999999
10.387983138083852 107.993
10.410391656691655 115.39299999999999
10.432800574501677 130.664
10.455192425893369 150.322
10.47760214443012 177.885
10.499994797678786 222.40400000000002
10.522405320453982 298.594
10.54479877906917 397.814
10.567210109595656 491.829
10.5896218454736 565.446
10.612016518879773 497.276
10.634429067781074 353.91
10.656824555333241 202.687
10.679237920773568 125.762
10.701651695961992 97.6223
10.724048411481384 90.6013
10.746463008485165 88.1391
10.768860546937125 86.4326
10.791275969274796 84.5053
10.81369180576079 83.5001
10.836090585366925 82.5144
10.858507252467449 81.2935
10.88090686379991 80.2015
10.903324365036394 79.6309
10.925724811614439 78.8127
10.948143150509463 79.4869
10.970561909719066 78.9751
10.992963615930844 77.5278
11.015383218085756 75.7267
11.037785768347074 74.2579
11.06020621697282 73.608
11.082627090322113 73.2058
11.105030913430326 72.3022
11.12745263854165 72.6395
11.149857314510728 74.4994
11.172279894912576 78.4198
11.194702904450653 78.2041
11.217108866490921 75.7341
11.239532736615194 72.932
11.26193956033512 71.4057
11.284364294577085 70.3473
11.306789462371718 68.9105
11.329197585398376 67.7577
11.351623622610898 67.8127
11.37403261614354 66.9711
11.396459526308487 67.0339
11.418869393879497 66.387
11.441297180532617 65.9774
11.463725406927658 65.5943
11.486136592353875 65.7144
11.508565700543707 65.9323
11.530977768845315 67.1168
11.553407762368774 67.4476
11.575838200059769 66.8366
11.598251599479612 65.6057
11.620682927815501 64.5842
11.64309721895548 64.4889
11.665529441478206 64.1729
11.687962112597958 63.9621
11.710377748130886 63.8065
11.732811318753434 63.8146
11.755227854859067 64.0385
11.777662328529495 63.8709
11.800079768750786 63.647
11.822515149015453 63.386
11.844950984084935 63.5561
11.867369787303163 63.4238
11.889806534289491 63.3473
11.912226250487029 63.7491
11.934663912939751 64.0214
11.9571020346363 64.1551
11.979523127133968 64.5202
12.001962169624331 65.4835
12.024384183972964 67.5829
12.046824150809913 71.7304
12.069264581333726 77.8404
12.091687985297767 84.0951
12.11412934550045 93.5812
12.136553680195208 108.96600000000001
12.158995973632788 129.786
12.181438735204349 155.532
12.20386447284199 183.547
12.226308172985636 203.965
12.24873485024193 202.287
12.271179492516982 172.26
12.293607112949127 126.751
12.316052700916226 93.5747
12.338498763250042 77.0832
12.360927805303868 69.4696
12.383374818673879 67.0196
12.405804812803074 65.5402
12.428252780773262 64.9571
12.45070122756722 65.339
12.473132656675375 64.9687
12.49558206341869 65.3244
12.518014453510101 65.4951
12.540464823770117 65.3705
12.562915677315177 65.7968
12.58534951575545 66.4426
12.607801338171472 67.3348
12.630236146511358 70.8615
12.652688941369085 73.8118
12.675124723177234 74.4458
12.697578494048786 72.4029
12.720032754458185 69.7846
12.742470003354093 68.551
12.764925245138771 68.7095
12.787363476431278 69.0881
12.809819703166806 69.3965
12.83227642391173 70.293
12.854716135692716 70.8444
12.877173846755147 71.9789
12.899614549869717 72.4179
12.9220732548287 73.3655
12.94453245827299 73.7935
12.966974655289818 74.6307
12.989434858002571 75.8188
13.011878055298721 76.2033
13.034339260862497 77.2612
13.056800969391883 79.0448
13.079245674017244 81.816
13.101708390774869 85.8669
13.12415410463411 96.1364
13.146617833206086 109.821
13.169064559883248 122.45299999999999
13.191529303857127 137.689
13.213994557076367 162.086
13.236442809902437 198.62400000000002
13.258909083908291 249.605
13.28135835851934 303.73900000000003
13.30382565690295 363.694
13.326293469022952 414.481
13.348744283242008 420.159
13.371213125129904 357.722
13.39366497011003 264.366
13.416134845360597 173.34900000000002
13.438605238843131 125.47200000000001
13.46105863690397 111.695
13.483530069144786 113.72399999999999
13.505984506951902 119.95700000000001
13.528456981549432 130.516
13.550929978879088 146.566
13.573385983253365 170.562
13.595860028340867 206.7
13.618317081455832 252.96
13.64079217790333 298.881
13.663250283359057 339.592
13.685726434770173 370.226
13.708203115221277 339.866
13.730662806148091 268.995
13.75314054697177 188.688
13.775601299246777 128.09
13.798080104050406 97.9932
13.820559442405358 86.9602
13.843021793671388 83.3513
13.865502201420897 81.4647
13.887965623051947 80.6392
13.910447103807167 79.501
13.932929122629764 78.2035
13.955394156785959 78.1306
13.977877254034569 77.2642
14.000343367582113 76.4218
14.022827546871707 75.5913
14.045294743423524 74.7373
14.06778000837062 74.2382
14.090265817715476 73.928
14.112734645763819 73.5258
14.13522154619454 73.4419
14.157691466286913 73.4407
14.180179461423874 73.3937
14.202668005486178 72.6877
14.22513957064374 72.0239
14.247629214846473 71.4935
14.270101881097517 71.1844
14.29259262906496 71.4466
14.315083930490205 71.9062
14.337558255389705 72.0074
14.360050666019726 71.7253
14.382526101071944 71.0088
14.405019624534942 70.4953
14.427513705993134 70.0221
14.449990813291825 69.8109
14.47248601302899 69.6362
14.49496423954951 70.0176
14.517460561197822 70.1148
14.539939910570322 69.6625
14.562437357763558 70.002
14.58493536931253 71.0504
14.607416409993311 71.6991
14.62991555254159 72.0826
14.652397725157423 72.2519
14.674898002342799 72.0279
14.697398848433282 71.8039
14.719882725991326 73.1675
14.74238471217934 75.2968
14.764869730765593 79.6235
14.787372860692983 83.8622
14.809876564079925 88.641
14.83236330125751 95.1392
14.854868153850365 104.227
14.877356041159485 117.73299999999999
14.899862046604186 134.996
14.922351087688757 157.048
14.944858249632887 181.354
14.967365991421232 202.97299999999998
14.989856770231246 218.25099999999998
15.012365673994204 216.42700000000002
15.03485761569738 188.608
15.05736768508665 148.753
15.07987833888692 115.581
15.102372032001655 91.1023
15.124883856909658 77.9254
15.14737872204565 73.4824
15.169891721717274 71.8122
15.192405310371893 71.3991
15.214901940621196 71.3947
15.237416709527137 71.2132
15.259914520936249 71.3938
15.282430473753607 70.5419
15.304947020131227 69.5207
15.327446610371178 68.8089
15.349964346154254 68.12899999999999
15.372465126703139 68.2547
15.394984055556009 67.6956
15.417486030076159 67.5825
15.44000615566487 67.145
15.462526881230803 67.2107
15.485030653812652 67.2129
15.507552581617434 67.3506
15.530057557334603 67.2195
15.55258069104857 67.4659
15.575104429329837 67.7088
15.597611216864632 67.2382
15.620136166564563 67.8902
15.6426441664095 69.7596
15.665170331202765 72.8898
15.687697105158826 76.5392
15.710206930593545 80.2599
15.732734925158933 84.7517
15.755245972089478 91.6276
15.77777519094324 101.35600000000001
15.800287463046663 113.92299999999999
15.822817909869592 130.86700000000002
15.84534897229804 147.987
15.867863089299354 168.33599999999998
15.890395385222186 182.18
15.912910736597423 191.49200000000002
15.935444269699861 182.61900000000003
15.957978423016485 156.45
15.980495633101265 125.131
16.003031029129367 97.0381
16.02554948280019 77.3864
16.048086125229432 68.4414
16.070623392487107 65.7387
16.09314371869582 64.6059
16.11568223789321 63.6813
16.13820381691126 63.121
16.160743591742527 62.1052
16.183283996022084 61.3701
16.205807461423195 60.3967
16.228349126881973 59.9268
16.25087385432698 59.6097
16.27341678466365 59.2332
16.29594277784926 58.8914
16.31848697676433 59.0953
16.341031811604868 59.0388
16.36355971058487 59.2391
16.3861058195587 58.9561
16.40863499352978 58.1872
16.431182380342005 57.5905
16.453730407713202 57.0787
16.476261501364792 56.6556
16.498810812136167 56.2757
16.52134319004079 56.4233
16.54389378792203 56.3247
16.566445031001553 56.308
16.588979342490088 56.0386
16.61153187824822 55.9161
16.634067483263312 55.7039
16.656621315414416 55.7239
16.679175797408888 55.493
16.701713349928728 55.5088
16.72426913389191 55.7141
16.74680798922351 55.8182
16.76936507887444 55.7423
16.791905240734874 55.927
16.814463639794468 55.7205
16.837022695210294 55.7073
16.859564824093756 55.9801
16.882125194503903 56.43899999999999
16.904668639217885 56.9563
16.927230328348003 56.8871
16.949792678493612 57.2223
16.972338104193863 56.7725
16.994901778652235 56.552
17.017448529496576 56.5855
17.040013531998152 56.9471
17.06257920018044 57.7579
17.0851279459922 58.5464
17.107694947817667 59.6143
17.130245028099072 60.6199
17.15281336730298 62.0962
17.17536478578733 63.6363
17.19793446610687 65.9092
17.220504818648422 68.4496
17.243058251703697 71.1839
17.265629950971032 75.21600000000001
17.288184731571736 78.5115
17.310757781306908 81.9885
17.33333150794385 83.4687
17.355888317140174 82.626
17.37846339986244 77.6748
17.401021565958885 71.8818
17.42359800851343 66.6917
17.44617513265564 62.9126
17.468735341390783 60.9763
17.491261035594565 60.0413
17.51396340099364 59.9679
17.536490463869136 60.0136
17.559018209820174 60.1826
17.58154663977963 60.1949
17.604251766089718 60.32
17.626781572227713 60.5607
17.64931206518155 60.8683
17.671843245885103 61.2524
17.69455114821572 61.4722
17.717083712612634 61.8712
17.739616967569667 62.273
17.762150914021706 62.5974
17.78486160749854 62.6988
17.807396945166804 63.5854
17.829932977143503 64.9358
17.85246970436452 66.9382
17.875183204129467 69.2476
17.897721330097664 71.2861
17.920260154126645 73.8628
17.942799677153296 77.0062
17.9655159983646 81.0725
17.988056927677544 86.5686
18.010598558807683 93.8536
18.033140892692916 102.583
18.05586005052525 111.685
18.07840379824407 121.287
18.10094825154059 131.958
18.12366954819864 139.484
18.146215420998306 140.532
18.16876200220057 133.09799999999998
18.191309292745153 120.09100000000001
18.214033452627167 105.83
18.236582170236648 94.1716
18.259131600016456 88.8339
18.281681742907335 88.4124
18.304408781233683 91.876
18.32696035875955 96.0452
18.349512652227624 100.473
18.372065662579683 105.38
18.394795594587553 107.072
18.41735004715306 104.27
18.43990521943684 97.6211
18.46246111238171 88.1451
18.485193953325208 78.1895
18.507751296070428 70.7736
18.530309362314178 66.8971
18.552868153000343 64.4419
18.57560391815056 63.073
18.59816416623245 62.7107
18.620725141597372 62.4102
18.643286845190268 61.8895
18.666025549835414 61.3261
18.688588718427933 60.785
18.711152618092243 60.6375
18.73389353884365 60.2834
18.75645890921984 60.0627
18.77902501351406 59.758
18.801591852673102 59.743
18.824335739722738 59.2448
18.846904057212626 59.121
18.8694731124168 58.7476
18.89204290628315 58.6999
18.914789774966803 58.5172
18.937361054791623 58.2013
18.959933076131318 57.9524
18.982505839934877 57.9637
19.00525570560582 58.0809
19.027829963004184 57.9523
19.05040496572238 57.8487
19.072980714710468 58.1058
19.095733592739563 58.4404
19.11831084296757 58.8558
19.140888842324735 59.4544
19.16346759176222 59.3536
19.18622349753803 59.9817
19.208803755869358 60.9486
19.231384767143577 62.1569
19.253966532312948 63.8113
19.276725481241822 65.7639
19.29930876296784 67.8219
19.3218928014549 70.2833
19.34465404436217 72.9411
19.36723960516257 75.2251
19.389825925592426 76.6951
19.412413006605938 76.3144
19.43517731967805 72.9787
19.457765930683355 68.6477
19.48035530514408 63.8278
19.50294544401556 60.0597
19.525712842708348 57.2837
19.54830451925909 55.8322
19.570896963095727 54.849
19.593490175174704 54.6532
19.616260674962184 54.788999999999994
19.638855432416964 54.4516
19.661450960992624 54.54600000000001
19.68404726164677 54.4831
19.706820878021247 54.4423
19.729418731756834 54.4351
19.752017360452857 54.235
19.77461676506804 54.7144
19.797393513540218 54.9214
19.819994478951667 55.2151
19.84259622316767 55.6835
19.8651987471481 56.0205
19.887978643247177 56.2382
19.91058273574792 56.6417
19.933187610901943 57.8447
19.955969879466828 59.092
19.97857632894404 60.4792
20.00118356396599 61.8114
20.023791585494575 63.5766
20.046577028914875 66.0787
20.069186632506966 67.9609
20.091797025500632 69.7754
20.114408208858933 70.6096
20.137196842715273 70.9457
20.159809615886765 69.358
20.18242318232135 66.8383
20.20503754298326 64.6078
20.227829382875154 63.4432
20.250445341109344 63.0828
20.27306209647285 63.3312
20.29567964993108 64.1914
20.31847471147704 65.2632
20.34109387027612 66.3237
20.363713830075454 66.1253
20.386334591841646 64.756
20.409132890679302 62.0425
20.431755265564437 58.9132
20.454378445325528 56.211999999999996
20.477002430930366 54.1932
20.499803982716553 52.9388
20.522429589228004 52.125
20.54505600449589 51.6768
20.567683229489194 51.6156
20.590488049900088 51.336999999999996
20.61311690359731 51.1316
20.63574656993626 50.894
20.658553853717297 50.5083
20.681185154618298 50.3509
20.703817271080066 50.2465
20.72645020407368 49.8596
20.749260783967177 49.7869
20.771895359337133 49.9178
20.794530754161617 49.8565
20.817166969412938 49.6325
20.83998086114876 49.5265
20.86261872660049 49.603
20.885257415405402 49.5887
20.90789692853701 49.5207
20.930714147864748 49.5632
20.953355319030678 49.4222
20.97599731745334 49.6163
20.99864014410749 49.3494
21.021460706796564 49.4333
21.044105199328826 49.6923
21.06675052302631 49.8837
21.089396678865015 50.18600000000001
21.112220600704806 50.2928
21.134868430275347 50.7634
21.15751709492456 50.9818
21.180166595629693 51.2115
21.202993892429635 51.6243
21.22564507473034 52.0252
21.24829709602816 52.0702
21.27112693608965 52.3489
21.293780644891275 52.4482
21.316435195634053 51.5835
21.339090589297417 50.8232
21.361923832041875 50.5094
21.384580921090404 49.8457
21.407238856007325 49.4367
21.429897637773326 49.2332
21.45273429906592 49.2826
21.475394784108598 49.1713
21.498056118951983 49.2204
21.520718304578022 49.4735
21.543558400304388 49.6964
21.566222297108816 49.9275
21.58888704765135 50.0922
21.61155265291521 50.5432
21.63439619898156 50.8426
21.657063523335786 51.1212
21.67973170537063 51.5813
21.7024007460706 52.1019
21.72524775840385 52.7849
21.747918526116475 53.9208
21.770590155457388 55.21
21.79326264741238 56.589
21.816113141960237 58.4866
21.838787368860547 59.8299
21.861462461341976 61.6071
21.884315579735777 63.3539
21.90699241312273 64.8881
21.92967011506078 65.4171
21.95234868653799 65.3241
21.9752053151131 64.3225
21.997885635446785 62.3508
22.020566828293532 60.6599
22.04324889464272 58.6497
22.066109049404666 56.9859
22.088792872571794 56.5277
22.111477572219204 56.5264
22.1341631493376 56.6344
22.157026846313123 56.7323
22.179714188221507 56.2286
22.202402410582668 55.0969
22.22509151438863 53.706
22.24795876962584 52.3786
22.270649646204486 51.354
22.293341407213727 50.6453
22.316034053646906 50.2452
22.338904883215342 50.0217
22.36159931041458 49.6978
22.38429462602756 49.7218
22.40699083104897 49.5219
22.429865251039757 49.497
22.452563244831367 49.7304
22.47526213102522 49.6592
22.49813925616515 49.4971
22.520839937143307 49.4366
22.543541513520587 49.438
22.56624398629403 49.2785
22.589124730075895 49.3774
22.611829005656723 49.6151
22.63453418063466 49.7025
22.657240256008077 49.9359
22.680124634582935 50.0049
22.70283252079775 50.261
22.725541310413075 50.6797
22.74825100442868 50.6839
22.771139033969575 51.2694
22.79385054687155 51.5054
22.81656296718292 52.2917
22.83927629590484 52.9905
22.862167992606945 53.9418
22.88488314827121 54.9046
22.907599215359284 55.8015
22.93031619487366 56.6571
22.953211574954405 57.6058
22.975930389478226 58.3871
22.998650119445763 58.6212
23.02137076586092 58.0683
23.044269845560063 56.9606
23.06699233506288 55.2593
23.089715744034912 53.6665
23.112617610931565 52.0536
23.135342869061212 50.7745
23.158069049684816 50.0619
23.1807961538087 49.7459
23.20370174880544 49.7914
23.226430710184808 49.858999999999995
23.249160598093425 49.9009
23.271891413539002 49.974
23.294800752937697 49.9371
23.31753343374794 49.9506
23.340267045128353 50.1725
23.36300158808808 50.6595
23.38591468821339 50.8747
23.408651104658304 51.3811
23.431388455719986 52.0332
23.454126742409 52.7747
23.4770436196085 53.7492
23.499783787914662 54.6844
23.522524894889884 55.6236
23.54526694154616 56.4227
23.56818761219047 57.4202
23.59093154860734 57.9705
23.613676427751283 58.6476
23.636422250635754 57.8716
23.659346731118656 56.5252
23.68209445191868 54.5939
23.704843119509587 52.5989
23.72759273490623 50.6634
23.750521041644767 49.1129
23.77327256312355 47.9574
23.796025035462787 47.255
23.818956224555475 46.7807
23.841710609113413 46.7116
23.86446594758979 46.5127
23.887222241002014 46.1936
23.910157285144578 45.849
23.932915498962537 45.9742
23.955674670778713 45.9548
23.978434801611975 45.6436
24.001373717286125 45.5572
24.024135776723917 45.4639
24.046898798245582 45.3419
24.06966278287146 45.2177
24.092605586582614 44.9772
24.115371508023642 44.8581
24.1381383956401 44.7504
24.16090625045381 44.6823
24.183852958731244 44.6937
24.206622758582608 44.528
24.229393528706886 44.3697
24.252165270127392 44.5244
24.27511589952438 44.2688
24.297889594216997 44.2761
24.32066426328598 44.1044
24.34343990775613 44.1223
24.36639447485003 43.9693
24.38917208083877 43.9372
24.41195066531332 43.6702
24.43490819850244 43.6353
24.457688750692377 43.751000000000005
24.48047028445616 43.6861
24.503252800821233 43.8551
24.526214300784112 43.7185
24.548998793132213 43.6772
24.57178427117417 43.7007
24.59457073593893 43.7311
24.617536219319863 43.6364
24.64032466834748 43.6699
24.663114107195035 43.485
24.685904536893013 43.244
24.708874020360852 43.3126
24.731666442613744 43.1778
24.754459858818787 43.058
24.777254270007962 43.1275
24.80022777025625 42.9372
24.82302418230472 43.0068
24.845821592443674 43.0204
24.86862000170663 42.8445
24.891597535453727 42.6503
24.914397953892728 43.042
24.93719937456671 43.1121
24.96000179851076 43.1934
24.98298338249997 43.4045
25.00578782394922 43.5502
25.028593271784167 43.6791
25.05157790644186 44.0225
25.07438537804115 44.1213
25.097193859145293 44.2757
25.120003350792075 44.5174
25.142992065061257 44.9734
25.165803588823465 45.2375
25.18861612625217 45.2841
25.211429678386736 45.5094
25.234422489079968 45.5624
25.257238081693636 45.5036
25.280054692141732 45.4668
25.3028723214652 45.2622
25.325869245420463 45.6137
25.348688923599397 45.4802
25.371509623787006 45.62
25.394331347025812 45.2579
25.41733240110666 44.9074
25.440156181590016 44.2341
25.46298098826268 43.5571
25.48580682216873 43.1183
25.50881202326435 42.573
25.53163992281684 42.1139
25.55446885274561 41.8237
25.577298814096377 41.5181
25.600308179121807 41.3912
25.623140214533745 41.5541
25.64597328451537 41.4132
25.66898578564376 41.273999999999994
25.691820936010206 41.1928
25.714657124097695 41.2452
25.737494350954734 41.301
25.760511045684957 41.1657
25.783350361364224 41.1434
25.806190718969255 41.2438
25.82903211955018 41.4375
25.852053024868923 41.3852
25.874896522722523 41.3501
25.897741066713106 41.3293
25.920586657892454 41.4928
25.943611790812668 41.5965
25.966459487728237 41.7639
25.989308234998564 41.617
26.01215803367705 41.9852
26.03518741123814 42.1647
26.05803932412957 42.3259
26.080892291600094 42.3129
26.10374631470478 42.2754
26.12677995397268 42.3937
26.14963609978026 42.3998
26.172493304397875 42.1368
26.19535156888223 41.9473
26.218389486949604 41.4701
26.241249882640123 41.238
26.26411134137826 40.9461
26.28715248187403 41.0124
26.31001607820869 40.9483
26.3328807407756 40.6108
26.35574647063438 40.7766
26.37879191991473 40.7332
26.401659795896734 40.8093
26.424528742360263 40.9815
26.447398760366614 41.1454
26.470448535598294 41.3103
26.49332070826805 41.4847
26.516193955675355 41.8012
26.53906827888316 41.861000000000004
26.562122397260108 42.1029
26.584998883685063 42.3622
26.607876449110325 42.6534
26.63075509460056 42.7284
26.65381357334404 42.8596
26.67669439061878 42.823
26.699576291163382 42.7154
26.722459276044212 42.5998
26.745522132402975 42.3237
26.768407297649354 42.0491
26.791293550442003 41.7297
26.814180891848974 41.4771
26.837248143099337 41.0616
26.860137673466657 41.0567
26.88302829566349 40.9027
26.90592001075963 40.6239
26.92899167420566 40.542
26.951885586870763 40.1916
26.974780595655517 39.9623
26.99785558178161 39.7288
27.020752794605112 39.7478
27.043651106772522 39.6057
27.06655051935668 39.6404
27.089629948036183 39.3945
27.112531573292053 39.4474
27.135434302194138 39.4279
27.158338135817015 39.2134
27.181422024430987 39.2429
27.204328079372566 39.1679
27.22723524226965 39.1303
27.250143514198573 39.3368
27.273231880156334 39.2329
27.296142382065014 39.0423
27.319053996245536 38.9945
27.341966723775965 39.1094
27.365059584515222 39.2367
27.38797455070062 39.1762
27.410890633481237 39.1591
27.433807833936918 38.9353
27.456905206923906 39.1815
27.47982465472398 39.0925
27.502745223449743 39.205
27.525666914182825 39.2799
27.548768816912457 39.2812
27.571692763693633 39.0668
27.59461783573812 39.1612
27.617723149491244 38.8699
27.640650484125285 38.8007
27.66357894728264 38.8709
27.686508540048052 38.8131
27.709618414237887 38.7007
27.732550278321757 38.671
27.755483275279115 38.51
27.778417406196485 38.5406
27.801531858397514 38.5472
27.824468269376716 38.5502
27.847405817586786 38.5062
27.870344504116094 38.6958
27.893463551932008 38.874
27.916404527281053 38.9729
27.93934664422563 39.0331
27.962289903855886 39.203
27.98541356491974 39.2443
28.00835912214229 39.3673
28.03130582533231 39.6328
28.054253675581805 39.6313
28.077381967556104 39.719
28.100332124185126 39.7254
28.123283431160893 39.5995
28.146235889577238 39.4857
28.169368830154156 39.3266
28.192323603752033 38.9836
28.215279532083304 38.8198
28.238415973016764 38.5224
28.261374223145094 38.4608
28.284333631303806 38.338
28.307294198589954 38.0538
28.330435319167677 37.7429
28.353398217078915 37.5416
28.376362277420153 37.2381
28.39932750129032 37.1407
28.422473319286713 36.9597
28.44544088262495 37.0592
28.468409612800283 36.8497
28.491379510913497 36.659
28.51453004413313 36.6442
28.53750229057244 36.5597
28.56047570826344 36.3924
28.583450298308804 36.6079
28.606605564586562 36.3726
28.629582511831156 36.3094
28.65256063474956 36.189
28.675539934446338 36.2161
28.698699951647605 36.2226
28.72168161743193 36.0035
28.74466446331978 36.080999999999996
28.767648490417624 36.1043
28.790813276438353 36.0549
28.813799678527303 36.0787
28.836787265157085 36.0533
28.859955641890075 35.9792
28.882945610203045 35.9697
28.905936766392035 35.8221
28.928929111566863 35.9999
28.952102288520145 35.8266
28.975097024308607 35.7344
28.998092952423807 35.6659
29.021090073977508 35.5871
29.04426806913204 35.3074
29.067267590245258 35.216
29.090268308143695 35.0866
29.11327022394099 35.1531
29.13645305530891 34.9664
29.159457379627167 34.9193
29.18246290519685 34.8785
29.20546963313352 34.8425
29.22865731875826 34.9029
29.25166646419296 34.97
29.27467681535305 34.7077
29.29768837335608 34.8812
29.320880931312562 34.7589
29.34389491580634 34.6587
29.366910110507334 34.7313
29.38992651653503 34.7807
29.41312396492981 34.7315
29.436142806456754 34.7049
29.45916286268059 34.5558
29.48236399319994 34.5683
29.50538649169417 34.4304
29.528410208259935 34.3366
29.55143514402014 34.0954
29.574641196749695 33.861999999999995
29.597668583816574 33.7632
29.6206971934585 33.6013
29.64372702680042 33.5932
29.666938019934474 33.5134
29.689970313635285 33.4159
29.713003834422636 33.5922
29.73603858342347 33.4772
29.759254535188578 33.4105
29.78229175361658 33.4045
29.80533020365064 33.4773
29.82836988641968 33.4013
29.85159081507472 33.3454
29.874632976355343 33.3056
29.89767637376955 33.3492
29.920721008448314 33.1079
29.9439469322847 33.1801
29.96699405457564 33.1534
29.9900424175358 33.0924
30.013092022298157 33.031
30.03632295963995 33.0567
30.059375061131373 33.0411
30.08242840783577 33.056999999999995
30.105483000888153 33.0536
30.128718970092244 32.9513
30.151776069006917 32.9753
30.17483441768648 32.9887
30.198074175317235 32.9477
30.221135036724256 32.9113
30.24419715131772 32.8298
30.267260520236203 32.746
30.290505341942243 32.8443
30.313571232750228 32.9382
30.336638381310948 32.8293
30.35970678876503 32.7425
30.38295669299435 32.6466
30.40602763151657 32.7176
30.429099832366074 32.6576
30.452173296685572 32.5709
30.47542830191959 32.5481
30.498504306502497 32.5336
30.521581577995562 32.6601
30.544660117543582 32.7423
30.56792024229725 32.7416
30.59100133132069 32.6416
30.614083691845494 32.6721
30.637167325018545 32.7383
30.660432587840603 32.77
30.683518779717886 32.6604
30.70660624769615 32.787
30.729694992924372 32.8097
30.75296541239743 32.7201
30.77605672557558 32.7089
30.799149319462742 32.6111
30.8224236211637 32.5218
30.845518789950724 32.4281
30.868615242910597 32.3736
30.891712981195973 32.0744
30.91499247215866 32.0987
30.938092794619365 32.1579
30.96119440587579 32.0599
30.984297307082752 31.8389
31.00758200598383 31.8443
31.030687500658694 31.8481
31.053794288760695 31.7765
31.076902371446767 31.6696
31.100192296997445 31.6131
31.12330298246119 31.6331
31.14641496599209 31.5483
31.169528248749216 31.5735
31.19282341969534 31.5132
31.215939314557186 31.5561
31.239056512134788 31.4597
31.262175013589378 31.4118
31.28547544871168 31.427
31.30859657161541 31.2908
31.331719001892175 31.3385
31.35484274070538 31.4479
31.378148458819545 31.4836
31.401274828443725 31.4791
31.424402510106933 31.4222
31.447712205419993 31.5271
31.470842524931633 31.31
31.493974159989783 31.3534
31.51710711176168 31.3374
31.54042212308802 31.3288
31.563557722100917 31.2285
31.586694641341655 31.1637
31.609832881979628 30.9603
31.63315322823208 30.9625
31.656294125521327 30.8473
31.679436347728515 30.8152
31.70257989602529 30.6403
31.725905596152327 30.6558
31.74905181052835 30.6191
31.772199354521323 30.775
31.79534822930507 30.6517
31.818679302290967 30.7006
31.84183085259981 30.6315
31.864983737233473 30.6149
31.88813795736804 30.6174
31.911474422233013 30.4605
31.934631327356435 30.6134
31.9577895715215 30.5354
31.980949155906522 30.4711
32.004291031706956 30.4924
32.027453310562606 30.4209
32.05061693318573 30.191999999999997
32.07396288236386 30.2824
32.09712920658542 30.2869
32.12029687812702 30.096
32.14346589817093 30.0221
32.166817291729984 29.9592
32.18998902288583 29.9327
32.21316210610336 29.8385
32.23633654256711 29.7309
32.259693399663725 29.6937
32.282870556771144 29.7045
32.30604907069099 29.7275
32.329228942610065 29.5748
32.35259128243769 29.4796
32.375773884550505 29.4247
32.398957848235646 29.3706
32.422143174682176 29.3408
32.445511016471215 29.3048
32.468699082679954 29.1616
32.49188851523011 29.0718
32.51507931531304 29.0583
32.538452678331 29.1604
32.56164622776311 28.9918
32.58484114831493 28.9466
32.60803744118015 28.978
32.631416344731896 28.9452
32.654615396551876 28.9019
32.67781582427913 28.9454
32.701198898634416 28.858
32.72440209253756 28.8059
32.747606665947124 28.6974
32.77081262006088 28.6369
32.79420126883317 28.5783
32.81740999876112 28.5872
32.840620112999424 28.5264
32.86383161274818 28.4294
32.88722585534586 28.445999999999998
32.91044014056596 28.4634
32.933655814909734 28.5024
32.95687287957963 28.4011
32.98027273544904 28.384
33.00349259526636 28.3432
33.026713849030116 28.3921
33.04993649794511 28.4074
33.073341986570746 28.2608
33.09656744032826 28.2312
33.11979429286444 28.2741
33.14302254538647 28.268
33.166433686291185 28.099
33.18966475336992 28.2148
33.212897224069096 28.0808
33.23613109959831 28.0596
33.259547912343415 27.9245
33.2827846121627 27.9196
33.306022720453775 27.9234
33.32926223842861 27.7927
33.352684742614166 27.8759
33.37592709463173 27.8152
33.399170859982064 27.7132
33.422597648419426 27.7051
33.44584425514446 27.5803
33.46909227885668 27.5393
33.4923417207723 27.4128
33.51577423505344 27.3864
33.539026528130385 27.3731
33.56228024307245 27.3652
33.585535381098246 27.2448
33.60897364093058 27.2554
33.63223163992385 27.1302
33.6554910656699 27.0608
33.678751919389796 27.0954
33.702195944520106 27.0284
33.72545966903325 26.9432
33.74872482519663 26.9501
33.771991414233746 27.0114
33.79544122444841 26.9529
33.81871069412428 26.8724
33.84198160035767 26.8447
33.86525394437455 26.8047
33.88870955949969 26.7225
33.911984794020626 26.7846
33.93526147001624 26.7268
33.958539588715006 26.6569
33.98200102861669 26.6236
34.0052820477047 26.5312
34.02856451319451 26.4666
34.05203033759056 26.3926
34.07531571090147 26.3844
34.09860253431845 26.3444
34.121890809074316 26.2586
34.145362493118924 26.2428
34.16865368561615 26.2862
34.191946333164054 26.164
34.21524043699793 26.1807
34.23871800066799 26.1205
34.26201503218366 26.0386
34.28531352370466 26.0531
34.30861347646881 25.9973
34.33209693978188 25.9629
34.3553998301885 25.9549
34.378704185565205 25.8832
34.402010007152356 25.796999999999997
34.42549939016683 25.8633
34.44880815937748 25.7162
34.472118398533134 25.7311
34.49543010887669 25.6123
34.51892543169198 25.5316
34.54224009966052 25.6457
34.56555624255917 25.538
34.58887386163339 25.456999999999997
34.61237514439016 25.4954
34.6356957311114 25.4008
34.65901779775809 25.3233
34.68252356662995 25.272
34.705848608458616 25.2901
34.72917513396849 25.1966
34.75250314440949 25.1147
34.77601490857862 25.1992
34.799345904259795 25.1151
34.82267838863559 25.0562
34.846012362958525 25.0995
34.869530142679984 25.0346
34.89286711232212 24.9756
34.91620557568269 24.9721
34.93954553401677 24.9397
34.9630693495876 24.8894
34.986412313340814 24.8522
35.00975677584668 24.8062
35.033102738362956 24.8853
35.05663261012228 24.767
35.0799815881786 24.7411
35.10333207003229 24.7292
35.12668405694369 24.7907
35.150220005273056 24.6145
35.17357501786656 24.7115
35.19693153931268 24.6951
35.220289570874385 24.5181
35.24383161619786 24.6196
35.267192683604904 24.5784
35.290555264930376 24.49
35.314101899412165 24.4522
35.33746752422433 24.4709
35.36083466676374 24.4814
35.38420332829803 24.3847
35.407756095629054 24.4823
35.43112781085063 24.4713
35.45450104888391 24.3662
35.477875810999194 24.3214
35.50143473172161 24.2609
35.52481255774625 24.2538
35.54819191167777 24.1946
35.57157279478914 24.1151
35.595137889488406 24.1751
35.61852184675279 24.0578
35.641907337029984 24.0263
35.665294361595684 23.9742
35.68886565090076 23.8982
35.7122557598848 23.8862
35.73564740699838 23.8922
35.759040593519934 23.7971
35.78261809810353 23.8479
35.80601437933051 23.6986
35.829412203814705 23.6748
35.85281157283719 23.6108
35.876395313415884 23.6707
35.8997977874528 23.5613
35.92320180988546 23.5569
35.946790244133936 23.4653
35.97019737933222 23.5228
35.993606066789866 23.4197
36.01701630779276 23.3899
36.04061101440684 23.3595
36.06402437852291 23.3546
36.08743930005611 23.3819
36.1108557802951 23.224
36.13445678011326 23.2421
36.15787639383515 23.1859
36.18129757014299 23.2434
36.20472031032821 23.1145
36.22832762423364 23.0903
36.25175350829375 23.0561
36.275180960119776 23.0349
36.298609981005924 23.1449
36.32222362992669 23.0347
36.34565580510207 22.9929
36.36908955323448 22.9431
36.39252487562093 22.7667
36.416144880530226 22.8051
36.43958336764275 22.8737
36.463023432914625 22.8302
36.486465077645676 22.649
36.51009145956204 22.7745
36.53353627947859 22.7462
36.55698268276811 22.7071
36.58043067073321 22.7063
36.60406345072071 22.5751
36.62751462435344 22.5836
36.65096738658405 22.6254
36.67460498210655 22.5457
36.69806093788647 22.4694
36.72151848619297 22.3525
36.744977628333636 22.381
36.76862165890998 22.3147
36.79208400512205 22.3562
36.81554794910557 22.3369
36.83901349217101 22.2838
36.862663978991606 22.1865
36.88613273667352 22.1216
36.90960309738324 22.1399
36.933075062434064 22.0774
36.95673202673572 22.0969
36.98020721697122 22.0628
37.003684015502365 21.9604
37.027162423645365 21.9392
37.050825886711465 21.9486
37.07430753063053 21.8373
37.09779078812467 21.7962
37.121275660513014 21.8046
37.144945643673694 21.7828
37.16843376245278 21.7337
37.19192350009803 21.7817
37.215414857931435 21.7368
37.239091382563885 21.6318
37.262585997426164 21.6535
37.28608223645736 21.5813
37.309763684451696 21.5419
37.33326318851098 21.5541
37.356764320726555 21.5101
37.380267082425526 21.4901
37.40395510942588 21.4066
37.42746114683234 21.3571
37.45096881771841 21.3153
37.474478123414166 21.305
37.49817275092816 21.2962
37.52168534303452 21.2731
37.54519957395567 21.1118
37.568715445024665 21.1376
37.592416694607714 21.1609
37.61593586281424 21.1202
37.63945667518264 21.2364
37.66297913304891 21.1314
37.68668702630454 21.0829
37.710212792059274 20.9778
37.733740207334854 20.9557
37.757269273470364 20.9128
37.780983832050374 20.9213
37.80451621684926 20.881999999999998
37.82805025654007 20.7946
37.851585952464795 20.7906
37.8753071980695 20.6466
37.89884622345676 20.7026
37.92238690911902 20.6546
37.94611318753442 20.5676
37.969657210779765 20.5654
37.99320289834801 20.581
38.016750251586465 20.5011
38.04048325513017 20.4865
38.06403395679343 20.511
38.087586328183946 20.4801
38.11114037065203 20.4381
38.13488012115898 20.4293
38.1584375229181 20.3087
38.181996599821 20.2966
38.205557353221124 20.2596
38.229303872575656 20.2278
38.2528679961576 20.2301
38.27643380031219 20.1631
38.30000128639589 20.0787
38.32375459653193 20.1302
38.34732546371299 20.092
38.37089801690786 19.9831
38.39447225747609 19.9722
38.418232380377425 19.9632
38.441810012983396 19.9927
38.46538933705673 19.9211
38.488970353960084 19.9506
38.51273731166058 19.9348
38.536321731567014 19.8404
38.55990784840681 19.8828
38.58367995004091 19.8185
38.60726947812959 19.7059
38.63086070726198 19.6596
38.654453638806274 19.7035
38.678232613930824 19.6464
38.70182896773327 19.555
38.72542702806741 19.5553
38.7490267963045 19.5892
38.77281266709232 19.5377
38.79641586862214 19.4731
38.8200207821842 19.4487
38.843627409152944 19.4562
38.86742019782782 19.4237
38.891030269149255 19.3713
38.914642058016156 19.345
38.938255565806124 19.3563
38.96205529464307 19.2967
38.98567225787121 19.2686
39.00929094417078 19.2233
39.03291135492255 19.2013
39.05671804624804 19.1634
39.080341923549106 19.1334
39.103967529460334 19.1506
39.127594865365744 19.0061
39.15140854155791 18.9696
39.17503935514948 18.9897
39.19867190290282 18.9905
39.22249083587951 18.9349
39.24612686969409 18.936
39.269764641845306 18.9174
39.293404153722804 18.9164
39.317230110864074 18.7971
39.34087311998506 18.7396
39.36451787301696 18.7495
39.388164371352595 18.6462
39.41199737518003 18.7138
39.43564738196752 18.6226
39.45929913825317 18.6275
39.48295264543308 18.5609
39.506792718520884 18.5839
39.530449745387216 18.5236
39.55410852735203 18.5232
39.57776906581474 18.4756
39.60161623079 18.4673
39.625280300200025 18.3927
39.64894613032202 18.382
39.67261372255866 18.4245
39.6964680021016 18.3972
39.72013913657293 18.3418
39.74381203738292 18.3545
39.76748670593756 18.2887
39.79134812278169 18.2561
39.81502634488497 18.2417
39.83870633896685 18.1385
39.862388106436654 18.1447
39.88625668336918 18.1601
39.90994201572829 18.1539
39.933629125719285 18.1198
39.957503091207826 18.055
39.9811937746168 18.0852
40.00488623990914 18.021
40.02858048850006 17.9333
40.05246165409549 17.9014
40.076159487492085 17.8161
40.099859108448875 17.9047
40.123560518384345 17.8843
40.1474489070226 17.8531
40.171153913178564 17.7457
40.194860712584955 17.7282
40.2185693066637 17.6786
40.242464941335314 17.6286
40.26617714307655 17.61
40.289891143772046 17.6621
40.3136069448471 17.6174
40.33750984859743 17.5675
40.3612292688043 17.5318
40.3849504936829 17.5138
40.40867352466194 17.5383
40.43258372059144 17.4999
40.45631038219906 17.5056
40.48003885420956 17.4112
40.503769138055105 17.4472
40.52768664931955 17.4084
40.55142057531802 17.3383
40.57515631746428 17.2999
40.599079334038514 17.3372
40.62281872700477 17.2073
40.64655994043941 17.2626
40.67030297578061 17.2486
40.69423334835778 17.1729
40.71798004609188 17.121
40.74172857006355 17.1593
40.76547892171441 17.1392
40.7894166736039 17.0889
40.813170699248566 16.9905
40.83692655691388 16.985
40.86068424804498 17.0008
40.884629402612525 16.9961
40.908390779366385 16.9645
40.932153993938 16.918
40.95591904777605 16.8543
40.979871628443995 16.9415
41.003640379561936 16.8604
41.02741097430883 16.8318
41.05118341413683 16.7974
41.075143444384416 16.7414
41.098919593177826 16.7123
41.1226975914255 16.6812
41.14647744058318 16.6521
41.170444943946755 16.6394
41.19422851378379 16.6365
41.218013938914645 16.5868
41.24198706625173 16.5531
41.26577622087193 16.5261
41.289567235177785 16.4784
41.31336011063129 16.4434
41.337340752422875 16.4732
41.361137369129835 16.3974
41.38493585138705 16.4356
41.40873620066004 16.3526
41.43272438060107 16.3481
41.45652848292052 16.2823
41.48033445666918 16.2155
41.50414230331616 16.2402
41.528138045159764 16.2192
41.551949656675205 16.1555
41.575763145513235 16.1222
41.59957851314666 16.115
41.62358184070442 16.1025
41.64740098505737 16.0796
41.6712220126409 16.0758
41.69504492493139 16.0388
41.71905586207357 15.9954
41.74288256296395 15.9523
41.766711153007456 15.8735
41.79054163368412 15.9006
41.814560204340054 15.8871
41.838394485526365 15.8486
41.86223066180303 15.857000000000001
41.88625497706819 15.8446
41.910094962812 15.81
41.93393684811168 15.7854
41.95778063445365 15.7314
41.981812625263366 15.6854
42.00566023303407 15.6633
42.029509746323676 15.6316
42.05336116662236 15.5968
42.077400857069705 15.581
42.10125611078846 15.5518
42.12511327600405 15.5015
42.14897235421036 15.5082
42.173019768448455 15.5244
42.19688269209613 15.4575
42.22074753323349 15.3776
42.24461429335818 15.3879
42.268669455600495 15.3806
42.292540073217886 15.3398
42.31641261433284 15.3677
42.34028708044675 15.2933
42.36435001496739 15.2406
42.38822835065557 15.2977
42.41210861586426 15.2494
42.4359908120986 15.1977
42.46006154323262 15.1637
42.48394762115317 15.1231
42.507835634632315 15.1361
42.531912233047436 15.1082
42.55580413732265 15.0734
42.579697981698 15.0576
42.60359376768525 15.0373
42.62767820545945 14.9866
42.65157789440821 14.979000000000001
42.67547952952185 14.9567
42.699383112316 14.8976
42.72347541395347 14.8838
42.74738291190531 14.8415
42.771292362102166 14.8263
42.795203766063516 14.7794
42.819303956130405 14.7903
42.843219287476536 14.8059
42.86713657716324 14.7625
42.89105582671383 14.6731
42.91516392983864 14.6815
42.939087119032166 14.705
42.963012272677304 14.6388
42.98693939230129 14.6215
43.01105543317513 14.6135
43.034986504731386 14.5957
43.05891954686589 14.5808
43.08285456110972 14.5269
43.10697856448665 14.4728
43.130917542983475 14.4532
43.15485849820081 14.4566
43.17880143167367 14.3768
43.20293342237094 14.372
43.226880332449 14.3929
43.25082922540554 14.3405
43.27496722682525 14.2933
43.29892010567796 14.2917
43.32287497204102 14.3052
43.34683182745632 14.2248
43.370977859791836 14.2148
43.39493871351105 14.1738
43.41890156092628 14.2393
43.44286640358341 14.2141
43.46702049182749 14.1382
43.49098934522816 14.0552
43.51496019852649 14.0833
43.5389330532723 14.0426
43.56309522248204 14.020999999999999
43.58707210044314 13.994000000000002
43.61105098451946 13.9422
43.63503187626491 13.932
43.659202151562134 13.8701
43.68318707902681 13.8678
43.70717401884041 13.8775
43.731162972560874 13.8481
43.75534137913236 13.769
43.779334381108384 13.7945
43.803329401683186 13.8036
43.82732644241872 13.7641
43.8515130055166 13.7473
43.87551410707659 13.7454
43.89951723350145 13.6963
43.923709934595614 13.668
43.94771713129917 13.6181
43.97172635758096 13.6282
43.99573761501002 13.6597
44.0199385169922 13.5704
44.04395385732619 13.5376
44.067971233533086 13.5474
44.09199064718605 13.5426
44.11619977548961 13.4255
44.14022328470671 13.4062
44.16424883610785 13.4766
44.18827643127035 13.4009
44.21249381139513 13.4149
44.236525514814076 13.3688
44.26055926674478 13.3314
44.28459506876863 13.331
44.3088207262813 13.2853
44.33286064928722 13.2796
44.35690262714919 13.2271
44.38094666145278 13.203
44.4051806219871 13.2089
44.42922879003185 13.1499
44.45327901929361 13.1746
44.477331311362136 13.0944
44.501573600619416 13.0952
44.525630039221795 13.0576
44.54968854541895 13.0856
44.573937102200176 13.0803
44.5979997645541 13.0365
44.622064499300315 12.9395
44.64613130803592 12.9449
44.67038823869318 12.97
44.69445921643748 12.9474
44.718532272981385 12.9091
44.742607409926194 12.8884
44.76687274034801 12.8964
44.79095205918753 12.8127
44.81503346325094 12.7814
44.839116954143876 12.7896
44.86339071028742 12.7464
44.88747839599524 12.6992
44.91156817336837 12.7419
44.93566004401666 12.6915
44.959942251908146 12.7223
44.984038330325966 12.630999999999998
45.00813650686762 12.6223
45.03223678314731 12.6245
45.05652746888232 12.5909
45.08063196592069 12.546
45.104738567558705 12.5197
45.128847275414856 12.5094
45.15314646515866 12.460999999999999
45.17725940679741 12.4745
45.20137445952892 12.4959
45.22568004865265 12.4549
45.24979934496396 12.3973
45.27392075725247 12.3348
45.29804428714431 12.3543
45.322358426247604 12.3217
45.346486212804315 12.2953
45.370616121861914 12.276
45.39474815505086 12.2698
45.41907087049246 12.2327
45.4432071734666 12.1804
45.46734560548283 12.2078
45.49148616817604 12.2196
45.51581748638564 12.1765
45.5399623320197 12.1759
45.56410931325473 12.1072
45.58825843173002 12.1086
45.61259837920865 12.0516
45.636751793816 12.0762
45.66090735060093 12.0038
45.68506505120716 11.9724
45.7094136545275 11.9624
45.73357566449271 11.9501
45.75773982322992 11.9632
45.78190613238733 11.909
45.806263418194064 11.9014
45.83043404997326 11.915
45.85460683713677 11.8607
45.87897065658495 11.8331
45.90314777634752 11.8502
45.92732705646868 11.7783
45.9515084986045 11.7738
45.97588104735473 11.7809
46.00006683541565 11.7942
46.02425479047904 11.724
46.04844491420549 11.6802
46.0728262191024 11.6903
46.09702070211635 11.6971
46.12121735879483 11.6514
46.14541619080294 11.5884
46.169806278764455 11.5482
46.194009483459034 11.5355
46.21821486849841 11.5797
46.24242243555223 11.5347
46.266821333570014 11.5025
46.29103328674601 11.4835
46.31524742696538 11.5041
46.33946375590237 11.4587
46.36387149104216 11.4528
46.38809221957392 11.4038
46.41231514186606 11.3978
46.436540259597464 11.3663
46.460956858999374 11.3403
46.48518638983522 11.3163
46.509418121166966 11.2952
46.533652054678114 11.3278
46.55807754555709 11.2661
46.58231590571962 11.2759
46.60655647313217 11.2191
46.630988654873654 11.1763
46.655233659129024 11.1449
46.67948087571551 11.1318
46.70373030632484 11.1152
46.72817142736393 11.1124
46.752425308428684 11.0912
46.77668140861147 11.0878
46.80093972960865 11.0249
46.82538981736788 10.9986
46.849652602470904 11.0315
46.87391761349769 10.9926
46.8981848521493 10.9272
46.9226439341274 10.9575
46.946915650573224 10.9457
46.97118959976749 10.9278
46.99546578341598 10.8676
47.019933887188216 10.8961
47.04421456235744 10.8639
47.06849747711879 10.8244
47.09278263318286 10.7834
47.11725978640143 10.7687
47.14154944775105 10.7427
47.165841355555656 10.7199
47.1901355115306 10.7352
47.214621741924994 10.7121
47.23892041698887 10.6937
47.26322134538975 10.6667
47.28771440635075 10.6269
47.31201986422527 10.6417
47.33632758061436 10.5844
47.360637557241866 10.5767
47.38513974410611 10.6246
47.40945426407847 10.5544
47.43377104948137 10.4999
47.45809010204344 10.4596
47.48260144275502 10.4817
47.506925052572285 10.460999999999999
47.53125093475548 10.4394
47.55557909103813 10.4109
47.58009961361992 10.4067
47.60443234110732 10.3904
47.62876734791564 10.387
47.65310463578333 10.3764
47.6776343683373 10.3422
47.7019762413987 10.3172
47.72632040075572 10.2818
47.75066684815169 10.2568
47.77520581885936 10.2603
47.799556865477655 10.2296
47.823910205386 10.227
47.84826584033272 10.1968
47.87281407745551 10.1733
47.89717432569297 10.1581
47.92153687423484 10.1265
47.94609208429692 10.1543
47.97045925671401 10.1317
47.99482873471275 10.0544
48.01920052005013 10.0617
48.04376504619224 10.019
48.068141469543484 10.0615
48.09252020552573 9.99744
48.11690125590099 9.98845
48.1414751266064 9.993319999999999
48.16586082917454 9.982289999999999
48.19024885144316 9.97108
48.2146391951793 9.89728
48.239222439012764 9.90816
48.26361744916137 9.92071
48.28801478610016 9.925939999999999
48.31241445160131 9.87657
48.337007097209366 9.81751
48.36141144338331 9.808639999999999
48.38581812345755 9.79654
48.41022713920929 9.84426
48.434829215320704 9.78739
48.45924292604658 9.75995
48.48365897780325 9.75922
48.50807737237308 9.75047
48.532688907799276 9.713289999999999
48.55711201168574 9.67479
48.581537463754074 9.68009
48.60615611725119 9.68018
48.63058628942721 9.62191
48.65501881516546 9.61892
48.6794536962573 9.56957
48.70408185970339 9.56715
48.72852147531801 9.52621
48.75296345168211 9.51252
48.77740779059232 9.54518
48.80204549302823 9.52409
48.82649458091802 9.478489999999999
48.85094603676547 9.45797
48.87539986237231 9.477260000000001
48.90004713292306 9.423969999999999
48.92450572200832 9.41036
48.94896668628025 9.35864
48.97343002754588 9.37279
48.99808689542115 9.36946
49.02255501470614 9.34545
49.04702551642794 9.301060000000001
49.0714984023988 9.29144
49.096164896893235 9.30445
49.120642575466796 9.27735
49.145122643748394 9.23029
49.16960510355558 9.20764
49.19428125404938 9.24896
49.2187685210852 9.21548
49.243258185121555 9.202
49.26794160167084 9.20556
49.2924360839405 9.18731
49.31693296869764 9.14361
49.34143225776915 9.096789999999999
49.36612538195438 9.10127
49.39062950396021 9.05439
49.41513603578346 9.11537
49.4396449792564 9.07108
49.46434784069503 9.03163
49.488861631846454 9.00795
49.513377840166804 8.99271
49.537896467493745 8.99341
49.56260909589029 8.93435
49.587132585683285 8.93777
49.611658500018365 8.90114
49.636186840738596 8.890880000000001
49.66090926588511 8.869860000000001
49.685442483902584 8.91128
49.70997813385706 8.83182
49.734516217597076 8.81123
49.75924846937352 8.79907
49.7837914452858 8.78086
49.80833686055187 8.76013
49.83288471702571 8.756680000000001
49.85762682540054 8.73284
49.882179588965734 8.744010000000001
49.9067347993235 8.707089999999999
49.93129245833333 8.70621
49.95604445336378 8.71922
49.98060703442832 8.67436
50.005172069746266 8.62946
50.02993150438364 8.64263
50.05450147301533 8.62888
50.07907390151433 8.62995
50.10364879174981 8.59379
50.12841816587289 8.58802
50.1529980044635 8.55309
50.17758031042124 8.55405
50.20216508562089 8.55598
50.22694442953363 8.531
50.25153416817468 8.52972
50.27612638170508 8.5138
50.300721072005196 8.427810000000001
50.325510416102105 8.4229
50.350110084975064 8.40505
50.37471223628208 8.44158
50.39931687190919 8.37411
50.424116246675766 8.3976
50.44872587605249 8.34873
50.47333799543065 8.36213
50.49795260670191 8.3324
50.52276204271512 8.26923
50.54738166295838 8.30816
50.57200378079314 8.27011
50.596628398116835 8.27281
50.62144792604559 8.2404
50.646077567609396 8.25085
50.670709714377715 8.21486
50.69553683636198 8.18949
50.72017401885922 8.183810000000001
50.7448137122895 8.21455
50.76945591856022 8.15318
50.79429318636823 8.17634
50.818940443716784 8.18438
50.84359021965163 8.13631
50.868242516085964 8.09791
50.893089960641895 8.06536
50.917747323549435 8.06835
50.94240721271973 8.07238
50.96706963007175 8.01211
50.99192728239342 7.98983
51.01659478166073 8.02597
51.04126481489051 7.9813600000000005
51.06593738400761 7.96033
51.090805275207074 7.97865
51.11548294172845 7.92155
51.14016314993547 7.919239999999999
51.164845901758845 7.945119999999999
51.18972406304274 7.903510000000001
51.21441192780656 7.854210000000001
51.23910234200271 7.8942
51.2637953075678 7.821219999999999
51.288683770237945 7.79013
51.31338186432707 7.79168
51.33808251561888 7.79334
51.362978729967345 7.7751600000000005
51.387684521509755 7.767410000000001
51.41239287610203 7.751119999999999
51.437103795691165 7.73844
51.46201036644977 7.70535
51.486726441956634 7.646889999999999
51.51144508832545 7.7007
51.536166307509156 7.68363
51.56108326624387 7.64913
51.58580965706056 7.63737
51.61053862657523 7.63132
51.635270176746864 7.59575
51.66019755512065 7.59467
51.68493429268881 7.57799
51.70967361681515 7.52318
51.73441552946465 7.549360000000001
51.759353359237934 7.527239999999999
51.7841004750961 7.512289999999999
51.80885018539685 7.50312
51.833602492111254 7.51233
51.8585508051424 7.482480000000001
51.883308330926425 7.45005
51.90806845906181 7.44488
51.932831191525715 7.3956800000000005
51.95779001977161 7.395110000000001
51.98255798721516 7.401610000000001
52.00732856494335 7.37798
52.03229530577543 7.3529
52.057071130455945 7.32385
52.081849571391054 7.325810000000001
52.106630630568695 7.32713
52.13160794279417 7.279260000000001
52.15639426492067 7.2992300000000006
52.18118321127822 7.26775
52.205974783860896 7.2384
52.23096269971011 7.26502
52.255759551287994 7.20936
52.280559035098186 7.199510000000001
52.30536115314103 7.1831
52.33035970494467 7.15722
52.35516711807904 7.138910000000001
52.37997717147198 7.124460000000001
52.40478986713005 7.1687
52.42979908731974 7.13478
52.454617094216 7.07644
52.47943774942214 7.04604
52.50426105495102 7.05523
52.529280976059844 7.040039999999999
52.554109609024096 7.031860000000001
52.57894089837482 7.020569999999999
52.60377484613117 6.998589999999999
52.62880550079408 6.95954
52.65364479223379 6.99023
52.67848674816189 6.969239999999999
52.70352547971946 6.9903
52.72837279155837 6.94455
52.753222773982785 6.924589999999999
52.778075429022984 6.9309
52.80312495150885 6.94658
52.827982978797436 6.9234800000000005
52.85284368481815 6.8484300000000005
52.87770707160767 6.854710000000001
52.90276741793998 6.80957
52.92763619336701 6.79356
52.952507655698504 6.79758
52.977381806977576 6.7873
53.00245301017842 6.788310000000001
53.02733256653592 6.77107
53.052214817996074 6.775289999999999
53.077099766608484 6.73141
53.102181859804446 6.750839999999999
53.127072229988265 6.74626
53.15196530349892 6.65395
53.17686108239249 6.67558
53.20195409881522 6.66927
53.22685531582556 6.6619600000000005
53.25175924441303 6.619269999999999
53.27666588664027 6.602710000000001
53.30176985962693 6.59156
53.3266819565689 6.64284
53.35159677336455 6.60613
53.376514312083096 6.57666
53.40162927507703 6.53956
53.42655228516116 6.5573
53.45147802340193 6.54835
53.47660125628886 6.49324
53.50153247842639 6.50814
53.52646643496923 6.49061
53.55140312799818 6.46446
53.576537409691696 6.4619800000000005
53.60147960336152 6.40144
53.626424539786164 6.42623
53.65137222105307 6.38663
53.67651758529126 6.41018
53.70147078399681 6.3560099999999995
53.72642673383343 6.33744
53.75138543689533 6.31003
53.776541917524526 6.34581
53.801506154876755 6.3417900000000005
53.826473151763246 6.3261400000000005
53.851442910284916 6.29475
53.87661054126026 6.30628
53.9015858509782 6.26804
53.92656392866066 6.27735
53.95154477641532 6.2743
53.976723591801296 6.22039
54.00171000771266 6.22668
54.02669920004598 6.211469999999999
54.051691170915745 6.21464
54.076881204886796 6.18731
54.101878760928514 6.148280000000001
54.12687910187696 6.139469999999999
54.152077577768296 6.11001
54.1770835166946 6.11998
54.20209224691339 6.10827
54.22710377055121 6.09485
54.25231352511594 6.082319999999999
54.27733066384342 6.04585
54.30235060239643 6.05053
54.32737334290836 6.03228
54.35259441062629 6.0189900000000005
54.377622783395324 6.01395
54.40265396455061 6.0298300000000005
54.42768795623251 5.9835400000000005
54.45292037169559 5.94378
54.477960012857906 5.9945699999999995
54.50300247099511 5.89698
54.52804774825457 5.8981
54.55329154616743 5.84981
54.57834249018678 5.84929
54.6033962597977 5.79378
54.6284528571545 5.82762
54.653708072335164 5.80047
54.67877035378786 5.79231
54.70383546947698 5.70055
54.72890342156389 5.68072
54.7541700889442 5.66977
54.77924374251975 5.71387
54.8043202390049 5.7188300000000005
54.82959552413022 5.65057
54.8546777351945 5.63985
54.87976279569621 5.66132
54.90485070780914 5.723330000000001
54.930137506558005 5.59472
54.95523115074295 5.60047
54.98032765308844 5.545
55.005427015775496 5.47489
55.03072536339621 5.5199
55.05583047570572 5.4873400000000006
55.080938454927676 5.42548
55.10604930325027 5.41265
55.131359235107396 5.44461
55.15647585066083 5.40281
55.181595341907496 5.397869999999999
55.20671771104285 5.37188
55.232039262617704 5.395490000000001
55.25716741665048 5.33477
55.28229845518636 5.33884
55.30743238042802 5.22511
55.33276558731939 5.24175
55.357905315183636 5.20564
55.383047936390035 5.143269999999999
55.40819345314859 5.1395599999999995
55.433538351073295 5.155130000000001
55.458689688238415 5.16678
55.483843927614096 5.06104
55.509197623043605 5.0647400000000005
55.53435769621134 5.054209999999999
55.55952067826466 5.01957
55.5846865714265 4.99444
55.61005202069737 4.99177
55.63522376553902 4.953869999999999
55.66039842818645 4.94885
55.68557601087004 4.91694
55.7109532500271 4.93749
55.73613670233794 4.91887
