TT I
1.2716486653135266 8.08175
1.2939594142134223 7.7938600000000005
1.3162702121660406 7.392410000000001
1.3385810600174564 6.968789999999999
1.3608919586137629 7.282310000000001
1.383202908801069 6.60085
1.405513911425503 5.55901
1.4278249673332093 6.562989999999999
1.4501343378461518 6.62953
1.4724455028545926 6.46207
1.4947567236847858 6.47417
1.517068001182951 6.435219999999999
1.5393793361953272 6.26387
1.5616907295681737 5.7798300000000005
1.5840021821477681 5.558669999999999
1.60631369478041 5.3914800000000005
1.6286252683124185 5.3898
1.6509369035901333 5.86494
1.6732468618895553 5.34085
1.695558623192809 5.26866
1.7178704487808514 5.6132
1.7401823395001077 5.1481
1.7625012545597203 5.32386
1.7848028405262486 5.20105
1.8071218901122095 4.64503
1.8294236121921872 4.77257
1.8517427996910911 5.246580000000001
1.8740620574440425 4.606669999999999
1.8963639900671978 4.6948
1.9186833908139995 4.7369
1.9409854680117449 4.81418
1.9633050151394713 4.987480000000001
1.9856246367570705 5.12299
2.0079269371922672 4.34616
2.03024671027244 4.71482
2.0525491637446027 5.05605
2.074869091674931 4.6364
2.097171701569106 4.88729
2.1194917877373847 5.43434
2.141811954326636 4.40709
2.164114805233074 4.38581
2.186435135143035 5.57547
2.208738150935709 11.2815
2.231058647554722 20.984
2.2533792288321184 15.7308
2.275682498336085 8.32227
2.298003251406138 5.5820099999999995
2.3203066942619714 5.72325
2.3426276225136022 5.388330000000001
2.3649486396617507 5.2663
2.387252348930071 5.39347
2.4095735463442893 5.6239099999999995
2.4318774374315884 5.45401
2.4541988185014043 5.1387599999999996
2.476502894794693 5.81915
2.498824462909887 6.16447
2.521146125856138 6.08505
2.5434504863470337 6.06433
2.5657723414244717 7.2186699999999995
2.588076895590662 6.749630000000001
2.610398946189713 6.7050399999999994
2.6327210958598384 6.8491
2.6550259469304716 6.72196
2.6773482972090137 6.7110199999999995
2.6996533504259 7.2718
2.7219759047039602 7.24562
2.744298562293959 7.14611
2.7666039251246595 7.60588
2.7889267918020164 7.86388
2.8112323652516555 7.9266
2.833555444408179 8.01061
2.8558786311183852 8.181239999999999
2.8781845268938557 7.9466399999999995
2.9005079311721484 8.47614
2.9228140460410397 8.74081
2.9451376712799635 8.99492
2.967444008632326 8.904860000000001
2.9897678582247247 9.85853
3.0120918213106695 10.7031
3.0343984987899373 11.1671
3.0567226913198637 10.9844
3.079029599759726 11.3787
3.101354025127254 12.2623
3.123678568232338 12.599
3.145985829517914 13.0299
3.16831061055229 13.4579
3.1906181112775593 14.3428
3.212943133635653 14.8525
3.2352682779763207 15.1677
3.2575761442691227 15.5484
3.2799015350264273 16.0315
3.302209649240067 17.1126
3.3245352898092655 17.0149
3.3468436553365257 17.4966
3.369169549113219 17.8988
3.3914955708171384 18.8519
3.413804319727358 19.1601
3.4361305997334863 19.5911
3.4584396084414553 20.0183
3.4807661501462652 20.5211
3.503092824025881 21.4203
3.5254022288463154 21.4699
3.5477291695206588 22.1011
3.5700388426251948 22.5597
3.5923660534916446 23.9742
3.6146934007816114 35.0753
3.637003482731501 69.5792
3.6593311053109985 76.2241
3.681641464033634 46.7074
3.7039693653009733 28.7671
3.726297407241705 26.5362
3.7486081875460804 26.076999999999998
3.7709365132734978 26.3013
3.793247578841633 26.8344
3.8155761917550093 26.8729
3.8378875459837216 27.7554
3.8602164494827234 27.6789
3.882545499606844 29.0042
3.9048572932539183 29.7027
3.9271866390645718 29.6015
3.9494987298666713 30.4096
3.971828374764527 30.791
3.9941581705403255 31.4875
4.016470713506008 32.1543
4.038800813471445 32.7434
4.061113662089144 33.3869
4.0834440696459176 34.4604
4.105774632334751 34.4741
4.128087945865126 35.7398
4.150418821249301 36.0836
4.172732448931298 37.4316
4.195063640413578 38.6313
4.2173775856475215 42.4841
4.239709096631102 66.8335
4.262040768704612 182.012
4.284355196706267 233.072
4.306687193387355 152.99200000000002
4.329001947444346 69.6166
4.35133427213731 47.4251
4.373666762177566 45.3876
4.395982011761091 45.2164
4.418314834921175 46.4371
4.44063041906622 52.302
4.4629635787515625 60.3063
4.4852969080429785 60.4598
4.5076130004776225 54.4993
4.529946671403969 53.0099
4.552263106909177 52.7883
4.574597122877047 53.4862
4.596931312711224 54.0731
4.619248269273446 54.7154
4.6415828092605835 55.9995
4.663900117405352 57.1708
4.686235010953232 58.8389
4.708552674085913 59.8607
4.730887924602802 61.2448
4.753223354952695 62.8675
4.775541557023902 65.1488
4.797877349456786 66.84899999999999
4.820195915032126 68.7628
4.842532072957498 70.0847
4.864868414979744 71.9638
4.88718753227192 74.738
4.909524244902505 76.4413
4.931843734218147 79.1157
4.954180820867835 81.8705
4.976518095879839 85.0937
4.998838149695359 88.04299999999999
5.021175803844231 92.1247
5.043496238205739 95.8092
5.065834274903528 101.132
5.088172504230693 107.569
5.1104935158799565 116.444
5.132832132875765 140.004
5.155153533596801 181.045
5.1774925416746225 244.732
5.199814334878411 581.185
5.2221537374521505 1578.37
5.244493338631803 3630.18
5.266815727034316 7446.5
5.289155727832427 11427.5
5.311478517248165 9002.08
5.333818921080011 3488.78
5.356159527788849 749.623
5.3784829252032536 224.734
5.400823940070432 162.41299999999998
5.423147747031976 139.937
5.445489173474152 127.82
5.467830807066149 121.465
5.490155234831516 116.741
5.512497285125229 111.92
5.534822130975162 109.449
5.557164601388673 106.917
5.579489868738879 104.09200000000001
5.601832762690846 102.792
5.6241758697774475 101.915
5.646501775867269 100.475
5.668845311622074 99.4336
5.691171647754637 99.0677
5.713515615597765 97.7761
5.735859800852677 96.4587
5.758186788542988 96.3978
5.780531411018185 96.9508
5.802858837297399 96.335
5.825203900414495 96.693
5.8475491852224 97.6237
5.869877275883075 98.38600000000001
5.892223006467101 99.8148
5.914551544266608 102.044
5.936897724049891 106.27799999999999
5.959244129804903 115.583
5.981573344815301 152.79
6.0039202049061 311.46299999999997
6.026249875609095 656.052
6.04859719346037 1267.08
6.070927323278297 2327.1
6.093275102315365 4107.9
6.115623113320588 4806.49
6.137953938319995 3401.03
6.160302415650845 1170.39
6.182633708324452 285.933
6.2049826554078376 128.31799999999998
6.227331838745022 100.738
6.249663839443684 90.5115
6.27201349767565 86.5352
6.294345974611799 89.5669
6.316696111167083 96.4458
6.339046488263839 91.1453
6.361379686074702 80.0821
6.383730546639482 74.0304
6.406064229255215 71.3364
6.428415576718203 70.8477
6.450749747566656 69.6226
6.47310158535871 68.1367
6.495453669698332 67.3499
6.517788579421056 66.6528
6.540141159237969 65.7665
6.562476565766648 65.0599
6.5848296444934045 64.5881
6.607182974060425 64.5683
6.6295191323281015 64.2728
6.651872965955752 66.7107
6.6742096296068985 85.1843
6.6965639707294615 116.889
6.71891856698715 116.006
6.741255995248479 84.7863
6.763611104154477 66.64
6.785949046381137 61.4565
6.808304671371482 60.2079
6.8306605557940046 59.6375
6.852999275508618 58.9036
6.875355681171544 58.5979
6.897694923437771 58.3262
6.92005185377892 57.9819
6.9423916220322655 57.876000000000005
6.964749080490181 57.0687
6.987106804399774 57.4864
7.009447368180821 57.1937
7.031805625367033 57.2351
7.054146723727803 57.0343
7.076505517631004 56.7069
7.098864581288365 56.681000000000004
7.121206488070854 56.4767
7.143566093607822 56.8246
7.165908543567245 56.986000000000004
7.188268694426048 57.016000000000005
7.2106291193438095 56.4989
7.232972390625943 57.8031
7.255333366030969 67.4583
7.277677189091925 105.18700000000001
7.300038718428332 138.235
7.322400526130865 118.781
7.344745183422596 79.9502
7.367107550224791 61.0958
7.389452767901992 57.3157
7.411815697249891 56.4997
7.434161478756298 55.6487
7.456524974096713 55.6431
7.478888753837185 55.8592
7.501235387657368 56.2068
7.523599738562711 55.9509
7.545946944825532 56.4925
7.568311870344528 57.0311
7.5906770845765665 56.8502
7.613025156078678 57.6555
7.635390950099687 58.89
7.657739602662809 57.9883
7.680105979923558 57.4612
7.702472650212829 58.1526
7.724822180948224 57.4949
7.747189439655568 57.5518
7.769539560075357 57.6137
7.791907410653562 57.7921
7.81425812420825 58.1672
7.836626570110925 58.4987
7.858995315087906 59.508
7.881346924933401 59.6024
7.903716270417482 60.1494
7.926068482028405 60.5293
7.948438431475253 61.3471
7.9708086843180235 61.6819
7.993161805171116 62.1098
8.015532667162402 62.6491
8.037886398416653 63.7523
8.060257873014221 63.9699
8.082629655331942 64.9118
8.104984308787587 65.7637
8.127356708900503 68.5299
8.149711981398308 72.8341
8.172085002766314 74.8097
8.194458336181368 72.916
8.216814543847752 71.4263
8.23918850371002 71.7312
8.26154533906492 72.7451
8.283919928836452 74.6031
8.306277395339652 75.0757
8.328652618483376 77.1794
8.351028159736202 79.4416
8.373386579575245 81.9398
8.395762759396959 84.4121
8.418121819038275 89.1446
8.440498640894003 100.62899999999999
8.462875785192262 115.76700000000001
8.485235811156207 143.66899999999998
8.507613602688501 218.44799999999998
8.529974277114228 337.88699999999994
8.552352719347912 493.525
8.574731488360351 751.7510000000001
8.59709314210385 1176.39
8.619472567021075 1693.22
8.64183487789147 2122.54
8.664214962183097 1828.36
8.686577933647762 1049.71
8.708958680784317 425.798
8.731339760774953 182.21099999999998
8.753703729764451 118.915
8.77608547780821 104.787
8.798450116065078 99.9762
8.820832535634787 96.6465
8.843215292401656 95.0098
8.865580941199045 92.9421
8.887964374703538 91.5974
8.910330701447199 92.6895
8.932714815164482 93.8063
8.955099270424924 92.5039
8.977466620733543 89.9999
8.999851761421976 88.0822
9.022219798361645 86.8739
9.04460562795561 86.6061
9.066991803441677 86.0862
9.089360876979615 85.7324
9.111747746589993 85.7217
9.13411751544971 85.0981
9.156505082664324 84.51899999999999
9.178875550323522 84.7091
9.20126381862328 84.8743
9.223652438908596 85.0039
9.246023961427412 84.91799999999999
9.26841328802173 84.8219
9.290785518039224 84.7765
9.313175554425882 85.7354
9.335565947154315 86.01
9.357939245086508 85.8514
9.380330352834827 85.90299999999999
9.40270436697103 86.0072
9.425096193225055 86.1089
9.447488380180165 86.9443
9.469863475295412 86.9565
9.492256385987508 87.6343
9.514632206018318 88.1783
9.537025843935714 88.5831
9.559402392368193 89.5719
9.581796761000229 90.4826
9.604191496441521 91.5152
9.626569144158516 94.1244
9.648964615551032 97.4711
9.671343000390081 99.4962
9.693739211225699 97.9568
9.716135793237463 96.5851
9.738515290448102 96.3106
9.760912617143402 97.5772
9.783292860202891 98.8471
9.805690935076182 100.544
9.828089385495742 101.544
9.850470754023561 103.98100000000001
9.872869957865444 110.495
9.89525208097539 122.311
9.917652041736662 132.829
9.940052382417589 139.447
9.962435644102392 168.081
9.984836746950979 227.28099999999998
10.007220771957746 311.247
10.029622640473708 433.094
10.052007432299963 610.1759999999999
10.074410069984072 862.868
10.096813093716005 1214.98
10.119199042482517 1609.98
10.141602840636468 1871.79
10.163989564971628 1661.77
10.186394141051062 1030.23
10.208799107559706 478.918
10.231187001965623 215.25
10.253592751657669 136.578
10.275981430388155 119.23299999999999
10.298387966769793 116.955
10.320794897965431 117.324
10.343184759907361 115.618
10.36559248305461 111.4
10.387983138083852 109.95100000000001
10.410391656691655 117.43299999999999
10.432800574501677 134.78799999999998
10.455192425893369 156.579
10.47760214443012 186.418
10.499994797678786 229.805
10.522405320453982 296.605
10.54479877906917 383.506
10.567210109595656 484.504
10.5896218454736 540.4
10.612016518879773 523.951
10.634429067781074 369.87300000000005
10.656824555333241 213.707
10.679237920773568 131.129
10.701651695961992 100.559
10.724048411481384 92.3526
10.746463008485165 89.8085
10.768860546937125 87.9292
10.791275969274796 85.9751
10.81369180576079 84.8862
10.836090585366925 83.633
10.858507252467449 82.2941
10.88090686379991 81.4139
10.903324365036394 80.7835
10.925724811614439 80.1031
10.948143150509463 81.3474
10.970561909719066 80.5282
10.992963615930844 78.6423
11.015383218085756 76.8997
11.037785768347074 75.5708
11.06020621697282 74.8323
11.082627090322113 74.383
11.105030913430326 73.7816
11.12745263854165 74.3163
11.149857314510728 76.6379
11.172279894912576 80.5719
11.194702904450653 80.3962
11.217108866490921 77.5523
11.239532736615194 74.594
11.26193956033512 72.7723
11.284364294577085 71.6472
11.306789462371718 70.1335
11.329197585398376 69.286
11.351623622610898 69.1833
11.37403261614354 68.051
11.396459526308487 67.9712
11.418869393879497 67.8285
11.441297180532617 67.3063
11.463725406927658 66.7716
11.486136592353875 66.5328
11.508565700543707 67.0311
11.530977768845315 68.2445
11.553407762368774 68.7779
11.575838200059769 68.2827
11.598251599479612 67.0027
11.620682927815501 65.8895
11.64309721895548 65.4986
11.665529441478206 65.2206
11.687962112597958 64.8747
11.710377748130886 64.9973
11.732811318753434 65.0592
11.755227854859067 65.0007
11.777662328529495 64.605
11.800079768750786 64.6335
11.822515149015453 64.5315
11.844950984084935 64.7537
11.867369787303163 64.3418
11.889806534289491 64.2388
11.912226250487029 64.6154
11.934663912939751 64.8989
11.9571020346363 65.0981
11.979523127133968 65.229
12.001962169624331 66.2815
12.024384183972964 68.7211
12.046824150809913 73.3847
12.069264581333726 79.4739
12.091687985297767 86.5794
12.11412934550045 96.1077
12.136553680195208 109.829
12.158995973632788 127.656
12.181438735204349 149.716
12.20386447284199 177.028
12.226308172985636 198.955
12.24873485024193 204.15
12.271179492516982 174.21
12.293607112949127 131.299
12.316052700916226 98.2696
12.338498763250042 79.896
12.360927805303868 71.355
12.383374818673879 68.0447
12.405804812803074 66.6995
12.428252780773262 66.3303
12.45070122756722 66.4343
12.473132656675375 66.3217
12.49558206341869 66.5937
12.518014453510101 66.2975
12.540464823770117 66.6446
12.562915677315177 66.6859
12.58534951575545 67.4214
12.607801338171472 68.9179
12.630236146511358 72.6056
12.652688941369085 76.1927
12.675124723177234 76.6374
12.697578494048786 74.0292
12.720032754458185 71.0251
12.742470003354093 69.7748
12.764925245138771 70.0242
12.787363476431278 70.2261
12.809819703166806 70.6229
12.83227642391173 71.3432
12.854716135692716 71.9651
12.877173846755147 73.0252
12.899614549869717 73.378
12.9220732548287 74.3919
12.94453245827299 74.935
12.966974655289818 75.9918
12.989434858002571 76.7563
13.011878055298721 77.6672
13.034339260862497 78.794
13.056800969391883 80.1346
13.079245674017244 83.0367
13.101708390774869 87.1451
13.12415410463411 98.1191
13.146617833206086 112.506
13.169064559883248 126.78399999999999
13.191529303857127 143.641
13.213994557076367 167.06599999999997
13.236442809902437 200.49900000000002
13.258909083908291 245.968
13.28135835851934 294.857
13.30382565690295 352.033
13.326293469022952 403.902
13.348744283242008 423.35699999999997
13.371213125129904 370.411
13.39366497011003 279.774
13.416134845360597 187.104
13.438605238843131 132.482
13.46105863690397 115.613
13.483530069144786 116.81
13.505984506951902 123.96799999999999
13.528456981549432 135.875
13.550929978879088 151.017
13.573385983253365 173.02599999999998
13.595860028340867 204.85299999999998
13.618317081455832 242.59400000000002
13.64079217790333 287.39799999999997
13.663250283359057 330.223
13.685726434770173 357.62
13.708203115221277 341.19699999999995
13.730662806148091 274.798
13.75314054697177 199.856
13.775601299246777 136.262
13.798080104050406 102.323
13.820559442405358 88.8727
13.843021793671388 84.725
13.865502201420897 82.8508
13.887965623051947 82.0539
13.910447103807167 80.9206
13.932929122629764 79.5627
13.955394156785959 79.0849
13.977877254034569 78.0969
14.000343367582113 77.501
14.022827546871707 76.7634
14.045294743423524 76.067
14.06778000837062 75.2422
14.090265817715476 75.117
14.112734645763819 74.7636
14.13522154619454 74.4437
14.157691466286913 74.21
14.180179461423874 74.2772
14.202668005486178 73.4855
14.22513957064374 72.9382
14.247629214846473 72.654
14.270101881097517 72.2379
14.29259262906496 72.4491
14.315083930490205 72.8286
14.337558255389705 73.01
14.360050666019726 72.8935
14.382526101071944 72.1942
14.405019624534942 71.4793
14.427513705993134 70.9077
14.449990813291825 71.0005
14.47248601302899 70.8063
14.49496423954951 70.9541
14.517460561197822 71.2315
14.539939910570322 70.9675
14.562437357763558 71.2004
14.58493536931253 72.3423
14.607416409993311 72.7603
14.62991555254159 73.4389
14.652397725157423 73.6991
14.674898002342799 73.2269
14.697398848433282 72.9845
14.719882725991326 74.1225
14.74238471217934 76.5581
14.764869730765593 81.4502
14.787372860692983 85.7737
14.809876564079925 91.1232
14.83236330125751 98.0511
14.854868153850365 106.455
14.877356041159485 119.15299999999999
14.899862046604186 134.476
14.922351087688757 154.005
14.944858249632887 176.114
14.967365991421232 199.5
14.989856770231246 215.824
15.012365673994204 217.643
15.03485761569738 193.35
15.05736768508665 154.789
15.07987833888692 120.991
15.102372032001655 94.3873
15.124883856909658 79.8316
15.14737872204565 74.7156
15.169891721717274 73.0054
15.192405310371893 72.6704
15.214901940621196 72.6519
15.237416709527137 72.6055
15.259914520936249 72.5472
15.282430473753607 71.6553
15.304947020131227 70.5126
15.327446610371178 69.7704
15.349964346154254 69.1222
15.372465126703139 68.684
15.394984055556009 68.6508
15.417486030076159 68.615
15.44000615566487 68.3002
15.462526881230803 68.1542
15.485030653812652 68.2929
15.507552581617434 68.1161
15.530057557334603 68.1617
15.55258069104857 68.4604
15.575104429329837 68.1829
15.597611216864632 68.3346
15.620136166564563 68.8987
15.6426441664095 70.8104
15.665170331202765 74.4663
15.687697105158826 78.1956
15.710206930593545 82.3029
15.732734925158933 87.0608
15.755245972089478 93.6482
15.77777519094324 102.53200000000001
15.800287463046663 113.735
15.822817909869592 128.36700000000002
15.84534897229804 143.961
15.867863089299354 162.701
15.890395385222186 179.699
15.912910736597423 191.361
15.935444269699861 186.732
15.957978423016485 164.16099999999997
15.980495633101265 131.875
16.003031029129367 102.251
16.02554948280019 80.2146
16.048086125229432 70.2643
16.070623392487107 67.046
16.09314371869582 65.8608
16.11568223789321 65.0312
16.13820381691126 63.9818
16.160743591742527 63.1263
16.183283996022084 62.4441
16.205807461423195 61.3247
16.228349126881973 60.9116
16.25087385432698 60.6034
16.27341678466365 60.091
16.29594277784926 59.8943
16.31848697676433 60.0145
16.341031811604868 60.0038
16.36355971058487 60.3564
16.3861058195587 60.0837
16.40863499352978 59.0874
16.431182380342005 58.3995
16.453730407713202 57.7328
16.476261501364792 57.4207
16.498810812136167 57.2135
16.52134319004079 57.4456
16.54389378792203 57.1086
16.566445031001553 56.9348
16.588979342490088 56.8135
16.61153187824822 56.8903
16.634067483263312 56.6272
16.656621315414416 56.4246
16.679175797408888 56.0226
16.701713349928728 56.2429
16.72426913389191 56.4777
16.74680798922351 56.4492
16.76936507887444 56.8238
16.791905240734874 56.735
16.814463639794468 56.4985
16.837022695210294 56.7419
16.859564824093756 56.8785
16.882125194503903 57.2393
16.904668639217885 57.7797
16.927230328348003 57.9486
16.949792678493612 57.8692
16.972338104193863 57.781000000000006
16.994901778652235 57.2438
17.017448529496576 57.1917
17.040013531998152 57.8538
17.06257920018044 58.6011
17.0851279459922 59.6143
17.107694947817667 60.5067
17.130245028099072 61.3394
17.15281336730298 62.8341
17.17536478578733 64.6644
17.19793446610687 66.6247
17.220504818648422 69.0874
17.243058251703697 71.4729
17.265629950971032 75.0303
17.288184731571736 78.6529
17.310757781306908 82.4856
17.33333150794385 84.7256
17.355888317140174 84.1832
17.37846339986244 79.976
17.401021565958885 73.8666
17.42359800851343 68.2455
17.44617513265564 64.4794
17.468735341390783 61.9993
17.491261035594565 61.0179
17.51396340099364 60.7145
17.536490463869136 60.9837
17.559018209820174 60.9424
17.58154663977963 61.0976
17.604251766089718 61.2377
17.626781572227713 61.6688
17.64931206518155 61.7575
17.671843245885103 62.3999
17.69455114821572 62.446000000000005
17.717083712612634 62.6825
17.739616967569667 62.9849
17.762150914021706 63.3647
17.78486160749854 63.3486
17.807396945166804 64.5084
17.829932977143503 65.8541
17.85246970436452 68.1356
17.875183204129467 70.6607
17.897721330097664 72.6937
17.920260154126645 75.4966
17.942799677153296 78.7023
17.9655159983646 82.7597
17.988056927677544 87.8185
18.010598558807683 94.2951
18.033140892692916 101.85600000000001
18.05586005052525 110.098
18.07840379824407 119.77600000000001
18.10094825154059 130.143
18.12366954819864 139.95
18.146215420998306 142.937
18.16876200220057 137.54399999999998
18.191309292745153 124.37100000000001
18.214033452627167 110.7
18.236582170236648 97.6749
18.259131600016456 90.9953
18.281681742907335 89.4993
18.304408781233683 91.7914
18.32696035875955 95.0344
18.349512652227624 99.0637
18.372065662579683 103.585
18.394795594587553 106.221
18.41735004715306 105.03299999999999
18.43990521943684 98.9947
18.46246111238171 90.0455
18.485193953325208 80.0777
18.507751296070428 72.5038
18.530309362314178 67.8813
18.552868153000343 65.66
18.57560391815056 64.1192
18.59816416623245 63.5006
18.620725141597372 63.1257
18.643286845190268 62.6909
18.666025549835414 62.2771
18.688588718427933 61.6155
18.711152618092243 61.6458
18.73389353884365 61.1613
18.75645890921984 60.9433
18.77902501351406 60.5303
18.801591852673102 60.4993
18.824335739722738 59.9265
18.846904057212626 59.8377
18.8694731124168 59.5256
18.89204290628315 59.6164
18.914789774966803 59.3166
18.937361054791623 59.0082
18.959933076131318 59.0823
18.982505839934877 58.9138
19.00525570560582 59.0842
19.027829963004184 58.6776
19.05040496572238 58.7493
19.072980714710468 58.8978
19.095733592739563 59.4733
19.11831084296757 59.7819
19.140888842324735 60.1992
19.16346759176222 60.4421
19.18622349753803 61.1694
19.208803755869358 61.9099
19.231384767143577 63.0708
19.253966532312948 64.47
19.276725481241822 66.0169
19.29930876296784 67.9132
19.3218928014549 70.0799
19.34465404436217 72.4399
19.36723960516257 75.3484
19.389825925592426 77.1274
19.412413006605938 77.3828
19.43517731967805 74.6469
19.457765930683355 70.0745
19.48035530514408 65.7925
19.50294544401556 61.8179
19.525712842708348 58.6129
19.54830451925909 57.0069
19.570896963095727 55.9011
19.593490175174704 55.6467
19.616260674962184 55.8137
19.638855432416964 55.2174
19.661450960992624 55.3138
19.68404726164677 55.2306
19.706820878021247 55.0798
19.729418731756834 55.3203
19.752017360452857 55.0026
19.77461676506804 55.3791
19.797393513540218 55.5764
19.819994478951667 55.9696
19.84259622316767 56.5408
19.8651987471481 56.9818
19.887978643247177 57.3313
19.91058273574792 57.9026
19.933187610901943 58.5636
19.955969879466828 59.566
19.97857632894404 60.9604
20.00118356396599 62.1744
20.023791585494575 63.928000000000004
20.046577028914875 65.9769
20.069186632506966 67.9445
20.091797025500632 70.0444
20.114408208858933 71.5698
20.137196842715273 71.8848
20.159809615886765 71.0555
20.18242318232135 68.4859
20.20503754298326 66.4039
20.227829382875154 64.442
20.250445341109344 63.7178
20.27306209647285 63.8233
20.29567964993108 64.4782
20.31847471147704 65.5249
20.34109387027612 66.5771
20.363713830075454 66.6036
20.386334591841646 65.723
20.409132890679302 63.3842
20.431755265564437 60.4592
20.454378445325528 57.4746
20.477002430930366 55.2489
20.499803982716553 53.8952
20.522429589228004 53.2295
20.54505600449589 52.7656
20.567683229489194 52.4702
20.590488049900088 52.1837
20.61311690359731 51.6784
20.63574656993626 51.3863
20.658553853717297 51.1992
20.681185154618298 51.1678
20.703817271080066 51.1942
20.72645020407368 50.8095
20.749260783967177 50.6425
20.771895359337133 50.5771
20.794530754161617 50.5701
20.817166969412938 50.4943
20.83998086114876 50.4725
20.86261872660049 50.3553
20.885257415405402 50.382
20.90789692853701 50.1553
20.930714147864748 50.1733
20.953355319030678 50.303999999999995
20.97599731745334 50.4821
20.99864014410749 50.181999999999995
21.021460706796564 50.3384
21.044105199328826 50.4076
21.06675052302631 50.7432
21.089396678865015 50.8847
21.112220600704806 51.0278
21.134868430275347 51.4434
21.15751709492456 51.6128
21.180166595629693 51.6561
21.202993892429635 52.1157
21.22564507473034 52.3928
21.24829709602816 52.8451
21.27112693608965 52.9709
21.293780644891275 53.1801
21.316435195634053 52.7215
21.339090589297417 51.8045
21.361923832041875 51.3943
21.384580921090404 50.753
21.407238856007325 50.0062
21.429897637773326 49.992
21.45273429906592 50.02
21.475394784108598 49.9594
21.498056118951983 49.744
21.520718304578022 50.0912
21.543558400304388 50.1443
21.566222297108816 50.4996
21.58888704765135 50.9431
21.61155265291521 51.3368
21.63439619898156 51.6263
21.657063523335786 51.9648
21.67973170537063 52.4415
21.7024007460706 52.9763
21.72524775840385 53.7121
21.747918526116475 54.8388
21.770590155457388 55.8636
21.79326264741238 57.2462
21.816113141960237 58.586999999999996
21.838787368860547 60.011
21.861462461341976 61.5215
21.884315579735777 63.5032
21.90699241312273 65.2019
21.92967011506078 66.3745
21.95234868653799 66.6243
21.9752053151131 65.4947
21.997885635446785 63.7657
22.020566828293532 61.5074
22.04324889464272 59.5768
22.066109049404666 58.0355
22.088792872571794 57.3223
22.111477572219204 57.1363
22.1341631493376 57.4003
22.157026846313123 57.3384
22.179714188221507 56.9707
22.202402410582668 56.0531
22.22509151438863 54.625
22.24795876962584 53.1945
22.270649646204486 52.2224
22.293341407213727 51.5318
22.316034053646906 51.0578
22.338904883215342 50.7142
22.36159931041458 50.4507
22.38429462602756 50.5564
22.40699083104897 50.3566
22.429865251039757 50.2977
22.452563244831367 50.356
22.47526213102522 50.445
22.49813925616515 50.2977
22.520839937143307 50.1588
22.543541513520587 50.1043
22.56624398629403 50.0343
22.589124730075895 49.8976
22.611829005656723 50.288000000000004
22.63453418063466 50.3758
22.657240256008077 50.5742
22.680124634582935 50.8037
22.70283252079775 51.0578
22.725541310413075 51.5238
22.74825100442868 51.5933
22.771139033969575 52.2324
22.79385054687155 52.3703
22.81656296718292 53.0508
22.83927629590484 53.8067
22.862167992606945 54.6869
22.88488314827121 55.3162
22.907599215359284 56.0824
22.93031619487366 57.0937
22.953211574954405 57.8714
22.975930389478226 58.9882
22.998650119445763 59.2928
23.02137076586092 59.1907
23.044269845560063 58.106
23.06699233506288 56.3747
23.089715744034912 54.6228
23.112617610931565 52.9578
23.135342869061212 51.6343
23.158069049684816 50.8895
23.1807961538087 50.4556
23.20370174880544 50.3557
23.226430710184808 50.4956
23.249160598093425 50.6372
23.271891413539002 50.6316
23.294800752937697 50.6377
23.31753343374794 50.9886
23.340267045128353 51.1996
23.36300158808808 51.2451
23.38591468821339 51.5076
23.408651104658304 52.1624
23.431388455719986 52.621
23.454126742409 53.2249
23.4770436196085 54.0698
23.499783787914662 54.94
23.522524894889884 55.6828
23.54526694154616 56.4429
23.56818761219047 57.6001
23.59093154860734 58.4328
23.613676427751283 59.265
23.636422250635754 58.6202
23.659346731118656 57.3982
23.68209445191868 55.5771
23.704843119509587 53.4563
23.72759273490623 51.3457
23.750521041644767 49.8675
23.77327256312355 48.7914
23.796025035462787 48.2246
23.818956224555475 47.6134
23.841710609113413 47.4226
23.86446594758979 47.3209
23.887222241002014 46.8628
23.910157285144578 46.4671
23.932915498962537 46.5854
23.955674670778713 46.4489
23.978434801611975 46.2747
24.001373717286125 46.0785
24.024135776723917 45.9731
24.046898798245582 45.9149
24.06966278287146 45.8872
24.092605586582614 45.6724
24.115371508023642 45.4688
24.1381383956401 45.4108
24.16090625045381 45.308
24.183852958731244 45.3537
24.206622758582608 45.2032
24.229393528706886 44.9372
24.252165270127392 44.9312
24.27511589952438 44.9986
24.297889594216997 44.8447
24.32066426328598 44.6124
24.34343990775613 44.5684
24.36639447485003 44.5696
24.38917208083877 44.4516
24.41195066531332 44.3589
24.43490819850244 44.4274
24.457688750692377 44.1727
24.48047028445616 44.2337
24.503252800821233 44.4776
24.526214300784112 44.3978
24.548998793132213 44.3053
24.57178427117417 44.0626
24.59457073593893 44.2067
24.617536219319863 44.2831
24.64032466834748 44.3981
24.663114107195035 44.2472
24.685904536893013 43.8445
24.708874020360852 43.8949
24.731666442613744 43.633
24.754459858818787 43.6546
24.777254270007962 43.6133
24.80022777025625 43.5052
24.82302418230472 43.5535
24.845821592443674 43.4982
24.86862000170663 43.6433
24.891597535453727 43.4798
24.914397953892728 43.6698
24.93719937456671 43.5541
24.96000179851076 43.8275
24.98298338249997 43.948
25.00578782394922 44.1586
25.028593271784167 44.2043
25.05157790644186 44.3642
25.07438537804115 44.575
25.097193859145293 44.8121
25.120003350792075 44.9861
25.142992065061257 45.3012
25.165803588823465 45.5342
25.18861612625217 45.83
25.211429678386736 45.8739
25.234422489079968 45.9886
25.257238081693636 45.9923
25.280054692141732 45.9795
25.3028723214652 45.9335
25.325869245420463 45.986999999999995
25.348688923599397 46.0654
25.371509623787006 46.1309
25.394331347025812 46.0732
25.41733240110666 45.66
25.440156181590016 44.9494
25.46298098826268 44.4237
25.48580682216873 43.8967
25.50881202326435 43.2425
25.53163992281684 42.7238
25.55446885274561 42.42100000000001
25.577298814096377 42.1918
25.600308179121807 42.0696
25.623140214533745 42.2016
25.64597328451537 42.1406
25.66898578564376 41.6752
25.691820936010206 41.8497
25.714657124097695 41.8135
25.737494350954734 41.8284
25.760511045684957 41.7609
25.783350361364224 41.9371
25.806190718969255 41.7963
25.82903211955018 42.0082
25.852053024868923 41.8749
25.874896522722523 41.9018
25.897741066713106 41.803000000000004
25.920586657892454 41.87
25.943611790812668 42.0839
25.966459487728237 42.2709
25.989308234998564 42.0726
26.01215803367705 42.5021
26.03518741123814 42.6667
26.05803932412957 42.7469
26.080892291600094 42.5744
26.10374631470478 42.5892
26.12677995397268 42.9393
26.14963609978026 42.8454
26.172493304397875 42.6937
26.19535156888223 42.4225
26.218389486949604 42.0959
26.241249882640123 41.8212
26.26411134137826 41.7103
26.28715248187403 41.6079
26.31001607820869 41.4533
26.3328807407756 41.2586
26.35574647063438 41.3059
26.37879191991473 41.2791
26.401659795896734 41.4032
26.424528742360263 41.6058
26.447398760366614 41.8354
26.470448535598294 41.7877
26.49332070826805 42.0058
26.516193955675355 42.3444
26.53906827888316 42.3541
26.562122397260108 42.611000000000004
26.584998883685063 42.816
26.607876449110325 42.9131
26.63075509460056 43.0715
26.65381357334404 43.3266
26.67669439061878 43.4437
26.699576291163382 43.3054
26.722459276044212 43.2048
26.745522132402975 42.9758
26.768407297649354 42.7153
26.791293550442003 42.3662
26.814180891848974 42.0759
26.837248143099337 41.736999999999995
26.860137673466657 41.633
26.88302829566349 41.2858
26.90592001075963 41.2986
26.92899167420566 41.0067
26.951885586870763 40.7242
26.974780595655517 40.4345
26.99785558178161 40.2638
27.020752794605112 40.3066
27.043651106772522 40.1413
27.06655051935668 40.1441
27.089629948036183 40.0511
27.112531573292053 39.8828
27.135434302194138 40.0217
27.158338135817015 39.7458
27.181422024430987 39.8528
27.204328079372566 39.7005
27.22723524226965 39.7375
27.250143514198573 39.859
27.273231880156334 39.819
27.296142382065014 39.5471
27.319053996245536 39.5374
27.341966723775965 39.580999999999996
27.365059584515222 39.6826
27.38797455070062 39.7728
27.410890633481237 39.5542
27.433807833936918 39.519
27.456905206923906 39.6811
27.47982465472398 39.5449
27.502745223449743 39.5818
27.525666914182825 39.6649
27.548768816912457 39.7092
27.571692763693633 39.6894
27.59461783573812 39.4636
27.617723149491244 39.5136
27.640650484125285 39.399
27.66357894728264 39.2213
27.686508540048052 39.3508
27.709618414237887 39.2265
27.732550278321757 39.1095
27.755483275279115 38.9711
27.778417406196485 38.8917
27.801531858397514 39.0618
27.824468269376716 38.8955
27.847405817586786 38.9957
27.870344504116094 39.1834
27.893463551932008 39.2691
27.916404527281053 39.521
27.93934664422563 39.5386
27.962289903855886 39.4625
27.98541356491974 39.7073
28.00835912214229 39.8253
28.03130582533231 39.9583
28.054253675581805 40.0588
28.077381967556104 40.0713
28.100332124185126 40.1111
28.123283431160893 40.0576
28.146235889577238 39.9127
28.169368830154156 39.8045
28.192323603752033 39.6011
28.215279532083304 39.2231
28.238415973016764 38.941
28.261374223145094 38.941
28.284333631303806 38.8051
28.307294198589954 38.5417
28.330435319167677 38.278
28.353398217078915 38.1641
28.376362277420153 37.8954
28.39932750129032 37.6295
28.422473319286713 37.4089
28.44544088262495 37.4815
28.468409612800283 37.4424
28.491379510913497 37.1144
28.51453004413313 37.0085
28.53750229057244 37.0143
28.56047570826344 36.8791
28.583450298308804 36.8698
28.606605564586562 36.5703
28.629582511831156 36.8226
28.65256063474956 36.6255
28.675539934446338 36.7199
28.698699951647605 36.6679
28.72168161743193 36.5915
28.74466446331978 36.5532
28.767648490417624 36.5049
28.790813276438353 36.5056
28.813799678527303 36.5107
28.836787265157085 36.3585
28.859955641890075 36.4835
28.882945610203045 36.5088
28.905936766392035 36.3798
28.928929111566863 36.3507
28.952102288520145 36.2903
28.975097024308607 36.2565
28.998092952423807 36.0737
29.021090073977508 36.0213
29.04426806913204 35.8909
29.067267590245258 35.7122
29.090268308143695 35.7203
29.11327022394099 35.5106
29.13645305530891 35.3814
29.159457379627167 35.4494
29.18246290519685 35.3314
29.20546963313352 35.3464
29.22865731875826 35.3914
29.25166646419296 35.3269
29.27467681535305 35.2131
29.29768837335608 35.3268
29.320880931312562 35.3424
29.34389491580634 35.19
29.366910110507334 35.104
29.38992651653503 35.2801
29.41312396492981 35.2138
29.436142806456754 35.1993
29.45916286268059 35.1079
29.48236399319994 35.1367
29.50538649169417 34.9008
29.528410208259935 34.8438
29.55143514402014 34.5149
29.574641196749695 34.4789
29.597668583816574 34.3009
29.6206971934585 34.0781
29.64372702680042 34.2202
29.666938019934474 34.0821
29.689970313635285 34.0265
29.713003834422636 33.8775
29.73603858342347 33.8911
29.759254535188578 33.9116
29.78229175361658 33.8304
29.80533020365064 33.8427
29.82836988641968 33.7783
29.85159081507472 33.7684
29.874632976355343 33.8253
29.89767637376955 33.6973
29.920721008448314 33.6098
29.9439469322847 33.7304
29.96699405457564 33.5034
29.9900424175358 33.5832
30.013092022298157 33.5048
30.03632295963995 33.391
30.059375061131373 33.4402
30.08242840783577 33.556999999999995
30.105483000888153 33.5004
30.128718970092244 33.4445
30.151776069006917 33.4197
30.17483441768648 33.4751
30.198074175317235 33.3592
30.221135036724256 33.3189
30.24419715131772 33.2723
30.267260520236203 33.2563
30.290505341942243 33.3746
30.313571232750228 33.3557
30.336638381310948 33.3533
30.35970678876503 33.2599
30.38295669299435 33.1406
30.40602763151657 33.1914
30.429099832366074 33.1387
30.452173296685572 33.0744
30.47542830191959 33.1386
30.498504306502497 33.0005
30.521581577995562 33.1184
30.544660117543582 33.1408
30.56792024229725 33.1017
30.59100133132069 33.0945
30.614083691845494 33.0972
30.637167325018545 33.1441
30.660432587840603 33.0385
30.683518779717886 33.0273
30.70660624769615 33.1188
30.729694992924372 33.1658
30.75296541239743 33.1907
30.77605672557558 33.066
30.799149319462742 32.9989
30.8224236211637 32.8948
30.845518789950724 32.7555
30.868615242910597 32.7163
30.891712981195973 32.5537
30.91499247215866 32.5607
30.938092794619365 32.4543
30.96119440587579 32.5073
30.984297307082752 32.3495
31.00758200598383 32.3308
31.030687500658694 32.1269
31.053794288760695 32.0985
31.076902371446767 31.9597
31.100192296997445 32.022
31.12330298246119 32.0422
31.14641496599209 31.8709
31.169528248749216 31.9501
31.19282341969534 31.8941
31.215939314557186 31.901
31.239056512134788 31.8907
31.262175013589378 31.8886
31.28547544871168 31.805
31.30859657161541 31.6734
31.331719001892175 31.8373
31.35484274070538 31.8116
31.378148458819545 31.8315
31.401274828443725 31.8544
31.424402510106933 31.7721
31.447712205419993 31.7829
31.470842524931633 31.6733
31.493974159989783 31.6765
31.51710711176168 31.6304
31.54042212308802 31.6371
31.563557722100917 31.6627
31.586694641341655 31.55
31.609832881979628 31.4145
31.63315322823208 31.4492
31.656294125521327 31.3059
31.679436347728515 31.2237
31.70257989602529 31.052
31.725905596152327 31.0421
31.74905181052835 31.0177
31.772199354521323 31.0855
31.79534822930507 31.1507
31.818679302290967 31.0643
31.84183085259981 31.0724
31.864983737233473 31.022
31.88813795736804 31.128
31.911474422233013 30.9567
31.934631327356435 31.0412
31.9577895715215 30.8698
31.980949155906522 30.9376
32.004291031706956 30.8674
32.027453310562606 30.796999999999997
32.05061693318573 30.7496
32.07396288236386 30.7109
32.09712920658542 30.6466
32.12029687812702 30.487
32.14346589817093 30.3394
32.166817291729984 30.3368
32.18998902288583 30.2498
32.21316210610336 30.2157
32.23633654256711 30.1353
32.259693399663725 30.0575
32.282870556771144 30.0345
32.30604907069099 30.1153
32.329228942610065 29.9385
32.35259128243769 29.8681
32.375773884550505 29.7923
32.398957848235646 29.7354
32.422143174682176 29.7645
32.445511016471215 29.6564
32.468699082679954 29.546
32.49188851523011 29.5251
32.51507931531304 29.5096
32.538452678331 29.5508
32.56164622776311 29.3792
32.58484114831493 29.3128
32.60803744118015 29.3198
32.631416344731896 29.4032
32.654615396551876 29.3027
32.67781582427913 29.2232
32.701198898634416 29.186
32.72440209253756 29.089000000000002
32.747606665947124 29.0922
32.77081262006088 29.022
32.79420126883317 29.0042
32.81740999876112 28.9747
32.840620112999424 28.9044
32.86383161274818 28.8775
32.88722585534586 28.9302
32.91044014056596 28.9024
32.933655814909734 28.8252
32.95687287957963 28.855999999999998
32.98027273544904 28.7769
33.00349259526636 28.7295
33.026713849030116 28.7044
33.04993649794511 28.6462
33.073341986570746 28.6114
33.09656744032826 28.7158
33.11979429286444 28.6033
33.14302254538647 28.6756
33.166433686291185 28.5652
33.18966475336992 28.4961
33.212897224069096 28.4501
33.23613109959831 28.3386
33.259547912343415 28.3101
33.2827846121627 28.3839
33.306022720453775 28.3462
33.32926223842861 28.2094
33.352684742614166 28.2636
33.37592709463173 28.2028
33.399170859982064 28.1441
33.422597648419426 28.0456
33.44584425514446 27.910999999999998
33.46909227885668 27.9417
33.4923417207723 27.7361
33.51577423505344 27.7348
33.539026528130385 27.69
33.56228024307245 27.6828
33.585535381098246 27.6254
33.60897364093058 27.5076
33.63223163992385 27.5793
33.6554910656699 27.4649
33.678751919389796 27.4593
33.702195944520106 27.4649
33.72545966903325 27.4049
33.74872482519663 27.2101
33.771991414233746 27.3797
33.79544122444841 27.316
33.81871069412428 27.169
33.84198160035767 27.1185
33.86525394437455 27.1461
33.88870955949969 27.0775
33.911984794020626 27.0533
33.93526147001624 27.0516
33.958539588715006 26.9062
33.98200102861669 26.8619
34.0052820477047 26.7872
34.02856451319451 26.8281
34.05203033759056 26.6977
34.07531571090147 26.7465
34.09860253431845 26.7505
34.121890809074316 26.695999999999998
34.145362493118924 26.6628
34.16865368561615 26.6011
34.191946333164054 26.6016
34.21524043699793 26.4879
34.23871800066799 26.499000000000002
34.26201503218366 26.4141
34.28531352370466 26.3926
34.30861347646881 26.2897
34.33209693978188 26.2927
34.3553998301885 26.3365
34.378704185565205 26.1008
34.402010007152356 26.1112
34.42549939016683 26.1066
34.44880815937748 26.0174
34.472118398533134 26.0764
34.49543010887669 25.9468
34.51892543169198 25.8838
34.54224009966052 25.8786
34.56555624255917 25.8788
34.58887386163339 25.686999999999998
34.61237514439016 25.6596
34.6356957311114 25.7113
34.65901779775809 25.6863
34.68252356662995 25.6351
34.705848608458616 25.6116
34.72917513396849 25.5389
34.75250314440949 25.5248
34.77601490857862 25.4486
34.799345904259795 25.4011
34.82267838863559 25.3884
34.846012362958525 25.4139
34.869530142679984 25.3032
34.89286711232212 25.301
34.91620557568269 25.2601
34.93954553401677 25.298000000000002
34.9630693495876 25.2514
34.986412313340814 25.1465
35.00975677584668 25.1278
35.033102738362956 25.1348
35.05663261012228 25.0917
35.0799815881786 25.0885
35.10333207003229 25.0595
35.12668405694369 25.0209
35.150220005273056 24.9417
35.17357501786656 24.9667
35.19693153931268 24.8651
35.220289570874385 24.9034
35.24383161619786 24.9352
35.267192683604904 24.8786
35.290555264930376 24.7945
35.314101899412165 24.8693
35.33746752422433 24.7923
35.36083466676374 24.7159
35.38420332829803 24.6948
35.407756095629054 24.6719
35.43112781085063 24.7119
35.45450104888391 24.6543
35.477875810999194 24.6125
35.50143473172161 24.6019
35.52481255774625 24.6001
35.54819191167777 24.4768
35.57157279478914 24.5074
35.595137889488406 24.4327
35.61852184675279 24.429000000000002
35.641907337029984 24.2523
35.665294361595684 24.2471
35.68886565090076 24.2316
35.7122557598848 24.2504
35.73564740699838 24.1766
35.759040593519934 24.0593
35.78261809810353 24.1451
35.80601437933051 24.0061
35.829412203814705 23.9979
35.85281157283719 23.8941
35.876395313415884 23.9123
35.8997977874528 23.9053
35.92320180988546 23.9125
35.946790244133936 23.781999999999996
35.97019737933222 23.877
35.993606066789866 23.842
36.01701630779276 23.6852
36.04061101440684 23.6594
36.06402437852291 23.7417
36.08743930005611 23.6118
36.1108557802951 23.499000000000002
36.13445678011326 23.5967
36.15787639383515 23.5614
36.18129757014299 23.5025
36.20472031032821 23.412
36.22832762423364 23.3224
36.25175350829375 23.3743
36.275180960119776 23.3394
36.298609981005924 23.3784
36.32222362992669 23.2475
36.34565580510207 23.2227
36.36908955323448 23.1704
36.39252487562093 23.1539
36.416144880530226 23.0824
36.43958336764275 23.0546
36.463023432914625 23.1316
36.486465077645676 23.0012
36.51009145956204 23.1028
36.53353627947859 23.0563
36.55698268276811 23.0355
36.58043067073321 22.9819
36.60406345072071 22.8201
36.62751462435344 22.8348
36.65096738658405 22.8205
36.67460498210655 22.8009
36.69806093788647 22.739
36.72151848619297 22.6414
36.744977628333636 22.6761
36.76862165890998 22.6796
36.79208400512205 22.64
36.81554794910557 22.5517
36.83901349217101 22.5286
36.862663978991606 22.4154
36.88613273667352 22.4282
36.90960309738324 22.3613
36.933075062434064 22.3391
36.95673202673572 22.3839
36.98020721697122 22.3308
37.003684015502365 22.241999999999997
37.027162423645365 22.2456
37.050825886711465 22.1537
37.07430753063053 22.0783
37.09779078812467 22.0695
37.121275660513014 22.0733
37.144945643673694 22.0216
37.16843376245278 22.0447
37.19192350009803 22.0291
37.215414857931435 21.9845
37.239091382563885 21.9039
37.262585997426164 21.8203
37.28608223645736 21.8451
37.309763684451696 21.8334
37.33326318851098 21.7789
37.356764320726555 21.7534
37.380267082425526 21.7778
37.40395510942588 21.6853
37.42746114683234 21.6249
37.45096881771841 21.603
37.474478123414166 21.6279
37.49817275092816 21.5046
37.52168534303452 21.4964
37.54519957395567 21.4028
37.568715445024665 21.515
37.592416694607714 21.451999999999998
37.61593586281424 21.5282
37.63945667518264 21.458000000000002
37.66297913304891 21.357
37.68668702630454 21.3523
37.710212792059274 21.2412
37.733740207334854 21.2613
37.757269273470364 21.2129
37.780983832050374 21.0815
37.80451621684926 21.0858
37.82805025654007 21.0842
37.851585952464795 21.0208
37.8753071980695 21.0263
37.89884622345676 20.9157
37.92238690911902 20.9435
37.94611318753442 20.8448
37.969657210779765 20.848000000000003
37.99320289834801 20.843000000000004
38.016750251586465 20.8171
38.04048325513017 20.7431
38.06403395679343 20.7294
38.087586328183946 20.7027
38.11114037065203 20.6552
38.13488012115898 20.7139
38.1584375229181 20.6177
38.181996599821 20.5377
38.205557353221124 20.5576
38.229303872575656 20.5332
38.2528679961576 20.5207
38.27643380031219 20.4215
38.30000128639589 20.349
38.32375459653193 20.3191
38.34732546371299 20.359
38.37089801690786 20.3219
38.39447225747609 20.303
38.418232380377425 20.2587
38.441810012983396 20.317
38.46538933705673 20.2052
38.488970353960084 20.1538
38.51273731166058 20.1165
38.536321731567014 20.0329
38.55990784840681 20.0176
38.58367995004091 20.0058
38.60726947812959 19.9568
38.63086070726198 19.9913
38.654453638806274 19.972
38.678232613930824 19.8652
38.70182896773327 19.8319
38.72542702806741 19.8075
38.7490267963045 19.7835
38.77281266709232 19.7189
38.79641586862214 19.7199
38.8200207821842 19.7253
38.843627409152944 19.7961
38.86742019782782 19.6441
38.891030269149255 19.6197
38.914642058016156 19.5627
38.938255565806124 19.6213
38.96205529464307 19.5643
38.98567225787121 19.4844
39.00929094417078 19.4199
39.03291135492255 19.433
39.05671804624804 19.3723
39.080341923549106 19.3311
39.103967529460334 19.357
39.127594865365744 19.283
39.15140854155791 19.2696
39.17503935514948 19.249000000000002
39.19867190290282 19.2448
39.22249083587951 19.2311
39.24612686969409 19.1956
39.269764641845306 19.0904
39.293404153722804 19.1097
39.317230110864074 19.0489
39.34087311998506 18.9857
39.36451787301696 18.991
39.388164371352595 18.9523
39.41199737518003 18.9092
39.43564738196752 18.8774
39.45929913825317 18.8741
39.48295264543308 18.823
39.506792718520884 18.7833
39.530449745387216 18.7342
39.55410852735203 18.7547
39.57776906581474 18.7428
39.60161623079 18.6829
39.625280300200025 18.6988
39.64894613032202 18.6442
39.67261372255866 18.5801
39.6964680021016 18.6148
39.72013913657293 18.5169
39.74381203738292 18.5337
39.76748670593756 18.477999999999998
39.79134812278169 18.487000000000002
39.81502634488497 18.4673
39.83870633896685 18.3896
39.862388106436654 18.3968
39.88625668336918 18.3507
39.90994201572829 18.3587
39.933629125719285 18.2959
39.957503091207826 18.2677
39.9811937746168 18.3309
40.00488623990914 18.1845
40.02858048850006 18.144000000000002
40.05246165409549 18.1363
40.076159487492085 18.0567
40.099859108448875 18.0969
40.123560518384345 18.0589
40.1474489070226 17.9696
40.171153913178564 17.9918
40.194860712584955 17.9951
40.2185693066637 17.9708
40.242464941335314 17.9197
40.26617714307655 17.8796
40.289891143772046 17.8267
40.3136069448471 17.8127
40.33750984859743 17.8477
40.3612292688043 17.8162
40.3849504936829 17.7179
40.40867352466194 17.7429
40.43258372059144 17.6984
40.45631038219906 17.7113
40.48003885420956 17.5825
40.503769138055105 17.5605
40.52768664931955 17.566
40.55142057531802 17.5756
40.57515631746428 17.5089
40.599079334038514 17.4611
40.62281872700477 17.3963
40.64655994043941 17.3936
40.67030297578061 17.3694
40.69423334835778 17.3283
40.71798004609188 17.3452
40.74172857006355 17.2788
40.76547892171441 17.3107
40.7894166736039 17.2272
40.813170699248566 17.2879
40.83692655691388 17.2318
40.86068424804498 17.2544
40.884629402612525 17.1825
40.908390779366385 17.1327
40.932153993938 17.127
40.95591904777605 17.1795
40.979871628443995 17.0899
41.003640379561936 17.0615
41.02741097430883 17.0381
41.05118341413683 17.021
41.075143444384416 16.9616
41.098919593177826 16.9374
41.1226975914255 16.9193
41.14647744058318 16.8377
41.170444943946755 16.7921
41.19422851378379 16.8187
41.218013938914645 16.7964
41.24198706625173 16.7279
41.26577622087193 16.6864
41.289567235177785 16.6489
41.31336011063129 16.6887
41.337340752422875 16.6544
41.361137369129835 16.6223
41.38493585138705 16.619
41.40873620066004 16.5483
41.43272438060107 16.5408
41.45652848292052 16.4219
41.48033445666918 16.4977
41.50414230331616 16.4826
41.528138045159764 16.4077
41.551949656675205 16.3526
41.575763145513235 16.3163
41.59957851314666 16.2797
41.62358184070442 16.243
41.64740098505737 16.2779
41.6712220126409 16.2786
41.69504492493139 16.197
41.71905586207357 16.1751
41.74288256296395 16.1776
41.766711153007456 16.1206
41.79054163368412 16.0374
41.814560204340054 16.0749
41.838394485526365 16.0854
41.86223066180303 16.0828
41.88625497706819 15.9673
41.910094962812 16.0279
41.93393684811168 15.957
41.95778063445365 15.8786
41.981812625263366 15.8811
42.00566023303407 15.8455
42.029509746323676 15.8447
42.05336116662236 15.8496
42.077400857069705 15.8183
42.10125611078846 15.769
42.12511327600405 15.7273
42.14897235421036 15.7226
42.173019768448455 15.7119
42.19688269209613 15.6413
42.22074753323349 15.5954
42.24461429335818 15.6036
42.268669455600495 15.6087
42.292540073217886 15.5998
42.31641261433284 15.4816
42.34028708044675 15.4376
42.36435001496739 15.4738
42.38822835065557 15.4439
42.41210861586426 15.5026
42.4359908120986 15.450999999999999
42.46006154323262 15.3253
42.48394762115317 15.3179
42.507835634632315 15.3389
42.531912233047436 15.3292
42.55580413732265 15.2968
42.579697981698 15.252
42.60359376768525 15.2117
42.62767820545945 15.1636
42.65157789440821 15.1696
42.67547952952185 15.1599
42.699383112316 15.1675
42.72347541395347 15.0858
42.74738291190531 15.0686
42.771292362102166 15.062999999999999
42.795203766063516 15.0245
42.819303956130405 14.985
42.843219287476536 14.9699
42.86713657716324 14.9423
42.89105582671383 14.9231
42.91516392983864 14.9162
42.939087119032166 14.8768
42.963012272677304 14.8441
42.98693939230129 14.7872
43.01105543317513 14.8224
43.034986504731386 14.8095
43.05891954686589 14.785
43.08285456110972 14.7346
43.10697856448665 14.7188
43.130917542983475 14.6385
43.15485849820081 14.6618
43.17880143167367 14.6075
43.20293342237094 14.573
43.226880332449 14.5595
43.25082922540554 14.5549
43.27496722682525 14.5306
43.29892010567796 14.4795
43.32287497204102 14.4427
43.34683182745632 14.394
43.370977859791836 14.3759
43.39493871351105 14.3409
43.41890156092628 14.3971
43.44286640358341 14.3561
43.46702049182749 14.3064
43.49098934522816 14.2943
43.51496019852649 14.267000000000001
43.5389330532723 14.1936
43.56309522248204 14.1768
43.58707210044314 14.1961
43.61105098451946 14.1773
43.63503187626491 14.1076
43.659202151562134 14.0597
43.68318707902681 14.039000000000001
43.70717401884041 14.0836
43.731162972560874 14.0435
43.75534137913236 14.0033
43.779334381108384 13.9503
43.803329401683186 13.9595
43.82732644241872 13.9224
43.8515130055166 13.9763
43.87551410707659 13.839
43.89951723350145 13.8314
43.923709934595614 13.8614
43.94771713129917 13.8725
43.97172635758096 13.8121
43.99573761501002 13.7726
44.0199385169922 13.720999999999998
44.04395385732619 13.7039
44.067971233533086 13.6941
44.09199064718605 13.6877
44.11619977548961 13.6383
44.14022328470671 13.6371
44.16424883610785 13.6468
44.18827643127035 13.5957
44.21249381139513 13.5555
44.236525514814076 13.5141
44.26055926674478 13.5147
44.28459506876863 13.5235
44.3088207262813 13.4512
44.33286064928722 13.4306
44.35690262714919 13.4222
44.38094666145278 13.3931
44.4051806219871 13.3222
44.42922879003185 13.3166
44.45327901929361 13.2912
44.477331311362136 13.2801
44.501573600619416 13.2829
44.525630039221795 13.2185
44.54968854541895 13.2297
44.573937102200176 13.2425
44.5979997645541 13.1658
44.622064499300315 13.1611
44.64613130803592 13.1695
44.67038823869318 13.1417
44.69445921643748 13.1031
44.718532272981385 13.024000000000001
44.742607409926194 13.0635
44.76687274034801 13.0126
44.79095205918753 12.9441
44.81503346325094 12.9346
44.839116954143876 12.9226
44.86339071028742 12.9444
44.88747839599524 12.8982
44.91156817336837 12.8647
44.93566004401666 12.8705
44.959942251908146 12.847999999999999
44.984038330325966 12.7918
45.00813650686762 12.8088
45.03223678314731 12.8027
45.05652746888232 12.755999999999998
45.08063196592069 12.7427
45.104738567558705 12.7041
45.128847275414856 12.6935
45.15314646515866 12.591
45.17725940679741 12.6139
45.20137445952892 12.5838
45.22568004865265 12.5736
45.24979934496396 12.562999999999999
45.27392075725247 12.5514
45.29804428714431 12.4953
45.322358426247604 12.4776
45.346486212804315 12.4467
45.370616121861914 12.4546
45.39474815505086 12.4386
45.41907087049246 12.4039
45.4432071734666 12.3307
45.46734560548283 12.3323
45.49148616817604 12.3631
45.51581748638564 12.3395
45.5399623320197 12.314
45.56410931325473 12.2962
45.58825843173002 12.2782
45.61259837920865 12.2521
45.636751793816 12.2492
45.66090735060093 12.2103
45.68506505120716 12.1409
45.7094136545275 12.1008
45.73357566449271 12.1118
45.75773982322992 12.0699
45.78190613238733 12.1274
45.806263418194064 12.0262
45.83043404997326 12.0721
45.85460683713677 12.0249
45.87897065658495 11.9781
45.90314777634752 11.9918
45.92732705646868 11.9289
45.9515084986045 11.9485
45.97588104735473 11.9105
46.00006683541565 11.8908
46.02425479047904 11.8679
46.04844491420549 11.8487
46.0728262191024 11.8044
46.09702070211635 11.7782
46.12121735879483 11.7997
46.14541619080294 11.7709
46.169806278764455 11.7504
46.194009483459034 11.6995
46.21821486849841 11.7041
46.24242243555223 11.6552
46.266821333570014 11.677
46.29103328674601 11.6241
46.31524742696538 11.5879
46.33946375590237 11.5595
46.36387149104216 11.5898
46.38809221957392 11.5836
46.41231514186606 11.5394
46.436540259597464 11.5232
46.460956858999374 11.4657
46.48518638983522 11.4947
46.509418121166966 11.4377
46.533652054678114 11.421
46.55807754555709 11.3659
46.58231590571962 11.3843
46.60655647313217 11.3657
46.630988654873654 11.3267
46.655233659129024 11.3078
46.67948087571551 11.3002
46.70373030632484 11.2552
46.72817142736393 11.2449
46.752425308428684 11.26
46.77668140861147 11.2187
46.80093972960865 11.1605
46.82538981736788 11.1383
46.849652602470904 11.1439
46.87391761349769 11.1126
46.8981848521493 11.1354
46.9226439341274 11.084000000000001
46.946915650573224 11.0526
46.97118959976749 11.0198
46.99546578341598 10.9995
47.019933887188216 10.9718
47.04421456235744 11.0222
47.06849747711879 10.9664
47.09278263318286 10.9275
47.11725978640143 10.8694
47.14154944775105 10.8286
47.165841355555656 10.87
47.1901355115306 10.8586
47.214621741924994 10.8503
47.23892041698887 10.8152
47.26322134538975 10.7606
47.28771440635075 10.7674
47.31201986422527 10.7859
47.33632758061436 10.725
47.360637557241866 10.6978
47.38513974410611 10.6878
47.40945426407847 10.6651
47.43377104948137 10.6905
47.45809010204344 10.627
47.48260144275502 10.6205
47.506925052572285 10.5842
47.53125093475548 10.5468
47.55557909103813 10.5501
47.58009961361992 10.5103
47.60443234110732 10.4955
47.62876734791564 10.5172
47.65310463578333 10.482000000000001
47.6776343683373 10.4535
47.7019762413987 10.417
47.72632040075572 10.4384
47.75066684815169 10.4014
47.77520581885936 10.3554
47.799556865477655 10.3674
47.823910205386 10.3621
47.84826584033272 10.332
47.87281407745551 10.265
47.89717432569297 10.3091
47.92153687423484 10.3115
47.94609208429692 10.2814
47.97045925671401 10.228
47.99482873471275 10.2104
48.01920052005013 10.1722
48.04376504619224 10.1982
48.068141469543484 10.2451
48.09252020552573 10.1935
48.11690125590099 10.1134
48.1414751266064 10.0764
48.16586082917454 10.1335
48.19024885144316 10.064
48.2146391951793 10.0687
48.239222439012764 10.0397
48.26361744916137 10.0284
48.28801478610016 10.0205
48.31241445160131 10.0318
48.337007097209366 10.0016
48.36141144338331 9.960939999999999
48.38581812345755 9.9347
48.41022713920929 9.92667
48.434829215320704 9.92952
48.45924292604658 9.92738
48.48365897780325 9.90191
48.50807737237308 9.86972
48.532688907799276 9.86695
48.55711201168574 9.81265
48.581537463754074 9.81667
48.60615611725119 9.80722
48.63058628942721 9.806460000000001
48.65501881516546 9.7549
48.6794536962573 9.72558
48.70408185970339 9.727739999999999
48.72852147531801 9.6749
48.75296345168211 9.67273
48.77740779059232 9.64679
48.80204549302823 9.67869
48.82649458091802 9.629669999999999
48.85094603676547 9.57213
48.87539986237231 9.55896
48.90004713292306 9.535919999999999
48.92450572200832 9.53818
48.94896668628025 9.54186
48.97343002754588 9.50603
48.99808689542115 9.51013
49.02255501470614 9.49586
49.04702551642794 9.44021
49.0714984023988 9.43505
49.096164896893235 9.40793
49.120642575466796 9.39915
49.145122643748394 9.3919
49.16960510355558 9.36097
49.19428125404938 9.36688
49.2187685210852 9.34652
49.243258185121555 9.316130000000001
49.26794160167084 9.29925
49.2924360839405 9.295
49.31693296869764 9.256739999999999
49.34143225776915 9.23621
49.36612538195438 9.194410000000001
49.39062950396021 9.234119999999999
49.41513603578346 9.191939999999999
49.4396449792564 9.18881
49.46434784069503 9.17795
49.488861631846454 9.15284
49.513377840166804 9.125110000000001
49.537896467493745 9.09555
49.56260909589029 9.0547
49.587132585683285 9.06168
49.611658500018365 9.059510000000001
49.636186840738596 9.04364
49.66090926588511 8.98807
49.685442483902584 8.95514
49.70997813385706 8.96072
49.734516217597076 8.972430000000001
49.75924846937352 8.96031
49.7837914452858 8.92408
49.80833686055187 8.87055
49.83288471702571 8.890939999999999
49.85762682540054 8.857569999999999
49.882179588965734 8.84254
49.9067347993235 8.82288
49.93129245833333 8.82351
49.95604445336378 8.81005
49.98060703442832 8.774980000000001
50.005172069746266 8.77764
50.02993150438364 8.77965
50.05450147301533 8.76476
50.07907390151433 8.71073
50.10364879174981 8.70633
50.12841816587289 8.669780000000001
50.1529980044635 8.64713
50.17758031042124 8.65333
50.20216508562089 8.668239999999999
50.22694442953363 8.65545
50.25153416817468 8.607460000000001
50.27612638170508 8.624080000000001
50.300721072005196 8.5793
50.325510416102105 8.5648
50.350110084975064 8.53837
50.37471223628208 8.525780000000001
50.39931687190919 8.50202
50.424116246675766 8.48207
50.44872587605249 8.4537
50.47333799543065 8.43781
50.49795260670191 8.43741
50.52276204271512 8.42896
50.54738166295838 8.39942
50.57200378079314 8.42253
50.596628398116835 8.377310000000001
50.62144792604559 8.3496
50.646077567609396 8.37975
50.670709714377715 8.35805
50.69553683636198 8.28306
50.72017401885922 8.250860000000001
50.7448137122895 8.30073
50.76945591856022 8.2909
50.79429318636823 8.25388
50.818940443716784 8.24738
50.84359021965163 8.22198
50.868242516085964 8.20238
50.893089960641895 8.173110000000001
50.917747323549435 8.169830000000001
50.94240721271973 8.163910000000001
50.96706963007175 8.13139
50.99192728239342 8.13325
51.01659478166073 8.11984
51.04126481489051 8.08761
51.06593738400761 8.096680000000001
51.090805275207074 8.05448
51.11548294172845 8.03099
51.14016314993547 8.045539999999999
51.164845901758845 8.01061
51.18972406304274 7.99582
51.21441192780656 7.9877899999999995
51.23910234200271 7.95149
51.2637953075678 7.93198
51.288683770237945 7.92033
51.31338186432707 7.9212
51.33808251561888 7.87955
51.362978729967345 7.873989999999999
51.387684521509755 7.8648
51.41239287610203 7.8526
51.437103795691165 7.841260000000001
51.46201036644977 7.8198
51.486726441956634 7.77486
51.51144508832545 7.7623
51.536166307509156 7.724539999999999
51.56108326624387 7.70862
51.58580965706056 7.71787
51.61053862657523 7.706760000000001
51.635270176746864 7.70678
51.66019755512065 7.698810000000001
51.68493429268881 7.655139999999999
51.70967361681515 7.659889999999999
51.73441552946465 7.6339
51.759353359237934 7.6147100000000005
51.7841004750961 7.573989999999999
51.80885018539685 7.57137
51.833602492111254 7.5495
51.8585508051424 7.5700899999999995
51.883308330926425 7.563110000000001
51.90806845906181 7.5507800000000005
51.932831191525715 7.47509
51.95779001977161 7.49685
51.98255798721516 7.47911
52.00732856494335 7.426419999999999
52.03229530577543 7.44394
52.057071130455945 7.451339999999999
52.081849571391054 7.41471
52.106630630568695 7.407189999999999
52.13160794279417 7.38008
52.15639426492067 7.38548
52.18118321127822 7.385510000000001
52.205974783860896 7.350169999999999
52.23096269971011 7.3124899999999995
52.255759551287994 7.3289
52.280559035098186 7.31955
52.30536115314103 7.2938600000000005
52.33035970494467 7.2515
52.35516711807904 7.26319
52.37997717147198 7.227189999999999
52.40478986713005 7.23533
52.42979908731974 7.183110000000001
52.454617094216 7.1889199999999995
52.47943774942214 7.16655
52.50426105495102 7.15671
52.529280976059844 7.12143
52.554109609024096 7.129110000000001
52.57894089837482 7.122889999999999
52.60377484613117 7.110180000000001
52.62880550079408 7.07458
52.65364479223379 7.024380000000001
52.67848674816189 7.0107
52.70352547971946 7.07361
52.72837279155837 7.01255
52.753222773982785 6.9866600000000005
52.778075429022984 6.96707
52.80312495150885 7.0157
52.827982978797436 6.95126
52.85284368481815 6.9283600000000005
52.87770707160767 6.8956100000000005
52.90276741793998 6.8837
52.92763619336701 6.89433
52.952507655698504 6.8784600000000005
52.977381806977576 6.88507
53.00245301017842 6.87132
53.02733256653592 6.84271
53.052214817996074 6.82437
53.077099766608484 6.78443
53.102181859804446 6.81975
53.127072229988265 6.8203
53.15196530349892 6.802160000000001
53.17686108239249 6.74937
53.20195409881522 6.74662
53.22685531582556 6.738580000000001
53.25175924441303 6.70958
53.27666588664027 6.69733
53.30176985962693 6.696219999999999
53.3266819565689 6.6772
53.35159677336455 6.66233
53.376514312083096 6.602539999999999
53.40162927507703 6.60988
53.42655228516116 6.618130000000001
53.45147802340193 6.58395
53.47660125628886 6.579280000000001
53.50153247842639 6.57821
53.52646643496923 6.567660000000001
53.55140312799818 6.55645
53.576537409691696 6.53712
53.60147960336152 6.48457
53.626424539786164 6.48034
53.65137222105307 6.46115
53.67651758529126 6.43935
53.70147078399681 6.46195
53.72642673383343 6.46079
53.75138543689533 6.4177599999999995
53.776541917524526 6.42225
53.801506154876755 6.39492
53.826473151763246 6.38499
53.851442910284916 6.35379
53.87661054126026 6.42351
53.9015858509782 6.352130000000001
53.92656392866066 6.37354
53.95154477641532 6.3399
53.976723591801296 6.30874
54.00171000771266 6.2879
54.02669920004598 6.32099
54.051691170915745 6.26193
54.076881204886796 6.20087
54.101878760928514 6.2523
54.12687910187696 6.2230300000000005
54.152077577768296 6.20958
54.1770835166946 6.1673
54.20209224691339 6.151
54.22710377055121 6.159
54.25231352511594 6.1566
54.27733066384342 6.11345
54.30235060239643 6.12716
54.32737334290836 6.09555
54.35259441062629 6.0734699999999995
54.377622783395324 6.06785
54.40265396455061 6.06476
54.42768795623251 6.00916
54.45292037169559 5.99477
54.477960012857906 6.00005
54.50300247099511 5.95615
54.52804774825457 5.98497
54.55329154616743 5.95765
54.57834249018678 5.96894
54.6033962597977 5.86806
54.6284528571545 5.90111
54.653708072335164 5.842230000000001
54.67877035378786 5.81772
54.70383546947698 5.776590000000001
54.72890342156389 5.7820599999999995
54.7541700889442 5.7379
54.77924374251975 5.76255
54.8043202390049 5.71408
54.82959552413022 5.68738
54.8546777351945 5.68152
54.87976279569621 5.667000000000001
54.90485070780914 5.700080000000001
54.930137506558005 5.588030000000001
54.95523115074295 5.63006
54.98032765308844 5.600169999999999
55.005427015775496 5.55405
55.03072536339621 5.557840000000001
55.05583047570572 5.54805
55.080938454927676 5.5033199999999995
55.10604930325027 5.49199
55.131359235107396 5.51415
55.15647585066083 5.50394
55.181595341907496 5.43852
55.20671771104285 5.45186
55.232039262617704 5.3795
55.25716741665048 5.36114
55.28229845518636 5.34619
55.30743238042802 5.26839
55.33276558731939 5.27402
55.357905315183636 5.26645
55.383047936390035 5.19386
55.40819345314859 5.18255
55.433538351073295 5.19464
55.458689688238415 5.18541
55.483843927614096 5.12916
55.509197623043605 5.10521
55.53435769621134 5.11334
55.55952067826466 5.093459999999999
55.5846865714265 5.14484
55.61005202069737 5.08514
55.63522376553902 5.00328
55.66039842818645 5.02695
55.68557601087004 4.99517
55.7109532500271 4.9175
55.73613670233794 4.94215
