TT I
1.2716486653135266 7.16245
1.2939594142134223 6.54902
1.3162702121660406 6.1736699999999995
1.3385810600174564 6.2824
1.3608919586137629 6.54204
1.383202908801069 6.2622800000000005
1.405513911425503 5.79209
1.4278249673332093 5.92882
1.4501343378461518 5.74314
1.4724455028545926 5.160159999999999
1.4947567236847858 5.25959
1.517068001182951 5.95894
1.5393793361953272 5.5989
1.5616907295681737 5.25689
1.5840021821477681 4.83855
1.60631369478041 4.948580000000001
1.6286252683124185 4.40948
1.6509369035901333 4.684880000000001
1.6732468618895553 4.53728
1.695558623192809 3.75291
1.7178704487808514 4.88711
1.7401823395001077 4.82634
1.7625012545597203 4.47434
1.7848028405262486 4.59767
1.8071218901122095 4.18733
1.8294236121921872 4.28407
1.8517427996910911 4.49621
1.8740620574440425 3.8463800000000004
1.8963639900671978 3.76418
1.9186833908139995 4.373880000000001
1.9409854680117449 4.4282
1.9633050151394713 3.87965
1.9856246367570705 4.01791
2.0079269371922672 3.98115
2.03024671027244 4.47599
2.0525491637446027 4.51635
2.074869091674931 4.51285
2.097171701569106 3.82155
2.1194917877373847 4.23944
2.141811954326636 4.38963
2.164114805233074 4.44641
2.186435135143035 4.40384
2.208738150935709 5.04157
2.231058647554722 6.21065
2.2533792288321184 6.306019999999999
2.275682498336085 5.5320800000000006
2.298003251406138 4.8262599999999996
2.3203066942619714 5.65482
2.3426276225136022 5.63588
2.3649486396617507 5.466019999999999
2.387252348930071 5.73631
2.4095735463442893 5.99315
2.4318774374315884 6.16482
2.4541988185014043 6.13089
2.476502894794693 6.62379
2.498824462909887 6.74483
2.521146125856138 7.370139999999999
2.5434504863470337 6.77625
2.5657723414244717 7.562819999999999
2.588076895590662 8.121
2.610398946189713 8.704839999999999
2.6327210958598384 8.053360000000001
2.6550259469304716 8.09698
2.6773482972090137 8.51485
2.6996533504259 8.789769999999999
2.7219759047039602 8.98042
2.744298562293959 8.07023
2.7666039251246595 8.36967
2.7889267918020164 8.25402
2.8112323652516555 8.62602
2.833555444408179 8.35013
2.8558786311183852 8.10822
2.8781845268938557 8.783439999999999
2.9005079311721484 8.99044
2.9228140460410397 9.06838
2.9451376712799635 9.02144
2.967444008632326 9.650310000000001
2.9897678582247247 9.83416
3.0120918213106695 10.8692
3.0343984987899373 10.5332
3.0567226913198637 10.3859
3.079029599759726 11.6518
3.101354025127254 12.3932
3.123678568232338 12.529000000000002
3.145985829517914 12.8514
3.16831061055229 13.3526
3.1906181112775593 14.4244
3.212943133635653 14.9768
3.2352682779763207 14.9738
3.2575761442691227 14.8772
3.2799015350264273 15.4575
3.302209649240067 15.9022
3.3245352898092655 16.0063
3.3468436553365257 16.3605
3.369169549113219 16.8124
3.3914955708171384 17.846
3.413804319727358 18.2228
3.4361305997334863 18.0719
3.4584396084414553 18.9588
3.4807661501462652 19.3053
3.503092824025881 20.0349
3.5254022288463154 19.8659
3.5477291695206588 20.4858
3.5700388426251948 20.2614
3.5923660534916446 21.0338
3.6146934007816114 22.6382
3.637003482731501 27.5708
3.6593311053109985 29.750999999999998
3.681641464033634 26.6806
3.7039693653009733 24.2467
3.726297407241705 23.9434
3.7486081875460804 24.0756
3.7709365132734978 24.6035
3.793247578841633 25.5797
3.8155761917550093 25.6549
3.8378875459837216 25.8081
3.8602164494827234 26.2024
3.882545499606844 27.0858
3.9048572932539183 27.500999999999998
3.9271866390645718 27.6948
3.9494987298666713 28.374000000000002
3.971828374764527 28.3696
3.9941581705403255 29.1143
4.016470713506008 29.4769
4.038800813471445 30.3178
4.061113662089144 30.8928
4.0834440696459176 31.0856
4.105774632334751 31.7448
4.128087945865126 32.5042
4.150418821249301 33.1991
4.172732448931298 34.0145
4.195063640413578 34.6524
4.2173775856475215 35.1471
4.239709096631102 37.3624
4.262040768704612 52.4278
4.284355196706267 63.6692
4.306687193387355 55.9922
4.329001947444346 43.7492
4.35133427213731 40.4174
4.373666762177566 40.6334
4.395982011761091 40.9249
4.418314834921175 41.7512
4.44063041906622 43.0216
4.4629635787515625 45.0177
4.4852969080429785 46.2677
4.5076130004776225 46.3798
4.529946671403969 46.703
4.552263106909177 47.4037
4.574597122877047 48.7835
4.596931312711224 49.6004
4.619248269273446 50.111000000000004
4.6415828092605835 51.8428
4.663900117405352 52.5643
4.686235010953232 53.9274
4.708552674085913 55.2993
4.730887924602802 56.659
4.753223354952695 58.1484
4.775541557023902 59.6192
4.797877349456786 60.3888
4.820195915032126 63.6214
4.842532072957498 64.2197
4.864868414979744 65.9948
4.88718753227192 67.8597
4.909524244902505 69.8985
4.931843734218147 71.5072
4.954180820867835 73.9788
4.976518095879839 76.7054
4.998838149695359 79.48899999999999
5.021175803844231 83.3453
5.043496238205739 85.8925
5.065834274903528 89.4183
5.088172504230693 93.5174
5.1104935158799565 97.9754
5.132832132875765 105.384
5.155153533596801 118.835
5.1774925416746225 137.72299999999998
5.199814334878411 233.169
5.2221537374521505 806.0419999999999
5.244493338631803 2509.41
5.266815727034316 7156.98
5.289155727832427 13518.6
5.311478517248165 9525.56
5.333818921080011 3305.51
5.356159527788849 684.069
5.3784829252032536 210.796
5.400823940070432 145.064
5.423147747031976 123.354
5.445489173474152 113.43799999999999
5.467830807066149 108.245
5.490155234831516 104.195
5.512497285125229 101.12
5.534822130975162 99.5585
5.557164601388673 97.4916
5.579489868738879 94.9603
5.601832762690846 93.088
5.6241758697774475 91.7484
5.646501775867269 91.0196
5.668845311622074 90.2661
5.691171647754637 89.7796
5.713515615597765 88.8484
5.735859800852677 87.9931
5.758186788542988 87.0983
5.780531411018185 87.307
5.802858837297399 86.1519
5.825203900414495 85.9128
5.8475491852224 86.5495
5.869877275883075 86.934
5.892223006467101 87.6852
5.914551544266608 89.0199
5.936897724049891 91.4054
5.959244129804903 95.2237
5.981573344815301 106.803
6.0039202049061 164.03099999999998
6.026249875609095 397.23400000000004
6.04859719346037 895.488
6.070927323278297 2070.21
6.093275102315365 4520.7
6.115623113320588 5533.35
6.137953938319995 3591.42
6.160302415650845 1066.38
6.182633708324452 236.24599999999998
6.2049826554078376 109.131
6.227331838745022 87.8768
6.249663839443684 80.0756
6.27201349767565 76.0775
6.294345974611799 74.2138
6.316696111167083 73.2868
6.339046488263839 71.9543
6.361379686074702 68.9683
6.383730546639482 66.5776
6.406064229255215 65.107
6.428415576718203 64.6159
6.450749747566656 63.9404
6.47310158535871 62.6553
6.495453669698332 61.7949
6.517788579421056 61.0256
6.540141159237969 60.0484
6.562476565766648 59.684
6.5848296444934045 59.1752
6.607182974060425 58.4824
6.6295191323281015 57.8616
6.651872965955752 57.8378
6.6742096296068985 58.8788
6.6965639707294615 63.402
6.71891856698715 64.3777
6.741255995248479 59.8308
6.763611104154477 56.5842
6.785949046381137 55.021
6.808304671371482 54.5369
6.8306605557940046 54.4643
6.852999275508618 53.6392
6.875355681171544 53.6556
6.897694923437771 53.2091
6.92005185377892 53.125
6.9423916220322655 53.0809
6.964749080490181 52.6604
6.987106804399774 52.5142
7.009447368180821 52.7793
7.031805625367033 52.349
7.054146723727803 52.2689
7.076505517631004 52.2854
7.098864581288365 51.9261
7.121206488070854 51.597
7.143566093607822 51.591
7.165908543567245 51.7772
7.188268694426048 51.2899
7.2106291193438095 51.3297
7.232972390625943 50.9974
7.255333366030969 51.8619
7.277677189091925 55.7888
7.300038718428332 61.7322
7.322400526130865 61.5097
7.344745183422596 56.3616
7.367107550224791 52.318999999999996
7.389452767901992 51.8672
7.411815697249891 51.9446
7.434161478756298 51.0294
7.456524974096713 51.1879
7.478888753837185 51.7524
7.501235387657368 53.0388
7.523599738562711 58.8696
7.545946944825532 69.7372
7.568311870344528 74.2792
7.5906770845765665 65.4661
7.613025156078678 56.6289
7.635390950099687 53.9506
7.657739602662809 52.9025
7.680105979923558 52.7222
7.702472650212829 52.9268
7.724822180948224 53.1263
7.747189439655568 53.3968
7.769539560075357 53.3494
7.791907410653562 53.8486
7.81425812420825 53.536
7.836626570110925 53.9795
7.858995315087906 54.8859
7.881346924933401 54.7666
7.903716270417482 55.4569
7.926068482028405 55.6361
7.948438431475253 56.1506
7.9708086843180235 56.8694
7.993161805171116 57.745
8.015532667162402 58.1803
8.037886398416653 58.6388
8.060257873014221 58.6108
8.082629655331942 59.3214
8.104984308787587 60.1958
8.127356708900503 60.9277
8.149711981398308 62.1841
8.172085002766314 63.31
8.194458336181368 63.9574
8.216814543847752 64.5317
8.23918850371002 65.5322
8.26154533906492 66.3271
8.283919928836452 68.3187
8.306277395339652 68.9416
8.328652618483376 70.6696
8.351028159736202 71.8717
8.373386579575245 73.6991
8.395762759396959 75.4475
8.418121819038275 78.0915
8.440498640894003 81.1104
8.462875785192262 86.5249
8.485235811156207 94.3391
8.507613602688501 128.718
8.529974277114228 230.041
8.552352719347912 375.296
8.574731488360351 618.857
8.59709314210385 1093.85
8.619472567021075 1837.08
8.64183487789147 2281.37
8.664214962183097 1975.15
8.686577933647762 1101.15
8.708958680784317 412.789
8.731339760774953 172.696
8.753703729764451 109.48100000000001
8.77608547780821 95.1404
8.798450116065078 91.1964
8.820832535634787 88.5429
8.843215292401656 86.811
8.865580941199045 85.353
8.887964374703538 84.27600000000001
8.910330701447199 84.0236
8.932714815164482 83.6083
8.955099270424924 82.7264
8.977466620733543 81.7187
8.999851761421976 81.0176
9.022219798361645 80.3036
9.04460562795561 80.2749
9.066991803441677 80.1527
9.089360876979615 79.6351
9.111747746589993 79.5538
9.13411751544971 79.0293
9.156505082664324 79.0319
9.178875550323522 79.5559
9.20126381862328 81.727
9.223652438908596 91.0788
9.246023961427412 106.883
9.26841328802173 113.26700000000001
9.290785518039224 103.13
9.313175554425882 88.8742
9.335565947154315 81.6588
9.357939245086508 80.0594
9.380330352834827 80.1133
9.40270436697103 79.9453
9.425096193225055 79.7285
9.447488380180165 80.6313
9.469863475295412 81.0855
9.492256385987508 81.3771
9.514632206018318 81.6055
9.537025843935714 81.8934
9.559402392368193 82.6708
9.581796761000229 83.5003
9.604191496441521 83.9078
9.626569144158516 84.3564
9.648964615551032 85.3147
9.671343000390081 86.2465
9.693739211225699 87.2355
9.716135793237463 87.4354
9.738515290448102 88.4904
9.760912617143402 89.2156
9.783292860202891 90.4812
9.805690935076182 92.0214
9.828089385495742 92.4074
9.850470754023561 94.2339
9.872869957865444 96.1534
9.89525208097539 98.948
9.917652041736662 103.304
9.940052382417589 106.62200000000001
9.962435644102392 115.602
9.984836746950979 147.50799999999998
10.007220771957746 228.329
10.029622640473708 351.598
10.052007432299963 518.261
10.074410069984072 777.329
10.096813093716005 1203.34
10.119199042482517 1766.36
10.141602840636468 2084.88
10.163989564971628 1681.25
10.186394141051062 999.569
10.208799107559706 437.30199999999996
10.231187001965623 198.739
10.253592751657669 125.15299999999999
10.275981430388155 107.649
10.298387966769793 103.102
10.320794897965431 101.941
10.343184759907361 100.81700000000001
10.36559248305461 98.9242
10.387983138083852 98.1025
10.410391656691655 99.0453
10.432800574501677 107.811
10.455192425893369 130.118
10.47760214443012 161.641
10.499994797678786 203.102
10.522405320453982 272.687
10.54479877906917 383.282
10.567210109595656 509.843
10.5896218454736 588.508
10.612016518879773 568.561
10.634429067781074 398.80199999999996
10.656824555333241 228.304
10.679237920773568 140.763
10.701651695961992 103.984
10.724048411481384 92.5934
10.746463008485165 86.2419
10.768860546937125 82.3468
10.791275969274796 80.126
10.81369180576079 78.7532
10.836090585366925 77.7929
10.858507252467449 76.6879
10.88090686379991 75.2561
10.903324365036394 74.8014
10.925724811614439 73.8234
10.948143150509463 73.5609
10.970561909719066 72.4966
10.992963615930844 71.9278
11.015383218085756 71.02
11.037785768347074 69.774
11.06020621697282 69.2083
11.082627090322113 68.8506
11.105030913430326 68.3931
11.12745263854165 67.7772
11.149857314510728 67.1817
11.172279894912576 67.6404
11.194702904450653 67.17
11.217108866490921 66.3325
11.239532736615194 65.8124
11.26193956033512 65.3678
11.284364294577085 65.2892
11.306789462371718 64.2221
11.329197585398376 63.7802
11.351623622610898 63.638000000000005
11.37403261614354 63.1212
11.396459526308487 63.2094
11.418869393879497 62.531000000000006
11.441297180532617 62.1452
11.463725406927658 62.0422
11.486136592353875 61.8225
11.508565700543707 61.4701
11.530977768845315 61.51
11.553407762368774 61.077
11.575838200059769 61.2994
11.598251599479612 60.7669
11.620682927815501 60.7724
11.64309721895548 60.598
11.665529441478206 60.2426
11.687962112597958 59.9979
11.710377748130886 60.0813
11.732811318753434 59.997
11.755227854859067 59.9086
11.777662328529495 59.7206
11.800079768750786 59.916000000000004
11.822515149015453 59.8139
11.844950984084935 60.0291
11.867369787303163 59.8534
11.889806534289491 60.1064
11.912226250487029 62.0872
11.934663912939751 65.2414
11.9571020346363 68.1251
11.979523127133968 68.3159
12.001962169624331 66.3319
12.024384183972964 63.6777
12.046824150809913 64.4115
12.069264581333726 69.5136
12.091687985297767 77.0461
12.11412934550045 86.3075
12.136553680195208 99.0772
12.158995973632788 119.976
12.181438735204349 145.829
12.20386447284199 180.05900000000003
12.226308172985636 202.209
12.24873485024193 211.403
12.271179492516982 173.835
12.293607112949127 135.184
12.316052700916226 98.0065
12.338498763250042 73.9958
12.360927805303868 64.5957
12.383374818673879 62.2063
12.405804812803074 61.5352
12.428252780773262 61.2107
12.45070122756722 61.3448
12.473132656675375 61.2879
12.49558206341869 61.4709
12.518014453510101 61.4785
12.540464823770117 61.4442
12.562915677315177 61.521
12.58534951575545 61.8822
12.607801338171472 61.9875
12.630236146511358 62.7633
12.652688941369085 63.6608
12.675124723177234 64.2025
12.697578494048786 64.32600000000001
12.720032754458185 63.953
12.742470003354093 64.3496
12.764925245138771 64.7111
12.787363476431278 65.0204
12.809819703166806 65.281
12.83227642391173 66.0319
12.854716135692716 66.4456
12.877173846755147 67.2742
12.899614549869717 67.9773
12.9220732548287 68.6588
12.94453245827299 69.1377
12.966974655289818 70.4654
12.989434858002571 70.958
13.011878055298721 71.6969
13.034339260862497 72.815
13.056800969391883 74.3442
13.079245674017244 76.6011
13.101708390774869 78.4253
13.12415410463411 82.2754
13.146617833206086 92.7994
13.169064559883248 108.11399999999999
13.191529303857127 125.95299999999999
13.213994557076367 148.709
13.236442809902437 180.99900000000002
13.258909083908291 229.428
13.28135835851934 291.934
13.30382565690295 367.796
13.326293469022952 433.44
13.348744283242008 447.35400000000004
13.371213125129904 380.541
13.39366497011003 278.193
13.416134845360597 183.41099999999997
13.438605238843131 127.09200000000001
13.46105863690397 102.615
13.483530069144786 99.1237
13.505984506951902 107.50200000000001
13.528456981549432 120.348
13.550929978879088 135.645
13.573385983253365 156.995
13.595860028340867 189.937
13.618317081455832 237.86900000000003
13.64079217790333 298.147
13.663250283359057 356.375
13.685726434770173 392.23400000000004
13.708203115221277 359.156
13.730662806148091 286.73900000000003
13.75314054697177 205.215
13.775601299246777 137.863
13.798080104050406 99.899
13.820559442405358 84.7193
13.843021793671388 79.6492
13.865502201420897 77.6059
13.887965623051947 77.0865
13.910447103807167 75.9473
13.932929122629764 75.0882
13.955394156785959 74.5229
13.977877254034569 73.6362
14.000343367582113 72.5363
14.022827546871707 72.2
14.045294743423524 71.3803
14.06778000837062 71.0278
14.090265817715476 71.0431
14.112734645763819 71.805
14.13522154619454 73.8647
14.157691466286913 75.34100000000001
14.180179461423874 75.5743
14.202668005486178 73.5139
14.22513957064374 70.9004
14.247629214846473 69.0241
14.270101881097517 67.8883
14.29259262906496 67.3144
14.315083930490205 67.3761
14.337558255389705 67.2763
14.360050666019726 67.1811
14.382526101071944 66.9268
14.405019624534942 66.5917
14.427513705993134 66.3841
14.449990813291825 66.3241
14.47248601302899 66.1444
14.49496423954951 66.4358
14.517460561197822 66.4234
14.539939910570322 66.00399999999999
14.562437357763558 66.4305
14.58493536931253 66.6199
14.607416409993311 66.8069
14.62991555254159 67.0079
14.652397725157423 67.33
14.674898002342799 67.4403
14.697398848433282 67.3022
14.719882725991326 68.2569
14.74238471217934 68.5769
14.764869730765593 70.7677
14.787372860692983 74.4515
14.809876564079925 81.3708
14.83236330125751 88.9634
14.854868153850365 97.6399
14.877356041159485 110.257
14.899862046604186 125.939
14.922351087688757 149.016
14.944858249632887 179.165
14.967365991421232 208.722
14.989856770231246 228.554
15.012365673994204 227.632
15.03485761569738 200.447
15.05736768508665 160.10399999999998
15.07987833888692 121.755
15.102372032001655 93.9189
15.124883856909658 77.3508
15.14737872204565 71.2478
15.169891721717274 68.7681
15.192405310371893 67.9012
15.214901940621196 67.2208
15.237416709527137 66.5714
15.259914520936249 66.4637
15.282430473753607 65.9213
15.304947020131227 65.3273
15.327446610371178 64.9984
15.349964346154254 64.5789
15.372465126703139 64.3438
15.394984055556009 64.3157
15.417486030076159 64.1451
15.44000615566487 63.9422
15.462526881230803 63.7391
15.485030653812652 63.6389
15.507552581617434 63.3591
15.530057557334603 63.4864
15.55258069104857 63.4084
15.575104429329837 63.6419
15.597611216864632 63.3456
15.620136166564563 63.5119
15.6426441664095 63.9704
15.665170331202765 65.0616
15.687697105158826 68.6566
15.710206930593545 73.9272
15.732734925158933 79.594
15.755245972089478 86.5523
15.77777519094324 94.7694
15.800287463046663 106.09100000000001
15.822817909869592 122.441
15.84534897229804 143.60299999999998
15.867863089299354 169.356
15.890395385222186 190.44099999999997
15.912910736597423 202.555
15.935444269699861 193.014
15.957978423016485 168.687
15.980495633101265 133.235
16.003031029129367 103.48
16.02554948280019 81.1176
16.048086125229432 69.3184
16.070623392487107 64.8315
16.09314371869582 63.1855
16.11568223789321 61.4317
16.13820381691126 59.957
16.160743591742527 58.8734
16.183283996022084 58.4197
16.205807461423195 57.5358
16.228349126881973 56.9793
16.25087385432698 56.8231
16.27341678466365 56.2208
16.29594277784926 55.9187
16.31848697676433 55.6496
16.341031811604868 55.1933
16.36355971058487 55.2249
16.3861058195587 55.0477
16.40863499352978 54.4507
16.431182380342005 54.2833
16.453730407713202 54.1128
16.476261501364792 53.6548
16.498810812136167 53.3725
16.52134319004079 53.6432
16.54389378792203 53.4448
16.566445031001553 53.4721
16.588979342490088 53.1271
16.61153187824822 53.1092
16.634067483263312 52.8488
16.656621315414416 52.817
16.679175797408888 52.5904
16.701713349928728 52.777
16.72426913389191 52.7769
16.74680798922351 52.771
16.76936507887444 52.6981
16.791905240734874 52.8876
16.814463639794468 52.8105
16.837022695210294 52.8569
16.859564824093756 52.9163
16.882125194503903 53.1792
16.904668639217885 53.708999999999996
16.927230328348003 53.8733
16.949792678493612 54.2787
16.972338104193863 54.2964
16.994901778652235 53.9409
17.017448529496576 53.8929
17.040013531998152 53.9422
17.06257920018044 54.3035
17.0851279459922 54.979
17.107694947817667 55.8404
17.130245028099072 56.9061
17.15281336730298 58.5427
17.17536478578733 60.1077
17.19793446610687 62.1303
17.220504818648422 64.896
17.243058251703697 67.9511
17.265629950971032 72.5798
17.288184731571736 77.1494
17.310757781306908 81.5196
17.33333150794385 83.2739
17.355888317140174 82.5105
17.37846339986244 78.8167
17.401021565958885 71.9194
17.42359800851343 66.066
17.44617513265564 61.5054
17.468735341390783 58.8996
17.491261035594565 57.6986
17.51396340099364 57.3816
17.536490463869136 57.409
17.559018209820174 57.3198
17.58154663977963 57.409
17.604251766089718 57.608000000000004
17.626781572227713 57.665
17.64931206518155 57.7913
17.671843245885103 58.0839
17.69455114821572 58.3042
17.717083712612634 58.613
17.739616967569667 59.387
17.762150914021706 59.8618
17.78486160749854 60.1074
17.807396945166804 60.8088
17.829932977143503 61.3231
17.85246970436452 61.8952
17.875183204129467 63.6187
17.897721330097664 66.5725
17.920260154126645 69.7979
17.942799677153296 73.4757
17.9655159983646 77.3811
17.988056927677544 82.2036
18.010598558807683 88.8111
18.033140892692916 97.9938
18.05586005052525 109.234
18.07840379824407 121.352
18.10094825154059 133.349
18.12366954819864 142.474
18.146215420998306 143.987
18.16876200220057 137.61
18.191309292745153 123.08
18.214033452627167 108.82
18.236582170236648 95.7364
18.259131600016456 88.167
18.281681742907335 86.1794
18.304408781233683 88.9527
18.32696035875955 94.2224
18.349512652227624 99.1682
18.372065662579683 105.21
18.394795594587553 107.46700000000001
18.41735004715306 104.757
18.43990521943684 98.8355
18.46246111238171 89.4424
18.485193953325208 78.8603
18.507751296070428 70.6647
18.530309362314178 65.7839
18.552868153000343 63.0648
18.57560391815056 61.376000000000005
18.59816416623245 60.8779
18.620725141597372 60.2539
18.643286845190268 59.5182
18.666025549835414 58.9954
18.688588718427933 58.2201
18.711152618092243 57.9681
18.73389353884365 57.7486
18.75645890921984 57.5244
18.77902501351406 57.1537
18.801591852673102 57.2178
18.824335739722738 56.644
18.846904057212626 56.4759
18.8694731124168 55.9855
18.89204290628315 56.1955
18.914789774966803 55.9882
18.937361054791623 55.6734
18.959933076131318 55.3248
18.982505839934877 55.3268
19.00525570560582 55.1412
19.027829963004184 54.9287
19.05040496572238 55.0266
19.072980714710468 55.0964
19.095733592739563 55.1742
19.11831084296757 55.3117
19.140888842324735 55.6921
19.16346759176222 56.3708
19.18622349753803 57.2818
19.208803755869358 58.2925
19.231384767143577 59.3999
19.253966532312948 60.8581
19.276725481241822 62.7568
19.29930876296784 65.7054
19.3218928014549 69.1546
19.34465404436217 72.2063
19.36723960516257 74.8114
19.389825925592426 76.0953
19.412413006605938 75.0584
19.43517731967805 72.3885
19.457765930683355 67.608
19.48035530514408 63.3259
19.50294544401556 59.3168
19.525712842708348 56.2671
19.54830451925909 54.3415
19.570896963095727 52.9648
19.593490175174704 52.476000000000006
19.616260674962184 52.5006
19.638855432416964 52.036
19.661450960992624 52.2763
19.68404726164677 51.9545
19.706820878021247 51.7039
19.729418731756834 52.0449
19.752017360452857 51.8485
19.77461676506804 51.9354
19.797393513540218 51.9091
19.819994478951667 52.1066
19.84259622316767 52.8973
19.8651987471481 53.2968
19.887978643247177 53.6126
19.91058273574792 54.3635
19.933187610901943 55.129
19.955969879466828 56.2311
19.97857632894404 57.4886
20.00118356396599 59.0064
20.023791585494575 60.9606
20.046577028914875 63.907
20.069186632506966 66.462
20.091797025500632 69.0481
20.114408208858933 70.3772
20.137196842715273 70.7118
20.159809615886765 69.0469
20.18242318232135 66.5504
20.20503754298326 64.2364
20.227829382875154 62.4485
20.250445341109344 61.6191
20.27306209647285 62.3672
20.29567964993108 63.7225
20.31847471147704 64.8493
20.34109387027612 65.5372
20.363713830075454 65.6248
20.386334591841646 64.211
20.409132890679302 61.6577
20.431755265564437 58.2033
20.454378445325528 55.3761
20.477002430930366 52.8411
20.499803982716553 51.184
20.522429589228004 49.9842
20.54505600449589 49.5493
20.567683229489194 49.3113
20.590488049900088 49.2541
20.61311690359731 48.8486
20.63574656993626 48.696999999999996
20.658553853717297 48.4652
20.681185154618298 48.2805
20.703817271080066 48.2605
20.72645020407368 48.0781
20.749260783967177 47.8974
20.771895359337133 48.1095
20.794530754161617 48.251000000000005
20.817166969412938 48.1419
20.83998086114876 47.882
20.86261872660049 47.7429
20.885257415405402 47.6667
20.90789692853701 47.5124
20.930714147864748 47.3684
20.953355319030678 47.2108
20.97599731745334 47.4568
20.99864014410749 47.318999999999996
21.021460706796564 47.3439
21.044105199328826 47.6559
21.06675052302631 47.9404
21.089396678865015 48.1772
21.112220600704806 48.2189
21.134868430275347 48.4138
21.15751709492456 48.73
21.180166595629693 48.9909
21.202993892429635 49.6244
21.22564507473034 50.0899
21.24829709602816 50.3512
21.27112693608965 50.6019
21.293780644891275 50.5636
21.316435195634053 50.1151
21.339090589297417 49.05
21.361923832041875 48.5392
21.384580921090404 47.9353
21.407238856007325 47.4559
21.429897637773326 47.4757
21.45273429906592 47.3899
21.475394784108598 47.3831
21.498056118951983 47.3844
21.520718304578022 47.5109
21.543558400304388 47.4965
21.566222297108816 47.7053
21.58888704765135 47.5582
21.61155265291521 47.8171
21.63439619898156 48.3409
21.657063523335786 48.8917
21.67973170537063 49.6227
21.7024007460706 49.9585
21.72524775840385 50.8503
21.747918526116475 51.9557
21.770590155457388 52.8879
21.79326264741238 54.0642
21.816113141960237 55.9741
21.838787368860547 58.0776
21.861462461341976 60.2898
21.884315579735777 62.7599
21.90699241312273 64.4756
21.92967011506078 65.3618
21.95234868653799 65.1787
21.9752053151131 63.8462
21.997885635446785 62.0876
22.020566828293532 59.8001
22.04324889464272 57.8741
22.066109049404666 56.4926
22.088792872571794 55.7793
22.111477572219204 55.7925
22.1341631493376 55.9992
22.157026846313123 55.7714
22.179714188221507 55.1949
22.202402410582668 54.3418
22.22509151438863 52.6553
22.24795876962584 51.123000000000005
22.270649646204486 50.1287
22.293341407213727 49.1264
22.316034053646906 48.4399
22.338904883215342 47.9895
22.36159931041458 47.8619
22.38429462602756 47.8112
22.40699083104897 47.4501
22.429865251039757 47.3994
22.452563244831367 47.5219
22.47526213102522 47.5007
22.49813925616515 47.5933
22.520839937143307 47.4311
22.543541513520587 47.5685
22.56624398629403 47.5366
22.589124730075895 47.4492
22.611829005656723 47.6114
22.63453418063466 47.5061
22.657240256008077 47.7312
22.680124634582935 47.8555
22.70283252079775 48.3508
22.725541310413075 48.6313
22.74825100442868 49.0508
22.771139033969575 49.6421
22.79385054687155 49.8619
22.81656296718292 50.3933
22.83927629590484 51.2491
22.862167992606945 52.2503
22.88488314827121 53.3941
22.907599215359284 54.1613
22.93031619487366 55.7268
22.953211574954405 56.8371
22.975930389478226 57.6426
22.998650119445763 58.0864
23.02137076586092 57.4425
23.044269845560063 56.2487
23.06699233506288 54.6139
23.089715744034912 52.655
23.112617610931565 51.0248
23.135342869061212 49.6274
23.158069049684816 48.5743
23.1807961538087 47.9146
23.20370174880544 47.9858
23.226430710184808 47.8331
23.249160598093425 47.7813
23.271891413539002 47.707
23.294800752937697 47.9046
23.31753343374794 48.2497
23.340267045128353 48.5134
23.36300158808808 48.9806
23.38591468821339 49.2807
23.408651104658304 49.8432
23.431388455719986 50.4356
23.454126742409 51.1054
23.4770436196085 52.0527
23.499783787914662 53.4088
23.522524894889884 54.5312
23.54526694154616 55.7744
23.56818761219047 57.1542
23.59093154860734 58.021
23.613676427751283 58.657
23.636422250635754 57.949
23.659346731118656 56.309
23.68209445191868 54.3017
23.704843119509587 51.9468
23.72759273490623 50.0421
23.750521041644767 48.2531
23.77327256312355 46.933
23.796025035462787 46.1175
23.818956224555475 45.4481
23.841710609113413 45.0818
23.86446594758979 44.985
23.887222241002014 44.722
23.910157285144578 44.3376
23.932915498962537 44.2636
23.955674670778713 44.1666
23.978434801611975 44.0267
24.001373717286125 43.8775
24.024135776723917 43.8569
24.046898798245582 43.6722
24.06966278287146 43.5234
24.092605586582614 43.2486
24.115371508023642 43.1891
24.1381383956401 43.0259
24.16090625045381 42.9336
24.183852958731244 42.8748
24.206622758582608 42.7503
24.229393528706886 42.707
24.252165270127392 42.785
24.27511589952438 42.7617
24.297889594216997 42.4459
24.32066426328598 42.2993
24.34343990775613 42.4218
24.36639447485003 42.3537
24.38917208083877 42.1195
24.41195066531332 42.1599
24.43490819850244 42.0684
24.457688750692377 42.0944
24.48047028445616 42.0651
24.503252800821233 42.0489
24.526214300784112 42.2567
24.548998793132213 42.3297
24.57178427117417 42.2115
24.59457073593893 42.1027
24.617536219319863 41.9489
24.64032466834748 42.0422
24.663114107195035 42.0203
24.685904536893013 41.7644
24.708874020360852 41.623999999999995
24.731666442613744 41.4874
24.754459858818787 41.3919
24.777254270007962 41.4577
24.80022777025625 41.3082
24.82302418230472 41.3491
24.845821592443674 41.1975
24.86862000170663 41.3536
24.891597535453727 41.2976
24.914397953892728 41.4429
24.93719937456671 41.4818
24.96000179851076 41.545
24.98298338249997 41.7353
25.00578782394922 41.8678
25.028593271784167 42.0056
25.05157790644186 42.3145
25.07438537804115 42.6277
25.097193859145293 42.8293
25.120003350792075 43.2673
25.142992065061257 43.6644
25.165803588823465 43.8311
25.18861612625217 44.1686
25.211429678386736 44.1226
25.234422489079968 44.2923
25.257238081693636 44.3621
25.280054692141732 44.6077
25.3028723214652 44.5517
25.325869245420463 44.6217
25.348688923599397 44.6314
25.371509623787006 44.5144
25.394331347025812 44.3845
25.41733240110666 43.903
25.440156181590016 43.1917
25.46298098826268 42.6565
25.48580682216873 42.0157
25.50881202326435 41.4185
25.53163992281684 40.8956
25.55446885274561 40.5001
25.577298814096377 40.1209
25.600308179121807 39.9581
25.623140214533745 40.1802
25.64597328451537 40.0093
25.66898578564376 39.7626
25.691820936010206 39.8572
25.714657124097695 39.7258
25.737494350954734 39.7195
25.760511045684957 39.5724
25.783350361364224 39.7155
25.806190718969255 39.8163
25.82903211955018 39.9359
25.852053024868923 39.8909
25.874896522722523 39.8592
25.897741066713106 39.6889
25.920586657892454 39.9133
25.943611790812668 40.2542
25.966459487728237 40.361
25.989308234998564 40.2667
26.01215803367705 40.6811
26.03518741123814 40.6946
26.05803932412957 41.0119
26.080892291600094 41.0636
26.10374631470478 41.1496
26.12677995397268 41.2449
26.14963609978026 41.4812
26.172493304397875 41.0559
26.19535156888223 40.7973
26.218389486949604 40.3727
26.241249882640123 39.9746
26.26411134137826 39.6795
26.28715248187403 39.6153
26.31001607820869 39.3483
26.3328807407756 39.0722
26.35574647063438 39.4195
26.37879191991473 39.4618
26.401659795896734 39.4675
26.424528742360263 39.5696
26.447398760366614 39.8509
26.470448535598294 39.8902
26.49332070826805 40.1551
26.516193955675355 40.4728
26.53906827888316 40.5223
26.562122397260108 40.7939
26.584998883685063 41.2729
26.607876449110325 41.55
26.63075509460056 41.7946
26.65381357334404 41.951
26.67669439061878 41.9549
26.699576291163382 41.9296
26.722459276044212 41.7864
26.745522132402975 41.5566
26.768407297649354 41.1498
26.791293550442003 40.9235
26.814180891848974 40.5433
26.837248143099337 40.0726
26.860137673466657 40.1596
26.88302829566349 39.8424
26.90592001075963 39.6984
26.92899167420566 39.5188
26.951885586870763 39.0569
26.974780595655517 38.9025
26.99785558178161 38.6738
27.020752794605112 38.5304
27.043651106772522 38.3971
27.06655051935668 38.2194
27.089629948036183 38.1287
27.112531573292053 38.014
27.135434302194138 38.1831
27.158338135817015 37.8861
27.181422024430987 37.971
27.204328079372566 37.9053
27.22723524226965 37.9374
27.250143514198573 37.941
27.273231880156334 37.9375
27.296142382065014 37.7759
27.319053996245536 37.7042
27.341966723775965 37.814
27.365059584515222 37.7543
27.38797455070062 37.7892
27.410890633481237 37.8019
27.433807833936918 37.9152
27.456905206923906 37.9246
27.47982465472398 37.9749
27.502745223449743 37.9188
27.525666914182825 37.9616
27.548768816912457 38.0599
27.571692763693633 38.0408
27.59461783573812 37.9658
27.617723149491244 37.7746
27.640650484125285 37.6631
27.66357894728264 37.5786
27.686508540048052 37.523
27.709618414237887 37.4877
27.732550278321757 37.4016
27.755483275279115 37.2301
27.778417406196485 37.417
27.801531858397514 37.4146
27.824468269376716 37.2337
27.847405817586786 37.2884
27.870344504116094 37.3635
27.893463551932008 37.5505
27.916404527281053 37.6677
27.93934664422563 37.8788
27.962289903855886 37.9579
27.98541356491974 38.2328
28.00835912214229 38.5141
28.03130582533231 38.7049
28.054253675581805 38.8826
28.077381967556104 38.891999999999996
28.100332124185126 38.848
28.123283431160893 38.8013
28.146235889577238 38.8348
28.169368830154156 38.4587
28.192323603752033 38.2894
28.215279532083304 37.9158
28.238415973016764 37.689
28.261374223145094 37.5572
28.284333631303806 37.4276
28.307294198589954 37.176
28.330435319167677 36.8351
28.353398217078915 36.4568
28.376362277420153 36.303000000000004
28.39932750129032 36.1117
28.422473319286713 35.7739
28.44544088262495 35.8637
28.468409612800283 35.5763
28.491379510913497 35.3905
28.51453004413313 35.3186
28.53750229057244 35.3276
28.56047570826344 35.2735
28.583450298308804 35.3406
28.606605564586562 35.1239
28.629582511831156 35.1665
28.65256063474956 35.0961
28.675539934446338 35.0591
28.698699951647605 35.1402
28.72168161743193 34.9543
28.74466446331978 34.9516
28.767648490417624 35.0067
28.790813276438353 34.8893
28.813799678527303 34.8004
28.836787265157085 34.8749
28.859955641890075 34.9254
28.882945610203045 34.9529
28.905936766392035 34.7745
28.928929111566863 34.8209
28.952102288520145 34.7531
28.975097024308607 34.6605
28.998092952423807 34.4702
29.021090073977508 34.4982
29.04426806913204 34.3697
29.067267590245258 34.1675
29.090268308143695 34.1068
29.11327022394099 33.9315
29.13645305530891 33.9462
29.159457379627167 33.8878
29.18246290519685 33.7969
29.20546963313352 33.8015
29.22865731875826 33.702
29.25166646419296 33.8323
29.27467681535305 33.6412
29.29768837335608 33.6943
29.320880931312562 33.828
29.34389491580634 33.722
29.366910110507334 33.6959
29.38992651653503 33.7831
29.41312396492981 33.7565
29.436142806456754 33.635999999999996
29.45916286268059 33.6003
29.48236399319994 33.4167
29.50538649169417 33.3795
29.528410208259935 33.256
29.55143514402014 33.0014
29.574641196749695 32.873000000000005
29.597668583816574 32.7622
29.6206971934585 32.6317
29.64372702680042 32.5559
29.666938019934474 32.4221
29.689970313635285 32.4711
29.713003834422636 32.3709
29.73603858342347 32.3258
29.759254535188578 32.2043
29.78229175361658 32.2745
29.80533020365064 32.3245
29.82836988641968 32.2976
29.85159081507472 32.2329
29.874632976355343 32.1113
29.89767637376955 32.2412
29.920721008448314 32.0871
29.9439469322847 31.9267
29.96699405457564 31.8849
29.9900424175358 31.9961
30.013092022298157 32.0112
30.03632295963995 31.9505
30.059375061131373 31.962
30.08242840783577 32.1536
30.105483000888153 32.0067
30.128718970092244 31.9965
30.151776069006917 31.8165
30.17483441768648 32.0639
30.198074175317235 31.8486
30.221135036724256 31.9626
30.24419715131772 31.9008
30.267260520236203 31.7468
30.290505341942243 31.7341
30.313571232750228 31.7341
30.336638381310948 31.8468
30.35970678876503 31.7414
30.38295669299435 31.6877
30.40602763151657 31.719
30.429099832366074 31.6946
30.452173296685572 31.5728
30.47542830191959 31.5859
30.498504306502497 31.635
30.521581577995562 31.6186
30.544660117543582 31.7308
30.56792024229725 31.6222
30.59100133132069 31.7186
30.614083691845494 31.715999999999998
30.637167325018545 31.8385
30.660432587840603 31.8737
30.683518779717886 31.8242
30.70660624769615 31.9212
30.729694992924372 31.7981
30.75296541239743 31.8741
30.77605672557558 31.8279
30.799149319462742 31.7438
30.8224236211637 31.614
30.845518789950724 31.5602
30.868615242910597 31.5525
30.891712981195973 31.2932
30.91499247215866 31.3246
30.938092794619365 31.2867
30.96119440587579 31.0294
30.984297307082752 30.9884
31.00758200598383 30.9342
31.030687500658694 30.8902
31.053794288760695 30.7361
31.076902371446767 30.669
31.100192296997445 30.5952
31.12330298246119 30.6142
31.14641496599209 30.4712
31.169528248749216 30.5309
31.19282341969534 30.5234
31.215939314557186 30.5641
31.239056512134788 30.525
31.262175013589378 30.4255
31.28547544871168 30.4218
31.30859657161541 30.4559
31.331719001892175 30.4995
31.35484274070538 30.6216
31.378148458819545 30.6047
31.401274828443725 30.4844
31.424402510106933 30.4874
31.447712205419993 30.5492
31.470842524931633 30.3063
31.493974159989783 30.4077
31.51710711176168 30.4675
31.54042212308802 30.459
31.563557722100917 30.4827
31.586694641341655 30.273000000000003
31.609832881979628 30.2117
31.63315322823208 30.1277
31.656294125521327 29.9403
31.679436347728515 30.0329
31.70257989602529 29.8126
31.725905596152327 29.7361
31.74905181052835 29.7828
31.772199354521323 29.8611
31.79534822930507 29.843000000000004
31.818679302290967 29.7053
31.84183085259981 29.6414
31.864983737233473 29.7396
31.88813795736804 29.8224
31.911474422233013 29.7749
31.934631327356435 29.8413
31.9577895715215 29.7255
31.980949155906522 29.7282
32.004291031706956 29.7661
32.027453310562606 29.6102
32.05061693318573 29.4721
32.07396288236386 29.5006
32.09712920658542 29.4391
32.12029687812702 29.2737
32.14346589817093 29.2541
32.166817291729984 29.2289
32.18998902288583 29.1094
32.21316210610336 29.0451
32.23633654256711 28.8928
32.259693399663725 28.9887
32.282870556771144 28.761
32.30604907069099 28.7376
32.329228942610065 28.6763
32.35259128243769 28.5941
32.375773884550505 28.5166
32.398957848235646 28.4401
32.422143174682176 28.4021
32.445511016471215 28.4417
32.468699082679954 28.3027
32.49188851523011 28.311999999999998
32.51507931531304 28.1882
32.538452678331 28.1939
32.56164622776311 28.0995
32.58484114831493 28.0558
32.60803744118015 28.0015
32.631416344731896 28.0275
32.654615396551876 27.9134
32.67781582427913 27.8833
32.701198898634416 27.9043
32.72440209253756 27.918000000000003
32.747606665947124 27.8827
32.77081262006088 27.7832
32.79420126883317 27.7637
32.81740999876112 27.6504
32.840620112999424 27.5958
32.86383161274818 27.6188
32.88722585534586 27.5599
32.91044014056596 27.5736
32.933655814909734 27.6651
32.95687287957963 27.5977
32.98027273544904 27.4846
33.00349259526636 27.4674
33.026713849030116 27.4969
33.04993649794511 27.502
33.073341986570746 27.3827
33.09656744032826 27.3637
33.11979429286444 27.4339
33.14302254538647 27.4242
33.166433686291185 27.324
33.18966475336992 27.2989
33.212897224069096 27.1917
33.23613109959831 27.2539
33.259547912343415 27.2124
33.2827846121627 27.1773
33.306022720453775 27.114
33.32926223842861 27.1035
33.352684742614166 27.1253
33.37592709463173 27.046
33.399170859982064 26.9937
33.422597648419426 26.9633
33.44584425514446 26.8163
33.46909227885668 26.7708
33.4923417207723 26.6122
33.51577423505344 26.6644
33.539026528130385 26.5861
33.56228024307245 26.5452
33.585535381098246 26.4081
33.60897364093058 26.3828
33.63223163992385 26.392
33.6554910656699 26.2407
33.678751919389796 26.2245
33.702195944520106 26.1471
33.72545966903325 26.143
33.74872482519663 26.0472
33.771991414233746 26.1259
33.79544122444841 26.0545
33.81871069412428 25.9938
33.84198160035767 26.1006
33.86525394437455 26.1086
33.88870955949969 25.8454
33.911984794020626 25.9126
33.93526147001624 25.8827
33.958539588715006 25.8245
33.98200102861669 25.7121
34.0052820477047 25.6886
34.02856451319451 25.7163
34.05203033759056 25.6648
34.07531571090147 25.6134
34.09860253431845 25.5466
34.121890809074316 25.5319
34.145362493118924 25.4565
34.16865368561615 25.4462
34.191946333164054 25.4634
34.21524043699793 25.4302
34.23871800066799 25.3514
34.26201503218366 25.2791
34.28531352370466 25.21
34.30861347646881 25.1485
34.33209693978188 25.1036
34.3553998301885 25.0882
34.378704185565205 25.0223
34.402010007152356 25.0263
34.42549939016683 25.0239
34.44880815937748 24.8713
34.472118398533134 24.8429
34.49543010887669 24.7385
34.51892543169198 24.7415
34.54224009966052 24.7917
34.56555624255917 24.7673
34.58887386163339 24.680999999999997
34.61237514439016 24.6483
34.6356957311114 24.6417
34.65901779775809 24.5715
34.68252356662995 24.4941
34.705848608458616 24.541999999999998
34.72917513396849 24.3919
34.75250314440949 24.4561
34.77601490857862 24.3285
34.799345904259795 24.2704
34.82267838863559 24.2753
34.846012362958525 24.2483
34.869530142679984 24.1856
34.89286711232212 24.1998
34.91620557568269 24.2168
34.93954553401677 24.2121
34.9630693495876 24.0997
34.986412313340814 24.1117
35.00975677584668 24.174
35.033102738362956 24.0717
35.05663261012228 24.0003
35.0799815881786 24.0283
35.10333207003229 23.9247
35.12668405694369 23.9254
35.150220005273056 23.8697
35.17357501786656 23.8819
35.19693153931268 23.7977
35.220289570874385 23.8547
35.24383161619786 23.8458
35.267192683604904 23.8596
35.290555264930376 23.7778
35.314101899412165 23.7961
35.33746752422433 23.7192
35.36083466676374 23.7635
35.38420332829803 23.6913
35.407756095629054 23.7259
35.43112781085063 23.689
35.45450104888391 23.6778
35.477875810999194 23.7059
35.50143473172161 23.5282
35.52481255774625 23.5729
35.54819191167777 23.5133
35.57157279478914 23.4812
35.595137889488406 23.509
35.61852184675279 23.4037
35.641907337029984 23.3732
35.665294361595684 23.3688
35.68886565090076 23.2982
35.7122557598848 23.1643
35.73564740699838 23.2127
35.759040593519934 23.1825
35.78261809810353 23.171
35.80601437933051 23.1028
35.829412203814705 23.0096
35.85281157283719 22.9191
35.876395313415884 23.0026
35.8997977874528 22.8717
35.92320180988546 22.8402
35.946790244133936 22.837
35.97019737933222 22.7934
35.993606066789866 22.7507
36.01701630779276 22.7376
36.04061101440684 22.7043
36.06402437852291 22.6972
36.08743930005611 22.7111
36.1108557802951 22.6289
36.13445678011326 22.6082
36.15787639383515 22.5047
36.18129757014299 22.483
36.20472031032821 22.5099
36.22832762423364 22.5051
36.25175350829375 22.3704
36.275180960119776 22.3016
36.298609981005924 22.3341
36.32222362992669 22.3627
36.34565580510207 22.2442
36.36908955323448 22.235
36.39252487562093 22.2116
36.416144880530226 22.1959
36.43958336764275 22.1432
36.463023432914625 22.1122
36.486465077645676 22.1025
36.51009145956204 22.1441
36.53353627947859 22.0973
36.55698268276811 22.0569
36.58043067073321 21.9549
36.60406345072071 21.913
36.62751462435344 21.9216
36.65096738658405 21.9074
36.67460498210655 21.7732
36.69806093788647 21.785999999999998
36.72151848619297 21.778000000000002
36.744977628333636 21.788
36.76862165890998 21.673000000000002
36.79208400512205 21.6896
36.81554794910557 21.671999999999997
36.83901349217101 21.5985
36.862663978991606 21.584
36.88613273667352 21.5145
36.90960309738324 21.4531
36.933075062434064 21.3835
36.95673202673572 21.3754
36.98020721697122 21.3477
37.003684015502365 21.299
37.027162423645365 21.320999999999998
37.050825886711465 21.2965
37.07430753063053 21.204
37.09779078812467 21.1856
37.121275660513014 21.1492
37.144945643673694 21.1442
37.16843376245278 21.0844
37.19192350009803 21.085
37.215414857931435 21.03
37.239091382563885 20.9489
37.262585997426164 20.9705
37.28608223645736 20.8899
37.309763684451696 20.9111
37.33326318851098 20.8584
37.356764320726555 20.8183
37.380267082425526 20.7965
37.40395510942588 20.8071
37.42746114683234 20.7783
37.45096881771841 20.7448
37.474478123414166 20.755
37.49817275092816 20.605
37.52168534303452 20.6154
37.54519957395567 20.5313
37.568715445024665 20.5655
37.592416694607714 20.5473
37.61593586281424 20.5409
37.63945667518264 20.5415
37.66297913304891 20.4476
37.68668702630454 20.4276
37.710212792059274 20.3154
37.733740207334854 20.3404
37.757269273470364 20.2564
37.780983832050374 20.2414
37.80451621684926 20.2167
37.82805025654007 20.2301
37.851585952464795 20.2258
37.8753071980695 20.114
37.89884622345676 20.0388
37.92238690911902 20.0172
37.94611318753442 20.0052
37.969657210779765 19.9623
37.99320289834801 19.957
38.016750251586465 19.8932
38.04048325513017 19.8815
38.06403395679343 19.8171
38.087586328183946 19.7645
38.11114037065203 19.7807
38.13488012115898 19.7473
38.1584375229181 19.734
38.181996599821 19.743
38.205557353221124 19.704
38.229303872575656 19.6725
38.2528679961576 19.6509
38.27643380031219 19.6584
38.30000128639589 19.5352
38.32375459653193 19.5557
38.34732546371299 19.5107
38.37089801690786 19.3935
38.39447225747609 19.3052
38.418232380377425 19.423
38.441810012983396 19.4235
38.46538933705673 19.3396
38.488970353960084 19.3129
38.51273731166058 19.2863
38.536321731567014 19.2278
38.55990784840681 19.2155
38.58367995004091 19.1841
38.60726947812959 19.0613
38.63086070726198 19.0882
38.654453638806274 19.0551
38.678232613930824 19.0203
38.70182896773327 19.0021
38.72542702806741 18.9682
38.7490267963045 18.9555
38.77281266709232 18.9415
38.79641586862214 18.9292
38.8200207821842 18.894000000000002
38.843627409152944 18.836
38.86742019782782 18.8216
38.891030269149255 18.7627
38.914642058016156 18.74
38.938255565806124 18.7686
38.96205529464307 18.7033
38.98567225787121 18.6447
39.00929094417078 18.6032
39.03291135492255 18.6278
39.05671804624804 18.554000000000002
39.080341923549106 18.5919
39.103967529460334 18.4833
39.127594865365744 18.4674
39.15140854155791 18.405
39.17503935514948 18.372
39.19867190290282 18.4238
39.22249083587951 18.3698
39.24612686969409 18.3431
39.269764641845306 18.3448
39.293404153722804 18.2415
39.317230110864074 18.2057
39.34087311998506 18.1881
39.36451787301696 18.1858
39.388164371352595 18.1544
39.41199737518003 18.0725
39.43564738196752 18.0872
39.45929913825317 18.1053
39.48295264543308 18.021
39.506792718520884 17.964000000000002
39.530449745387216 17.9483
39.55410852735203 17.951
39.57776906581474 17.9737
39.60161623079 17.9157
39.625280300200025 17.9039
39.64894613032202 17.8088
39.67261372255866 17.8832
39.6964680021016 17.8187
39.72013913657293 17.8147
39.74381203738292 17.7576
39.76748670593756 17.6702
39.79134812278169 17.6503
39.81502634488497 17.6722
39.83870633896685 17.6537
39.862388106436654 17.5526
39.88625668336918 17.5571
39.90994201572829 17.5866
39.933629125719285 17.5135
39.957503091207826 17.4772
39.9811937746168 17.4543
40.00488623990914 17.43
40.02858048850006 17.4508
40.05246165409549 17.4
40.076159487492085 17.3162
40.099859108448875 17.3138
40.123560518384345 17.2579
40.1474489070226 17.1954
40.171153913178564 17.1835
40.194860712584955 17.2336
40.2185693066637 17.2202
40.242464941335314 17.151
40.26617714307655 17.1274
40.289891143772046 17.1175
40.3136069448471 17.0467
40.33750984859743 17.0637
40.3612292688043 17.015
40.3849504936829 16.9399
40.40867352466194 17.0139
40.43258372059144 16.9665
40.45631038219906 16.9477
40.48003885420956 16.9017
40.503769138055105 16.9175
40.52768664931955 16.8906
40.55142057531802 16.8637
40.57515631746428 16.7592
40.599079334038514 16.7253
40.62281872700477 16.649
40.64655994043941 16.6859
40.67030297578061 16.6533
40.69423334835778 16.680999999999997
40.71798004609188 16.6868
40.74172857006355 16.6117
40.76547892171441 16.5875
40.7894166736039 16.5531
40.813170699248566 16.4895
40.83692655691388 16.5458
40.86068424804498 16.4788
40.884629402612525 16.4219
40.908390779366385 16.424
40.932153993938 16.3626
40.95591904777605 16.4086
40.979871628443995 16.4185
41.003640379561936 16.3577
41.02741097430883 16.2467
41.05118341413683 16.2467
41.075143444384416 16.1777
41.098919593177826 16.253
41.1226975914255 16.1995
41.14647744058318 16.0883
41.170444943946755 16.1149
41.19422851378379 16.078
41.218013938914645 16.0721
41.24198706625173 16.022000000000002
41.26577622087193 15.9648
41.289567235177785 15.9878
41.31336011063129 15.9622
41.337340752422875 15.9109
41.361137369129835 15.9115
41.38493585138705 15.9099
41.40873620066004 15.8696
41.43272438060107 15.7849
41.45652848292052 15.7716
41.48033445666918 15.749
41.50414230331616 15.7105
41.528138045159764 15.7403
41.551949656675205 15.6788
41.575763145513235 15.7135
41.59957851314666 15.604000000000001
41.62358184070442 15.5786
41.64740098505737 15.5979
41.6712220126409 15.5439
41.69504492493139 15.5118
41.71905586207357 15.5028
41.74288256296395 15.4857
41.766711153007456 15.4274
41.79054163368412 15.4009
41.814560204340054 15.4473
41.838394485526365 15.4119
41.86223066180303 15.3383
41.88625497706819 15.3225
41.910094962812 15.3218
41.93393684811168 15.3155
41.95778063445365 15.2116
41.981812625263366 15.1901
42.00566023303407 15.2471
42.029509746323676 15.1562
42.05336116662236 15.1351
42.077400857069705 15.1608
42.10125611078846 15.1465
42.12511327600405 15.0955
42.14897235421036 15.0468
42.173019768448455 15.0011
42.19688269209613 15.0236
42.22074753323349 15.0087
42.24461429335818 14.9998
42.268669455600495 14.939
42.292540073217886 14.8513
42.31641261433284 14.8657
42.34028708044675 14.8801
42.36435001496739 14.8024
42.38822835065557 14.8103
42.41210861586426 14.747
42.4359908120986 14.7876
42.46006154323262 14.7466
42.48394762115317 14.6986
42.507835634632315 14.7554
42.531912233047436 14.6761
42.55580413732265 14.6626
42.579697981698 14.5815
42.60359376768525 14.5491
42.62767820545945 14.5127
42.65157789440821 14.5794
42.67547952952185 14.5511
42.699383112316 14.4843
42.72347541395347 14.4394
42.74738291190531 14.4146
42.771292362102166 14.3506
42.795203766063516 14.3618
42.819303956130405 14.3407
42.843219287476536 14.3383
42.86713657716324 14.2869
42.89105582671383 14.2431
42.91516392983864 14.2484
42.939087119032166 14.2717
42.963012272677304 14.1889
42.98693939230129 14.1706
43.01105543317513 14.1692
43.034986504731386 14.1177
43.05891954686589 14.1355
43.08285456110972 14.0834
43.10697856448665 14.0736
43.130917542983475 13.9854
43.15485849820081 14.0017
43.17880143167367 13.9893
43.20293342237094 13.9805
43.226880332449 13.9406
43.25082922540554 13.9091
43.27496722682525 13.933
43.29892010567796 13.8549
43.32287497204102 13.8419
43.34683182745632 13.8367
43.370977859791836 13.7806
43.39493871351105 13.7819
43.41890156092628 13.749
43.44286640358341 13.7204
43.46702049182749 13.7221
43.49098934522816 13.7268
43.51496019852649 13.7077
43.5389330532723 13.6116
43.56309522248204 13.5896
43.58707210044314 13.5873
43.61105098451946 13.5409
43.63503187626491 13.5229
43.659202151562134 13.5425
43.68318707902681 13.51
43.70717401884041 13.4729
43.731162972560874 13.4642
43.75534137913236 13.41
43.779334381108384 13.3613
43.803329401683186 13.4086
43.82732644241872 13.3246
43.8515130055166 13.3403
43.87551410707659 13.3039
43.89951723350145 13.2622
43.923709934595614 13.2468
43.94771713129917 13.2708
43.97172635758096 13.2678
43.99573761501002 13.2105
44.0199385169922 13.1224
44.04395385732619 13.1265
44.067971233533086 13.123
44.09199064718605 13.1121
44.11619977548961 13.0639
44.14022328470671 13.0216
44.16424883610785 13.0624
44.18827643127035 13.0382
44.21249381139513 13.0064
44.236525514814076 12.9666
44.26055926674478 12.9465
44.28459506876863 12.9642
44.3088207262813 12.8801
44.33286064928722 12.8434
44.35690262714919 12.8341
44.38094666145278 12.8163
44.4051806219871 12.835
44.42922879003185 12.8273
44.45327901929361 12.7715
44.477331311362136 12.7829
44.501573600619416 12.7313
44.525630039221795 12.7014
44.54968854541895 12.6406
44.573937102200176 12.6476
44.5979997645541 12.6234
44.622064499300315 12.5972
44.64613130803592 12.5789
44.67038823869318 12.6077
44.69445921643748 12.5477
44.718532272981385 12.475999999999999
44.742607409926194 12.5064
44.76687274034801 12.4478
44.79095205918753 12.4356
44.81503346325094 12.4501
44.839116954143876 12.4196
44.86339071028742 12.3771
44.88747839599524 12.3996
44.91156817336837 12.3686
44.93566004401666 12.3202
44.959942251908146 12.2859
44.984038330325966 12.3209
45.00813650686762 12.2519
45.03223678314731 12.2413
45.05652746888232 12.2141
45.08063196592069 12.1677
45.104738567558705 12.1432
45.128847275414856 12.1293
45.15314646515866 12.1283
45.17725940679741 12.1257
45.20137445952892 12.0783
45.22568004865265 12.0963
45.24979934496396 12.0315
45.27392075725247 12.0185
45.29804428714431 12.0018
45.322358426247604 12.0038
45.346486212804315 11.9252
45.370616121861914 11.9468
45.39474815505086 11.9239
45.41907087049246 11.8864
45.4432071734666 11.8574
45.46734560548283 11.8387
45.49148616817604 11.9087
45.51581748638564 11.8238
45.5399623320197 11.7674
45.56410931325473 11.7645
45.58825843173002 11.7994
45.61259837920865 11.7699
45.636751793816 11.7561
45.66090735060093 11.6656
45.68506505120716 11.6006
45.7094136545275 11.6138
45.73357566449271 11.6177
45.75773982322992 11.6276
45.78190613238733 11.5785
45.806263418194064 11.5327
45.83043404997326 11.5291
45.85460683713677 11.5178
45.87897065658495 11.4819
45.90314777634752 11.4627
45.92732705646868 11.4435
45.9515084986045 11.4116
45.97588104735473 11.3652
46.00006683541565 11.3681
46.02425479047904 11.3698
46.04844491420549 11.395999999999999
46.0728262191024 11.3288
46.09702070211635 11.3463
46.12121735879483 11.3147
46.14541619080294 11.3254
46.169806278764455 11.2818
46.194009483459034 11.2539
46.21821486849841 11.2359
46.24242243555223 11.1654
46.266821333570014 11.16
46.29103328674601 11.1637
46.31524742696538 11.1507
46.33946375590237 11.1182
46.36387149104216 11.1149
46.38809221957392 11.0585
46.41231514186606 11.0424
46.436540259597464 11.042
46.460956858999374 11.0458
46.48518638983522 10.9885
46.509418121166966 10.9303
46.533652054678114 10.9545
46.55807754555709 10.9233
46.58231590571962 10.9227
46.60655647313217 10.9033
46.630988654873654 10.8591
46.655233659129024 10.7868
46.67948087571551 10.85
46.70373030632484 10.8256
46.72817142736393 10.8037
46.752425308428684 10.787
46.77668140861147 10.7483
46.80093972960865 10.7305
46.82538981736788 10.7026
46.849652602470904 10.6765
46.87391761349769 10.6483
46.8981848521493 10.6417
46.9226439341274 10.6141
46.946915650573224 10.6115
46.97118959976749 10.6067
46.99546578341598 10.5727
47.019933887188216 10.5315
47.04421456235744 10.5434
47.06849747711879 10.5123
47.09278263318286 10.4811
47.11725978640143 10.4508
47.14154944775105 10.4288
47.165841355555656 10.4278
47.1901355115306 10.4235
47.214621741924994 10.4011
47.23892041698887 10.3711
47.26322134538975 10.3416
47.28771440635075 10.3064
47.31201986422527 10.3605
47.33632758061436 10.3238
47.360637557241866 10.2905
47.38513974410611 10.3023
47.40945426407847 10.2523
47.43377104948137 10.2416
47.45809010204344 10.2045
47.48260144275502 10.189
47.506925052572285 10.1633
47.53125093475548 10.105
47.55557909103813 10.1127
47.58009961361992 10.1323
47.60443234110732 10.1025
47.62876734791564 10.0607
47.65310463578333 10.0443
47.6776343683373 10.0352
47.7019762413987 10.0236
47.72632040075572 10.008
47.75066684815169 9.99346
47.77520581885936 9.95098
47.799556865477655 9.94191
47.823910205386 9.90915
47.84826584033272 9.92031
47.87281407745551 9.9055
47.89717432569297 9.85116
47.92153687423484 9.87505
47.94609208429692 9.82898
47.97045925671401 9.77927
47.99482873471275 9.78955
48.01920052005013 9.790569999999999
48.04376504619224 9.80087
48.068141469543484 9.769689999999999
48.09252020552573 9.74438
48.11690125590099 9.73724
48.1414751266064 9.70403
48.16586082917454 9.672260000000001
48.19024885144316 9.65691
48.2146391951793 9.619860000000001
48.239222439012764 9.630560000000001
48.26361744916137 9.613719999999999
48.28801478610016 9.60799
48.31241445160131 9.595460000000001
48.337007097209366 9.59515
48.36141144338331 9.55366
48.38581812345755 9.487210000000001
48.41022713920929 9.523480000000001
48.434829215320704 9.51516
48.45924292604658 9.483789999999999
48.48365897780325 9.464030000000001
48.50807737237308 9.39751
48.532688907799276 9.44638
48.55711201168574 9.391
48.581537463754074 9.39875
48.60615611725119 9.38535
48.63058628942721 9.34493
48.65501881516546 9.34521
48.6794536962573 9.305439999999999
48.70408185970339 9.3069
48.72852147531801 9.294319999999999
48.75296345168211 9.2261
48.77740779059232 9.23964
48.80204549302823 9.26943
48.82649458091802 9.28011
48.85094603676547 9.2064
48.87539986237231 9.164860000000001
48.90004713292306 9.16127
48.92450572200832 9.172039999999999
48.94896668628025 9.16253
48.97343002754588 9.09636
48.99808689542115 9.11708
49.02255501470614 9.09211
49.04702551642794 9.059460000000001
49.0714984023988 9.032869999999999
49.096164896893235 8.99724
49.120642575466796 9.02488
49.145122643748394 8.98659
49.16960510355558 8.960189999999999
49.19428125404938 8.98002
49.2187685210852 8.936919999999999
49.243258185121555 8.93473
49.26794160167084 8.88802
49.2924360839405 8.87272
49.31693296869764 8.86238
49.34143225776915 8.8353
49.36612538195438 8.81886
49.39062950396021 8.837480000000001
49.41513603578346 8.81731
49.4396449792564 8.80264
49.46434784069503 8.816239999999999
49.488861631846454 8.7641
49.513377840166804 8.7253
49.537896467493745 8.64805
49.56260909589029 8.64749
49.587132585683285 8.64927
49.611658500018365 8.657680000000001
49.636186840738596 8.65227
49.66090926588511 8.62538
49.685442483902584 8.58474
49.70997813385706 8.58263
49.734516217597076 8.593689999999999
49.75924846937352 8.5615
49.7837914452858 8.56067
49.80833686055187 8.517339999999999
49.83288471702571 8.49807
49.85762682540054 8.49899
49.882179588965734 8.501330000000001
49.9067347993235 8.44251
49.93129245833333 8.43845
49.95604445336378 8.42142
49.98060703442832 8.43586
50.005172069746266 8.408389999999999
50.02993150438364 8.43218
50.05450147301533 8.40749
50.07907390151433 8.32923
50.10364879174981 8.35208
50.12841816587289 8.29561
50.1529980044635 8.33142
50.17758031042124 8.28939
50.20216508562089 8.26074
50.22694442953363 8.28764
50.25153416817468 8.260539999999999
50.27612638170508 8.23622
50.300721072005196 8.17065
50.325510416102105 8.190439999999999
50.350110084975064 8.19235
50.37471223628208 8.18149
50.39931687190919 8.16242
50.424116246675766 8.144689999999999
50.44872587605249 8.13055
50.47333799543065 8.10466
50.49795260670191 8.08036
50.52276204271512 8.05817
50.54738166295838 8.094380000000001
50.57200378079314 8.09174
50.596628398116835 8.0119
50.62144792604559 8.03369
50.646077567609396 7.98275
50.670709714377715 8.00207
50.69553683636198 7.95776
50.72017401885922 7.95478
50.7448137122895 7.91047
50.76945591856022 7.90314
50.79429318636823 7.91542
50.818940443716784 7.899719999999999
50.84359021965163 7.8916
50.868242516085964 7.85578
50.893089960641895 7.8181
50.917747323549435 7.8106800000000005
50.94240721271973 7.81169
50.96706963007175 7.8002899999999995
50.99192728239342 7.79224
51.01659478166073 7.752560000000001
51.04126481489051 7.76178
51.06593738400761 7.740889999999999
51.090805275207074 7.7326
51.11548294172845 7.6729899999999995
51.14016314993547 7.703989999999999
51.164845901758845 7.6806
51.18972406304274 7.64723
51.21441192780656 7.64394
51.23910234200271 7.616230000000001
51.2637953075678 7.605760000000001
51.288683770237945 7.59358
51.31338186432707 7.5731
51.33808251561888 7.580360000000001
51.362978729967345 7.5819399999999995
51.387684521509755 7.54547
51.41239287610203 7.5409
51.437103795691165 7.503610000000001
51.46201036644977 7.4981100000000005
51.486726441956634 7.490310000000001
51.51144508832545 7.453989999999999
51.536166307509156 7.428389999999999
51.56108326624387 7.43463
51.58580965706056 7.4109
51.61053862657523 7.39389
51.635270176746864 7.37902
51.66019755512065 7.35025
51.68493429268881 7.3469
51.70967361681515 7.336119999999999
51.73441552946465 7.2857
51.759353359237934 7.306780000000001
51.7841004750961 7.30939
51.80885018539685 7.30375
51.833602492111254 7.28517
51.8585508051424 7.26125
51.883308330926425 7.21822
51.90806845906181 7.179810000000001
51.932831191525715 7.190639999999999
51.95779001977161 7.17852
51.98255798721516 7.1642399999999995
52.00732856494335 7.154039999999999
52.03229530577543 7.12868
52.057071130455945 7.11877
52.081849571391054 7.137410000000001
52.106630630568695 7.1055600000000005
52.13160794279417 7.04443
52.15639426492067 7.0678600000000005
52.18118321127822 7.054289999999999
52.205974783860896 7.02314
52.23096269971011 6.96323
52.255759551287994 6.965339999999999
52.280559035098186 7.0017
52.30536115314103 6.98221
52.33035970494467 6.9565
52.35516711807904 6.95003
52.37997717147198 6.92858
52.40478986713005 6.941610000000001
52.42979908731974 6.86773
52.454617094216 6.843889999999999
52.47943774942214 6.873939999999999
52.50426105495102 6.8640300000000005
52.529280976059844 6.836530000000001
52.554109609024096 6.85977
52.57894089837482 6.79443
52.60377484613117 6.7838899999999995
52.62880550079408 6.78207
52.65364479223379 6.74095
52.67848674816189 6.767860000000001
52.70352547971946 6.73455
52.72837279155837 6.7523800000000005
52.753222773982785 6.73128
52.778075429022984 6.71984
52.80312495150885 6.70012
52.827982978797436 6.67973
52.85284368481815 6.62587
52.87770707160767 6.6505
52.90276741793998 6.618710000000001
52.92763619336701 6.600969999999999
52.952507655698504 6.6255
52.977381806977576 6.5984
53.00245301017842 6.6033100000000005
53.02733256653592 6.566669999999999
53.052214817996074 6.51424
53.077099766608484 6.52451
53.102181859804446 6.50301
53.127072229988265 6.53394
53.15196530349892 6.5404800000000005
53.17686108239249 6.4809
53.20195409881522 6.498530000000001
53.22685531582556 6.44104
53.25175924441303 6.4455599999999995
53.27666588664027 6.435630000000001
53.30176985962693 6.39025
53.3266819565689 6.40287
53.35159677336455 6.40987
53.376514312083096 6.3855900000000005
53.40162927507703 6.3921
53.42655228516116 6.39394
53.45147802340193 6.37326
53.47660125628886 6.31339
53.50153247842639 6.2773
53.52646643496923 6.31956
53.55140312799818 6.285880000000001
53.576537409691696 6.28308
53.60147960336152 6.2224
53.626424539786164 6.27037
53.65137222105307 6.23454
53.67651758529126 6.2329
53.70147078399681 6.20561
53.72642673383343 6.165719999999999
53.75138543689533 6.18808
53.776541917524526 6.17997
53.801506154876755 6.121980000000001
53.826473151763246 6.14358
53.851442910284916 6.08191
53.87661054126026 6.08381
53.9015858509782 6.10239
53.92656392866066 6.1062
53.95154477641532 6.06093
53.976723591801296 6.0244800000000005
54.00171000771266 6.0246699999999995
54.02669920004598 6.043740000000001
54.051691170915745 6.0407
54.076881204886796 6.02268
54.101878760928514 6.0189699999999995
54.12687910187696 5.99822
54.152077577768296 5.95402
54.1770835166946 5.94528
54.20209224691339 5.93159
54.22710377055121 5.91418
54.25231352511594 5.89192
54.27733066384342 5.86995
54.30235060239643 5.8735599999999994
54.32737334290836 5.8547199999999995
54.35259441062629 5.83669
54.377622783395324 5.85485
54.40265396455061 5.84031
54.42768795623251 5.77105
54.45292037169559 5.78638
54.477960012857906 5.737019999999999
54.50300247099511 5.76865
54.52804774825457 5.76684
54.55329154616743 5.73506
54.57834249018678 5.68344
54.6033962597977 5.65646
54.6284528571545 5.614
54.653708072335164 5.57065
54.67877035378786 5.60691
54.70383546947698 5.621519999999999
54.72890342156389 5.56343
54.7541700889442 5.54226
54.77924374251975 5.53998
54.8043202390049 5.49362
54.82959552413022 5.49515
54.8546777351945 5.5105699999999995
54.87976279569621 5.4529
54.90485070780914 5.40716
54.930137506558005 5.41258
54.95523115074295 5.43032
54.98032765308844 5.39385
55.005427015775496 5.38976
55.03072536339621 5.376930000000001
55.05583047570572 5.31845
55.080938454927676 5.34305
55.10604930325027 5.25035
55.131359235107396 5.27342
55.15647585066083 5.24236
55.181595341907496 5.19214
55.20671771104285 5.19614
55.232039262617704 5.15533
55.25716741665048 5.1523699999999995
55.28229845518636 5.13065
55.30743238042802 5.05702
55.33276558731939 5.12143
55.357905315183636 5.11519
55.383047936390035 5.03489
55.40819345314859 5.0086
55.433538351073295 5.00243
55.458689688238415 4.99234
55.483843927614096 4.94632
55.509197623043605 4.93138
55.53435769621134 4.9208099999999995
55.55952067826466 4.87297
55.5846865714265 4.86348
55.61005202069737 4.82808
55.63522376553902 4.80385
55.66039842818645 4.79707
55.68557601087004 4.83208
55.7109532500271 4.75218
55.73613670233794 4.77265
