TT I
1.2716486653135266 7.62109
1.2939594142134223 7.00465
1.3162702121660406 7.3589199999999995
1.3385810600174564 6.88515
1.3608919586137629 7.04365
1.383202908801069 6.599989999999999
1.405513911425503 6.18435
1.4278249673332093 6.71576
1.4501343378461518 5.89931
1.4724455028545926 6.2655
1.4947567236847858 6.55075
1.517068001182951 5.8834
1.5393793361953272 5.72163
1.5616907295681737 5.577030000000001
1.5840021821477681 5.53527
1.60631369478041 5.04332
1.6286252683124185 5.154
1.6509369035901333 4.90667
1.6732468618895553 4.89126
1.695558623192809 4.6874400000000005
1.7178704487808514 4.79159
1.7401823395001077 5.12702
1.7625012545597203 4.88197
1.7848028405262486 5.21593
1.8071218901122095 4.94891
1.8294236121921872 4.48222
1.8517427996910911 4.19384
1.8740620574440425 4.96506
1.8963639900671978 4.51861
1.9186833908139995 5.11693
1.9409854680117449 4.7413099999999995
1.9633050151394713 5.05497
1.9856246367570705 4.49569
2.0079269371922672 4.33045
2.03024671027244 4.97741
2.0525491637446027 4.4105
2.074869091674931 4.58853
2.097171701569106 4.73893
2.1194917877373847 5.155
2.141811954326636 4.38286
2.164114805233074 4.7627
2.186435135143035 5.21525
2.208738150935709 8.714080000000001
2.231058647554722 15.071
2.2533792288321184 12.4909
2.275682498336085 6.915719999999999
2.298003251406138 5.78449
2.3203066942619714 5.86086
2.3426276225136022 5.57774
2.3649486396617507 5.35305
2.387252348930071 4.806430000000001
2.4095735463442893 5.60406
2.4318774374315884 5.831930000000001
2.4541988185014043 6.354480000000001
2.476502894794693 6.86585
2.498824462909887 6.72555
2.521146125856138 6.82337
2.5434504863470337 7.3796100000000004
2.5657723414244717 7.6746300000000005
2.588076895590662 7.98574
2.610398946189713 8.52932
2.6327210958598384 7.800389999999999
2.6550259469304716 7.75247
2.6773482972090137 7.5831800000000005
2.6996533504259 8.1604
2.7219759047039602 8.20472
2.744298562293959 7.74697
2.7666039251246595 7.70325
2.7889267918020164 7.818
2.8112323652516555 7.86385
2.833555444408179 8.398610000000001
2.8558786311183852 8.49065
2.8781845268938557 9.306610000000001
2.9005079311721484 9.200380000000001
2.9228140460410397 8.75421
2.9451376712799635 9.60011
2.967444008632326 9.82448
2.9897678582247247 9.88782
3.0120918213106695 10.1975
3.0343984987899373 10.6635
3.0567226913198637 11.367
3.079029599759726 11.7208
3.101354025127254 12.4772
3.123678568232338 12.6837
3.145985829517914 12.8586
3.16831061055229 13.5089
3.1906181112775593 14.433
3.212943133635653 14.8221
3.2352682779763207 14.706
3.2575761442691227 15.8264
3.2799015350264273 15.8867
3.302209649240067 16.1784
3.3245352898092655 17.0027
3.3468436553365257 17.7636
3.369169549113219 18.1335
3.3914955708171384 18.6604
3.413804319727358 18.5324
3.4361305997334863 19.1637
3.4584396084414553 19.212
3.4807661501462652 20.0805
3.503092824025881 20.7631
3.5254022288463154 21.1451
3.5477291695206588 22.2453
3.5700388426251948 22.0624
3.5923660534916446 23.1086
3.6146934007816114 30.3643
3.637003482731501 52.3146
3.6593311053109985 57.3885
3.681641464033634 38.1734
3.7039693653009733 26.9321
3.726297407241705 25.6242
3.7486081875460804 25.2406
3.7709365132734978 25.608
3.793247578841633 26.8339
3.8155761917550093 26.7942
3.8378875459837216 26.8433
3.8602164494827234 27.1739
3.882545499606844 28.1125
3.9048572932539183 28.6062
3.9271866390645718 29.1168
3.9494987298666713 29.7323
3.971828374764527 30.6916
3.9941581705403255 30.9701
4.016470713506008 31.1911
4.038800813471445 31.859
4.061113662089144 32.6358
4.0834440696459176 33.8772
4.105774632334751 33.9087
4.128087945865126 34.5799
4.150418821249301 34.941
4.172732448931298 36.3849
4.195063640413578 37.236999999999995
4.2173775856475215 39.8175
4.239709096631102 55.964
4.262040768704612 129.316
4.284355196706267 160.651
4.306687193387355 110.984
4.329001947444346 58.0545
4.35133427213731 44.8098
4.373666762177566 43.4773
4.395982011761091 43.666000000000004
4.418314834921175 45.0392
4.44063041906622 49.5375
4.4629635787515625 54.9272
4.4852969080429785 55.3761
4.5076130004776225 52.2988
4.529946671403969 54.0764
4.552263106909177 56.8309
4.574597122877047 55.8102
4.596931312711224 53.6741
4.619248269273446 54.4312
4.6415828092605835 55.4812
4.663900117405352 56.062
4.686235010953232 57.0703
4.708552674085913 58.7892
4.730887924602802 60.19
4.753223354952695 62.4903
4.775541557023902 64.6026
4.797877349456786 67.7962
4.820195915032126 68.6351
4.842532072957498 69.0441
4.864868414979744 71.3064
4.88718753227192 75.0094
4.909524244902505 76.19
4.931843734218147 77.3768
4.954180820867835 79.6403
4.976518095879839 82.8669
4.998838149695359 85.2882
5.021175803844231 89.2304
5.043496238205739 92.8607
5.065834274903528 97.0544
5.088172504230693 102.863
5.1104935158799565 109.899
5.132832132875765 129.17600000000002
5.155153533596801 162.12
5.1774925416746225 217.53599999999997
5.199814334878411 482.63800000000003
5.2221537374521505 1273.06
5.244493338631803 3271.77
5.266815727034316 7932.31
5.289155727832427 12327.4
5.311478517248165 8225.42
5.333818921080011 2749.04
5.356159527788849 574.627
5.3784829252032536 201.574
5.400823940070432 154.41
5.423147747031976 132.957
5.445489173474152 122.193
5.467830807066149 119.443
5.490155234831516 117.417
5.512497285125229 111.51100000000001
5.534822130975162 107.256
5.557164601388673 103.375
5.579489868738879 100.59200000000001
5.601832762690846 99.7919
5.6241758697774475 98.5163
5.646501775867269 97.69200000000001
5.668845311622074 96.2528
5.691171647754637 95.7428
5.713515615597765 94.8575
5.735859800852677 93.81200000000001
5.758186788542988 95.0397
5.780531411018185 97.3084
5.802858837297399 97.0332
5.825203900414495 97.1151
5.8475491852224 99.4455
5.869877275883075 99.3961
5.892223006467101 98.4103
5.914551544266608 97.8443
5.936897724049891 100.948
5.959244129804903 109.387
5.981573344815301 144.71
6.0039202049061 276.725
6.026249875609095 562.118
6.04859719346037 1116.42
6.070927323278297 2355.84
6.093275102315365 4383.75
6.115623113320588 5423.91
6.137953938319995 3267.61
6.160302415650845 978.235
6.182633708324452 235.463
6.2049826554078376 114.719
6.227331838745022 93.2958
6.249663839443684 85.6641
6.27201349767565 82.0544
6.294345974611799 83.2025
6.316696111167083 86.7029
6.339046488263839 83.4372
6.361379686074702 75.5927
6.383730546639482 71.4149
6.406064229255215 70.0161
6.428415576718203 70.565
6.450749747566656 69.4713
6.47310158535871 67.2626
6.495453669698332 65.7754
6.517788579421056 65.1141
6.540141159237969 64.126
6.562476565766648 63.5748
6.5848296444934045 63.1571
6.607182974060425 63.2646
6.6295191323281015 63.0702
6.651872965955752 64.1761
6.6742096296068985 75.7006
6.6965639707294615 96.4457
6.71891856698715 95.9224
6.741255995248479 75.395
6.763611104154477 62.997
6.785949046381137 59.3726
6.808304671371482 59.2822
6.8306605557940046 60.3296
6.852999275508618 59.2119
6.875355681171544 57.9071
6.897694923437771 56.8961
6.92005185377892 56.4727
6.9423916220322655 56.4995
6.964749080490181 55.8316
6.987106804399774 55.9856
7.009447368180821 55.9361
7.031805625367033 56.1309
7.054146723727803 55.7678
7.076505517631004 55.2933
7.098864581288365 55.0205
7.121206488070854 54.7945
7.143566093607822 55.4252
7.165908543567245 55.8507
7.188268694426048 56.0849
7.2106291193438095 55.7456
7.232972390625943 55.7801
7.255333366030969 61.9089
7.277677189091925 86.8462
7.300038718428332 106.726
7.322400526130865 93.0473
7.344745183422596 69.686
7.367107550224791 58.028999999999996
7.389452767901992 55.8049
7.411815697249891 55.0176
7.434161478756298 54.2863
7.456524974096713 54.394
7.478888753837185 54.4325
7.501235387657368 54.7572
7.523599738562711 54.9644
7.545946944825532 55.2014
7.568311870344528 55.4436
7.5906770845765665 55.7769
7.613025156078678 55.9801
7.635390950099687 56.4713
7.657739602662809 56.5749
7.680105979923558 56.4717
7.702472650212829 56.941
7.724822180948224 56.7511
7.747189439655568 56.44
7.769539560075357 56.4699
7.791907410653562 57.2069
7.81425812420825 57.1461
7.836626570110925 56.7751
7.858995315087906 57.9941
7.881346924933401 58.1328
7.903716270417482 58.716
7.926068482028405 58.9255
7.948438431475253 59.7042
7.9708086843180235 60.0586
7.993161805171116 61.1148
8.015532667162402 61.5649
8.037886398416653 62.386
8.060257873014221 62.9912
8.082629655331942 63.5731
8.104984308787587 64.8385
8.127356708900503 67.1634
8.149711981398308 70.9613
8.172085002766314 72.6763
8.194458336181368 70.6604
8.216814543847752 69.5505
8.23918850371002 70.1231
8.26154533906492 70.9329
8.283919928836452 72.3605
8.306277395339652 73.6435
8.328652618483376 74.8947
8.351028159736202 77.1585
8.373386579575245 79.8003
8.395762759396959 81.60600000000001
8.418121819038275 85.5088
8.440498640894003 93.60600000000001
8.462875785192262 107.24600000000001
8.485235811156207 136.96200000000002
8.507613602688501 199.29
8.529974277114228 293.816
8.552352719347912 441.913
8.574731488360351 721.613
8.59709314210385 1254.24
8.619472567021075 1900.47
8.64183487789147 2213.03
8.664214962183097 1738.49
8.686577933647762 917.66
8.708958680784317 359.23699999999997
8.731339760774953 158.187
8.753703729764451 110.65799999999999
8.77608547780821 99.59200000000001
8.798450116065078 96.3626
8.820832535634787 93.4113
8.843215292401656 92.8341
8.865580941199045 92.2382
8.887964374703538 91.7473
8.910330701447199 91.6441
8.932714815164482 91.6431
8.955099270424924 89.7218
8.977466620733543 87.0988
8.999851761421976 85.8714
9.022219798361645 84.9547
9.04460562795561 84.5086
9.066991803441677 84.4936
9.089360876979615 84.3912
9.111747746589993 84.7212
9.13411751544971 83.5259
9.156505082664324 82.9766
9.178875550323522 83.1313
9.20126381862328 83.2691
9.223652438908596 83.2189
9.246023961427412 83.2067
9.26841328802173 82.9248
9.290785518039224 83.1299
9.313175554425882 85.1818
9.335565947154315 85.9215
9.357939245086508 86.4491
9.380330352834827 85.9518
9.40270436697103 85.8815
9.425096193225055 85.26100000000001
9.447488380180165 85.6912
9.469863475295412 85.59899999999999
9.492256385987508 85.6955
9.514632206018318 86.3029
9.537025843935714 86.5437
9.559402392368193 87.4386
9.581796761000229 89.6939
9.604191496441521 91.4818
9.626569144158516 93.6335
9.648964615551032 96.052
9.671343000390081 96.2791
9.693739211225699 94.8345
9.716135793237463 93.7479
9.738515290448102 94.2702
9.760912617143402 96.1269
9.783292860202891 98.2223
9.805690935076182 100.075
9.828089385495742 100.635
9.850470754023561 102.094
9.872869957865444 106.568
9.89525208097539 114.50200000000001
9.917652041736662 123.12700000000001
9.940052382417589 132.774
9.962435644102392 162.173
9.984836746950979 211.463
10.007220771957746 276.178
10.029622640473708 384.017
10.052007432299963 577.486
10.074410069984072 874.45
10.096813093716005 1291.71
10.119199042482517 1726.03
10.141602840636468 1889.2
10.163989564971628 1518.46
10.186394141051062 830.559
10.208799107559706 363.202
10.231187001965623 177.519
10.253592751657669 124.661
10.275981430388155 113.12799999999999
10.298387966769793 111.43
10.320794897965431 111.475
10.343184759907361 110.637
10.36559248305461 107.40299999999999
10.387983138083852 107.046
10.410391656691655 115.389
10.432800574501677 128.171
10.455192425893369 144.64700000000002
10.47760214443012 172.257
10.499994797678786 219.852
10.522405320453982 301.336
10.54479877906917 412.936
10.567210109595656 517.548
10.5896218454736 565.977
10.612016518879773 475.907
10.634429067781074 322.697
10.656824555333241 188.493
10.679237920773568 118.825
10.701651695961992 95.5493
10.724048411481384 89.7051
10.746463008485165 87.1295
10.768860546937125 85.6087
10.791275969274796 83.7679
10.81369180576079 82.6272
10.836090585366925 81.6503
10.858507252467449 80.4539
10.88090686379991 79.4298
10.903324365036394 79.0658
10.925724811614439 78.305
10.948143150509463 79.252
10.970561909719066 78.4031
10.992963615930844 76.825
11.015383218085756 75.5329
11.037785768347074 74.0375
11.06020621697282 73.2688
11.082627090322113 73.0839
11.105030913430326 72.1328
11.12745263854165 72.0623
11.149857314510728 73.1309
11.172279894912576 75.7492
11.194702904450653 75.5284
11.217108866490921 73.3136
11.239532736615194 71.442
11.26193956033512 70.0486
11.284364294577085 69.3688
11.306789462371718 68.077
11.329197585398376 67.5065
11.351623622610898 67.275
11.37403261614354 66.5751
11.396459526308487 66.6467
11.418869393879497 66.0652
11.441297180532617 65.7783
11.463725406927658 65.2059
11.486136592353875 65.202
11.508565700543707 65.0961
11.530977768845315 65.9153
11.553407762368774 65.8869
11.575838200059769 65.6604
11.598251599479612 64.8751
11.620682927815501 64.1811
11.64309721895548 63.945
11.665529441478206 63.623999999999995
11.687962112597958 63.3637
11.710377748130886 63.5095
11.732811318753434 63.5819
11.755227854859067 63.3275
11.777662328529495 63.0746
11.800079768750786 63.2167
11.822515149015453 63.3339
11.844950984084935 63.8207
11.867369787303163 62.9804
11.889806534289491 62.9533
11.912226250487029 62.993
11.934663912939751 63.5883
11.9571020346363 63.5933
11.979523127133968 63.6834
12.001962169624331 65.2287
12.024384183972964 67.0977
12.046824150809913 71.1261
12.069264581333726 75.8159
12.091687985297767 81.6106
12.11412934550045 91.3935
12.136553680195208 107.245
12.158995973632788 131.02100000000002
12.181438735204349 156.882
12.20386447284199 184.338
12.226308172985636 202.532
12.24873485024193 196.13299999999998
12.271179492516982 160.838
12.293607112949127 121.139
12.316052700916226 89.2689
12.338498763250042 73.9325
12.360927805303868 67.5868
12.383374818673879 65.5181
12.405804812803074 64.3424
12.428252780773262 64.6184
12.45070122756722 64.7007
12.473132656675375 64.6533
12.49558206341869 64.8454
12.518014453510101 65.0156
12.540464823770117 65.5885
12.562915677315177 65.4394
12.58534951575545 65.9514
12.607801338171472 66.6473
12.630236146511358 69.2423
12.652688941369085 71.4647
12.675124723177234 71.8223
12.697578494048786 70.7715
12.720032754458185 68.6338
12.742470003354093 68.1097
12.764925245138771 68.1478
12.787363476431278 68.8211
12.809819703166806 69.0371
12.83227642391173 69.8208
12.854716135692716 70.5195
12.877173846755147 71.7943
12.899614549869717 72.1043
12.9220732548287 72.8303
12.94453245827299 73.296
12.966974655289818 74.6393
12.989434858002571 75.3966
13.011878055298721 75.9669
13.034339260862497 77.1479
13.056800969391883 78.5486
13.079245674017244 81.5159
13.101708390774869 86.1771
13.12415410463411 95.8488
13.146617833206086 106.786
13.169064559883248 117.81
13.191529303857127 133.657
13.213994557076367 158.915
13.236442809902437 198.56799999999998
13.258909083908291 254.308
13.28135835851934 314.07
13.30382565690295 375.97900000000004
13.326293469022952 424.155
13.348744283242008 418.194
13.371213125129904 342.676
13.39366497011003 247.37
13.416134845360597 163.732
13.438605238843131 121.079
13.46105863690397 109.469
13.483530069144786 111.23299999999999
13.505984506951902 116.427
13.528456981549432 126.72399999999999
13.550929978879088 143.766
13.573385983253365 169.541
13.595860028340867 208.63400000000001
13.618317081455832 257.316
13.64079217790333 310.91900000000004
13.663250283359057 353.81300000000005
13.685726434770173 366.95300000000003
13.708203115221277 328.116
13.730662806148091 250.893
13.75314054697177 178.55900000000003
13.775601299246777 124.76100000000001
13.798080104050406 96.4992
13.820559442405358 85.5058
13.843021793671388 82.2218
13.865502201420897 80.6992
13.887965623051947 80.3729
13.910447103807167 79.4717
13.932929122629764 77.734
13.955394156785959 77.5464
13.977877254034569 76.6025
14.000343367582113 75.7285
14.022827546871707 74.9671
14.045294743423524 74.2987
14.06778000837062 73.6407
14.090265817715476 73.2877
14.112734645763819 72.931
14.13522154619454 72.6995
14.157691466286913 72.7014
14.180179461423874 72.488
14.202668005486178 72.1628
14.22513957064374 71.5735
14.247629214846473 70.9695
14.270101881097517 70.685
14.29259262906496 70.6071
14.315083930490205 71.137
14.337558255389705 70.9396
14.360050666019726 71.1021
14.382526101071944 70.342
14.405019624534942 70.0167
14.427513705993134 69.8161
14.449990813291825 69.7022
14.47248601302899 69.3591
14.49496423954951 69.6422
14.517460561197822 69.8786
14.539939910570322 69.3603
14.562437357763558 69.7933
14.58493536931253 70.324
14.607416409993311 70.7147
14.62991555254159 71.2797
14.652397725157423 71.2902
14.674898002342799 71.21
14.697398848433282 71.3107
14.719882725991326 73.08
14.74238471217934 75.2429
14.764869730765593 79.2174
14.787372860692983 82.2908
14.809876564079925 86.9704
14.83236330125751 93.1068
14.854868153850365 102.46
14.877356041159485 117.00200000000001
14.899862046604186 136.33100000000002
14.922351087688757 160.106
14.944858249632887 186.7
14.967365991421232 210.31900000000002
14.989856770231246 222.55599999999998
15.012365673994204 213.889
15.03485761569738 183.24
15.05736768508665 144.171
15.07987833888692 110.65100000000001
15.102372032001655 88.4824
15.124883856909658 76.7275
15.14737872204565 72.4601
15.169891721717274 71.0092
15.192405310371893 70.6299
15.214901940621196 70.6386
15.237416709527137 70.2403
15.259914520936249 70.1849
15.282430473753607 69.3702
15.304947020131227 68.7361
15.327446610371178 68.3641
15.349964346154254 67.7603
15.372465126703139 67.3596
15.394984055556009 67.1038
15.417486030076159 66.7505
15.44000615566487 66.7061
15.462526881230803 66.6493
15.485030653812652 66.7229
15.507552581617434 66.316
15.530057557334603 66.3782
15.55258069104857 66.524
15.575104429329837 66.6607
15.597611216864632 66.5589
15.620136166564563 67.7394
15.6426441664095 69.7551
15.665170331202765 72.4049
15.687697105158826 75.1245
15.710206930593545 78.4297
15.732734925158933 82.8881
15.755245972089478 89.5606
15.77777519094324 99.7481
15.800287463046663 113.73
15.822817909869592 131.496
15.84534897229804 151.433
15.867863089299354 173.33599999999998
15.890395385222186 188.896
15.912910736597423 192.325
15.935444269699861 179.083
15.957978423016485 149.746
15.980495633101265 118.14
16.003031029129367 92.3541
16.02554948280019 74.8548
16.048086125229432 67.0811
16.070623392487107 64.4732
16.09314371869582 63.7569
16.11568223789321 62.81100000000001
16.13820381691126 62.1449
16.160743591742527 61.468
16.183283996022084 60.75
16.205807461423195 59.6385
16.228349126881973 59.4337
16.25087385432698 59.1695
16.27341678466365 58.3673
16.29594277784926 58.4978
16.31848697676433 58.3259
16.341031811604868 58.4931
16.36355971058487 58.4602
16.3861058195587 58.1147
16.40863499352978 57.2271
16.431182380342005 56.931999999999995
16.453730407713202 56.6246
16.476261501364792 56.1932
16.498810812136167 55.7356
16.52134319004079 55.9269
16.54389378792203 55.8579
16.566445031001553 55.7109
16.588979342490088 55.6232
16.61153187824822 55.4317
16.634067483263312 55.3754
16.656621315414416 55.0567
16.679175797408888 54.9679
16.701713349928728 55.0086
16.72426913389191 55.2407
16.74680798922351 55.2041
16.76936507887444 55.1847
16.791905240734874 55.2571
16.814463639794468 55.0345
16.837022695210294 55.0753
16.859564824093756 55.2066
16.882125194503903 55.6932
16.904668639217885 56.17
16.927230328348003 56.1005
16.949792678493612 56.2743
16.972338104193863 56.1734
16.994901778652235 55.8173
17.017448529496576 55.961999999999996
17.040013531998152 56.7298
17.06257920018044 57.3789
17.0851279459922 58.1284
17.107694947817667 58.9194
17.130245028099072 59.3947
17.15281336730298 61.0495
17.17536478578733 62.8213
17.19793446610687 65.2488
17.220504818648422 68.1581
17.243058251703697 71.0607
17.265629950971032 75.3611
17.288184731571736 79.4161
17.310757781306908 82.7212
17.33333150794385 84.0667
17.355888317140174 82.0011
17.37846339986244 77.5786
17.401021565958885 70.8673
17.42359800851343 65.7472
17.44617513265564 62.2642
17.468735341390783 60.4959
17.491261035594565 59.6834
17.51396340099364 59.5006
17.536490463869136 59.6806
17.559018209820174 59.585
17.58154663977963 59.7405
17.604251766089718 59.9319
17.626781572227713 60.1351
17.64931206518155 60.4031
17.671843245885103 60.8136
17.69455114821572 61.0372
17.717083712612634 61.3419
17.739616967569667 61.5502
17.762150914021706 62.2911
17.78486160749854 62.1904
17.807396945166804 63.2073
17.829932977143503 64.6439
17.85246970436452 66.5197
17.875183204129467 68.0715
17.897721330097664 70.3235
17.920260154126645 72.4309
17.942799677153296 75.8728
17.9655159983646 79.9278
17.988056927677544 85.8349
18.010598558807683 93.6434
18.033140892692916 103.24799999999999
18.05586005052525 113.345
18.07840379824407 124.027
18.10094825154059 134.593
18.12366954819864 141.819
18.146215420998306 141.121
18.16876200220057 131.3
18.191309292745153 116.32700000000001
18.214033452627167 102.382
18.236582170236648 91.86200000000001
18.259131600016456 87.6504
18.281681742907335 88.3397
18.304408781233683 92.3302
18.32696035875955 96.8073
18.349512652227624 101.535
18.372065662579683 105.601
18.394795594587553 105.986
18.41735004715306 101.823
18.43990521943684 94.6042
18.46246111238171 85.4224
18.485193953325208 76.4043
18.507751296070428 69.493
18.530309362314178 65.661
18.552868153000343 63.5452
18.57560391815056 62.4389
18.59816416623245 62.1309
18.620725141597372 61.6407
18.643286845190268 61.1151
18.666025549835414 60.851000000000006
18.688588718427933 60.1549
18.711152618092243 60.0637
18.73389353884365 59.9395
18.75645890921984 59.4496
18.77902501351406 59.0858
18.801591852673102 58.8978
18.824335739722738 58.4742
18.846904057212626 58.4931
18.8694731124168 58.1363
18.89204290628315 58.2554
18.914789774966803 57.9772
18.937361054791623 57.5957
18.959933076131318 57.443000000000005
18.982505839934877 57.3953
19.00525570560582 57.4498
19.027829963004184 57.5073
19.05040496572238 57.4579
19.072980714710468 57.6306
19.095733592739563 57.8656
19.11831084296757 58.0992
19.140888842324735 58.2734
19.16346759176222 58.7021
19.18622349753803 59.1813
19.208803755869358 60.0892
19.231384767143577 61.4683
19.253966532312948 63.2642
19.276725481241822 65.2522
19.29930876296784 67.4538
19.3218928014549 70.2988
19.34465404436217 73.0264
19.36723960516257 75.27199999999999
19.389825925592426 75.8257
19.412413006605938 74.7548
19.43517731967805 71.4458
19.457765930683355 67.0967
19.48035530514408 62.833
19.50294544401556 58.9165
19.525712842708348 56.7928
19.54830451925909 55.3839
19.570896963095727 54.4606
19.593490175174704 54.1689
19.616260674962184 54.1652
19.638855432416964 53.961000000000006
19.661450960992624 54.0837
19.68404726164677 54.0045
19.706820878021247 53.6144
19.729418731756834 54.0977
19.752017360452857 53.7109
19.77461676506804 54.1865
19.797393513540218 54.3786
19.819994478951667 54.4815
19.84259622316767 55.0496
19.8651987471481 55.3946
19.887978643247177 55.5508
19.91058273574792 56.1671
19.933187610901943 57.0922
19.955969879466828 58.3442
19.97857632894404 59.7146
20.00118356396599 61.5694
20.023791585494575 63.6204
20.046577028914875 66.1485
20.069186632506966 68.1138
20.091797025500632 69.9107
20.114408208858933 70.1837
20.137196842715273 69.7637
20.159809615886765 68.0415
20.18242318232135 65.6962
20.20503754298326 63.8462
20.227829382875154 62.5952
20.250445341109344 62.7392
20.27306209647285 63.4596
20.29567964993108 64.2556
20.31847471147704 65.2844
20.34109387027612 65.7557
20.363713830075454 65.1864
20.386334591841646 63.9154
20.409132890679302 61.2135
20.431755265564437 58.2119
20.454378445325528 55.3855
20.477002430930366 53.5146
20.499803982716553 52.4335
20.522429589228004 51.7099
20.54505600449589 51.1402
20.567683229489194 50.9248
20.590488049900088 50.7308
20.61311690359731 50.6037
20.63574656993626 50.4018
20.658553853717297 50.0442
20.681185154618298 49.9786
20.703817271080066 49.9078
20.72645020407368 49.5411
20.749260783967177 49.4005
20.771895359337133 49.338
20.794530754161617 49.2563
20.817166969412938 49.2605
20.83998086114876 49.2276
20.86261872660049 48.9189
20.885257415405402 49.0718
20.90789692853701 49.1106
20.930714147864748 49.1387
20.953355319030678 49.1134
20.97599731745334 49.2218
20.99864014410749 49.0231
21.021460706796564 48.9907
21.044105199328826 49.2049
21.06675052302631 49.3335
21.089396678865015 49.5311
21.112220600704806 50.0313
21.134868430275347 50.4174
21.15751709492456 50.5671
21.180166595629693 50.9456
21.202993892429635 51.3249
21.22564507473034 51.5397
21.24829709602816 51.5766
21.27112693608965 51.8097
21.293780644891275 51.7076
21.316435195634053 50.8214
21.339090589297417 50.3133
21.361923832041875 49.8915
21.384580921090404 49.1892
21.407238856007325 48.8218
21.429897637773326 48.8787
21.45273429906592 48.6799
21.475394784108598 48.7485
21.498056118951983 48.8164
21.520718304578022 48.8538
21.543558400304388 48.972
21.566222297108816 49.4829
21.58888704765135 49.6494
21.61155265291521 49.9022
21.63439619898156 50.4465
21.657063523335786 50.6782
21.67973170537063 50.8906
21.7024007460706 51.4987
21.72524775840385 52.2746
21.747918526116475 53.5381
21.770590155457388 54.7822
21.79326264741238 56.2774
21.816113141960237 58.1046
21.838787368860547 59.6535
21.861462461341976 61.5063
21.884315579735777 63.3561
21.90699241312273 64.4582
21.92967011506078 64.968
21.95234868653799 64.7226
21.9752053151131 63.1803
21.997885635446785 61.4456
22.020566828293532 59.5107
22.04324889464272 57.8125
22.066109049404666 56.7651
22.088792872571794 56.3966
22.111477572219204 56.2865
22.1341631493376 56.3311
22.157026846313123 56.2141
22.179714188221507 55.5919
22.202402410582668 54.3376
22.22509151438863 52.7354
22.24795876962584 51.5256
22.270649646204486 50.6082
22.293341407213727 49.9411
22.316034053646906 49.6458
22.338904883215342 49.5528
22.36159931041458 49.3213
22.38429462602756 49.1109
22.40699083104897 49.0747
22.429865251039757 49.1335
22.452563244831367 49.1712
22.47526213102522 49.0985
22.49813925616515 49.0886
22.520839937143307 49.0833
22.543541513520587 49.0573
22.56624398629403 48.8339
22.589124730075895 48.8092
22.611829005656723 49.1123
22.63453418063466 49.2601
22.657240256008077 49.4105
22.680124634582935 49.4192
22.70283252079775 49.7661
22.725541310413075 50.0578
22.74825100442868 50.2487
22.771139033969575 50.7401
22.79385054687155 51.1134
22.81656296718292 51.8041
22.83927629590484 52.5851
22.862167992606945 53.5764
22.88488314827121 54.7887
22.907599215359284 55.6164
22.93031619487366 56.4683
22.953211574954405 57.3882
22.975930389478226 58.0202
22.998650119445763 58.2556
23.02137076586092 57.3795
23.044269845560063 55.9972
23.06699233506288 54.422
23.089715744034912 52.6579
23.112617610931565 51.0302
23.135342869061212 50.1109
23.158069049684816 49.3486
23.1807961538087 49.1403
23.20370174880544 49.1943
23.226430710184808 49.2885
23.249160598093425 49.3162
23.271891413539002 49.2919
23.294800752937697 49.3439
23.31753343374794 49.5032
23.340267045128353 49.645
23.36300158808808 50.0178
23.38591468821339 50.3343
23.408651104658304 50.6927
23.431388455719986 51.3792
23.454126742409 52.3098
23.4770436196085 53.3824
23.499783787914662 54.6803
23.522524894889884 55.3883
23.54526694154616 56.2515
23.56818761219047 57.3144
23.59093154860734 57.9857
23.613676427751283 57.9917
23.636422250635754 57.0819
23.659346731118656 55.4889
23.68209445191868 53.7085
23.704843119509587 51.5801
23.72759273490623 49.597
23.750521041644767 48.2825
23.77327256312355 47.4506
23.796025035462787 46.6619
23.818956224555475 46.3412
23.841710609113413 46.1947
23.86446594758979 46.1063
23.887222241002014 45.8179
23.910157285144578 45.4577
23.932915498962537 45.5354
23.955674670778713 45.3108
23.978434801611975 45.126000000000005
24.001373717286125 45.0355
24.024135776723917 44.886
24.046898798245582 44.7306
24.06966278287146 44.6877
24.092605586582614 44.4803
24.115371508023642 44.4005
24.1381383956401 44.1549
24.16090625045381 44.4035
24.183852958731244 44.1255
24.206622758582608 44.0408
24.229393528706886 43.9269
24.252165270127392 43.9413
24.27511589952438 44.1182
24.297889594216997 43.6794
24.32066426328598 43.5665
24.34343990775613 43.4575
24.36639447485003 43.3451
24.38917208083877 43.4195
24.41195066531332 43.4912
24.43490819850244 43.5242
24.457688750692377 43.2421
24.48047028445616 43.2067
24.503252800821233 43.3479
24.526214300784112 43.408
24.548998793132213 43.309
24.57178427117417 43.2969
24.59457073593893 43.1924
24.617536219319863 43.2316
24.64032466834748 43.2975
24.663114107195035 43.08
24.685904536893013 42.8315
24.708874020360852 42.7462
24.731666442613744 42.7212
24.754459858818787 42.6699
24.777254270007962 42.5263
24.80022777025625 42.5396
24.82302418230472 42.5321
24.845821592443674 42.6317
24.86862000170663 42.6007
24.891597535453727 42.3972
24.914397953892728 42.5585
24.93719937456671 42.4801
24.96000179851076 42.6621
24.98298338249997 42.9486
25.00578782394922 43.1968
25.028593271784167 43.3657
25.05157790644186 43.5977
25.07438537804115 43.6663
25.097193859145293 43.8951
25.120003350792075 44.1651
25.142992065061257 44.5675
25.165803588823465 44.7153
25.18861612625217 44.9577
25.211429678386736 44.9327
25.234422489079968 44.9744
25.257238081693636 44.9894
25.280054692141732 45.0807
25.3028723214652 45.1007
25.325869245420463 45.1993
25.348688923599397 45.0875
25.371509623787006 45.1157
25.394331347025812 44.8874
25.41733240110666 44.2831
25.440156181590016 43.5343
25.46298098826268 43.1565
25.48580682216873 42.5002
25.50881202326435 42.074
25.53163992281684 41.6547
25.55446885274561 41.5595
25.577298814096377 41.1963
25.600308179121807 41.1129
25.623140214533745 41.1115
25.64597328451537 41.0524
25.66898578564376 40.887
25.691820936010206 40.7793
25.714657124097695 40.6953
25.737494350954734 40.7581
25.760511045684957 40.6898
25.783350361364224 40.8121
25.806190718969255 40.7279
25.82903211955018 40.8427
25.852053024868923 40.8539
25.874896522722523 40.9307
25.897741066713106 40.8689
25.920586657892454 41.0275
25.943611790812668 41.2395
25.966459487728237 41.2746
25.989308234998564 41.3485
26.01215803367705 41.6925
26.03518741123814 41.7458
26.05803932412957 41.9106
26.080892291600094 41.7824
26.10374631470478 41.8586
26.12677995397268 41.8846
26.14963609978026 42.0539
26.172493304397875 41.6778
26.19535156888223 41.4205
26.218389486949604 41.0386
26.241249882640123 40.8208
26.26411134137826 40.6228
26.28715248187403 40.5781
26.31001607820869 40.3757
26.3328807407756 40.1249
26.35574647063438 40.37
26.37879191991473 40.3298
26.401659795896734 40.3944
26.424528742360263 40.4974
26.447398760366614 40.823
26.470448535598294 40.8763
26.49332070826805 41.037
26.516193955675355 41.3743
26.53906827888316 41.6279
26.562122397260108 41.7448
26.584998883685063 42.0119
26.607876449110325 42.2381
26.63075509460056 42.5064
26.65381357334404 42.6084
26.67669439061878 42.4585
26.699576291163382 42.3503
26.722459276044212 42.1654
26.745522132402975 41.88
26.768407297649354 41.6591
26.791293550442003 41.0956
26.814180891848974 40.881
26.837248143099337 40.7483
26.860137673466657 40.6756
26.88302829566349 40.3079
26.90592001075963 40.2556
26.92899167420566 40.1105
26.951885586870763 39.7489
26.974780595655517 39.5229
26.99785558178161 39.4339
27.020752794605112 39.2973
27.043651106772522 39.1957
27.06655051935668 39.1954
27.089629948036183 39.0921
27.112531573292053 38.8527
27.135434302194138 38.9461
27.158338135817015 38.9133
27.181422024430987 38.9456
27.204328079372566 38.8061
27.22723524226965 38.7999
27.250143514198573 38.8111
27.273231880156334 38.8053
27.296142382065014 38.7202
27.319053996245536 38.5501
27.341966723775965 38.7261
27.365059584515222 38.8663
27.38797455070062 38.8399
27.410890633481237 38.6686
27.433807833936918 38.7155
27.456905206923906 38.6974
27.47982465472398 38.7561
27.502745223449743 38.7516
27.525666914182825 38.9138
27.548768816912457 38.9663
27.571692763693633 38.7716
27.59461783573812 38.6134
27.617723149491244 38.4405
27.640650484125285 38.4665
27.66357894728264 38.376999999999995
27.686508540048052 38.2881
27.709618414237887 38.1875
27.732550278321757 38.0241
27.755483275279115 38.1877
27.778417406196485 38.1207
27.801531858397514 38.2902
27.824468269376716 38.253
27.847405817586786 38.0155
27.870344504116094 38.1542
27.893463551932008 38.2535
27.916404527281053 38.529
27.93934664422563 38.5709
27.962289903855886 38.571999999999996
27.98541356491974 38.9264
28.00835912214229 39.048
28.03130582533231 39.2973
28.054253675581805 39.2915
28.077381967556104 39.3033
28.100332124185126 39.2106
28.123283431160893 39.2705
28.146235889577238 39.0654
28.169368830154156 38.9114
28.192323603752033 38.6166
28.215279532083304 38.3368
28.238415973016764 38.0401
28.261374223145094 38.1034
28.284333631303806 37.9513
28.307294198589954 37.6444
28.330435319167677 37.3568
28.353398217078915 37.0418
28.376362277420153 36.8616
28.39932750129032 36.7664
28.422473319286713 36.6172
28.44544088262495 36.6653
28.468409612800283 36.6624
28.491379510913497 36.3447
28.51453004413313 36.2436
28.53750229057244 36.1405
28.56047570826344 36.1507
28.583450298308804 36.2813
28.606605564586562 35.9312
28.629582511831156 36.0455
28.65256063474956 35.735
28.675539934446338 35.9417
28.698699951647605 35.8251
28.72168161743193 35.72
28.74466446331978 35.6872
28.767648490417624 35.567
28.790813276438353 35.6336
28.813799678527303 35.7313
28.836787265157085 35.6991
28.859955641890075 35.6324
28.882945610203045 35.5985
28.905936766392035 35.4818
28.928929111566863 35.6219
28.952102288520145 35.601
28.975097024308607 35.3838
28.998092952423807 35.2122
29.021090073977508 35.0664
29.04426806913204 34.9967
29.067267590245258 34.9147
29.090268308143695 34.8691
29.11327022394099 34.6741
29.13645305530891 34.6266
29.159457379627167 34.5907
29.18246290519685 34.4509
29.20546963313352 34.4847
29.22865731875826 34.5553
29.25166646419296 34.5164
29.27467681535305 34.3659
29.29768837335608 34.5362
29.320880931312562 34.4868
29.34389491580634 34.4778
29.366910110507334 34.5361
29.38992651653503 34.5346
29.41312396492981 34.4672
29.436142806456754 34.2985
29.45916286268059 34.2207
29.48236399319994 34.1654
29.50538649169417 34.0116
29.528410208259935 33.9347
29.55143514402014 33.6336
29.574641196749695 33.6363
29.597668583816574 33.5489
29.6206971934585 33.3316
29.64372702680042 33.429
29.666938019934474 33.4107
29.689970313635285 33.19
29.713003834422636 33.179
29.73603858342347 33.1678
29.759254535188578 33.165
29.78229175361658 33.1135
29.80533020365064 33.0836
29.82836988641968 33.1152
29.85159081507472 33.0545
29.874632976355343 32.8653
29.89767637376955 32.9142
29.920721008448314 32.7395
29.9439469322847 32.8441
29.96699405457564 32.7902
29.9900424175358 32.8054
30.013092022298157 32.7553
30.03632295963995 32.667
30.059375061131373 32.725
30.08242840783577 32.7578
30.105483000888153 32.6788
30.128718970092244 32.617
30.151776069006917 32.6044
30.17483441768648 32.6912
30.198074175317235 32.6113
30.221135036724256 32.6347
30.24419715131772 32.6174
30.267260520236203 32.4764
30.290505341942243 32.6153
30.313571232750228 32.6164
30.336638381310948 32.5315
30.35970678876503 32.5104
30.38295669299435 32.3362
30.40602763151657 32.3846
30.429099832366074 32.3899
30.452173296685572 32.367
30.47542830191959 32.3575
30.498504306502497 32.3039
30.521581577995562 32.3258
30.544660117543582 32.3822
30.56792024229725 32.3613
30.59100133132069 32.3762
30.614083691845494 32.475
30.637167325018545 32.4216
30.660432587840603 32.3485
30.683518779717886 32.3401
30.70660624769615 32.3803
30.729694992924372 32.406
30.75296541239743 32.3761
30.77605672557558 32.3134
30.799149319462742 32.2938
30.8224236211637 32.1331
30.845518789950724 32.0383
30.868615242910597 32.0539
30.891712981195973 31.8249
30.91499247215866 31.8373
30.938092794619365 31.7604
30.96119440587579 31.7032
30.984297307082752 31.5948
31.00758200598383 31.5161
31.030687500658694 31.4736
31.053794288760695 31.3572
31.076902371446767 31.272
31.100192296997445 31.4215
31.12330298246119 31.2868
31.14641496599209 31.1486
31.169528248749216 31.2414
31.19282341969534 31.1263
31.215939314557186 31.1306
31.239056512134788 31.1723
31.262175013589378 31.0845
31.28547544871168 31.0803
31.30859657161541 31.0312
31.331719001892175 31.0006
31.35484274070538 31.1529
31.378148458819545 31.1669
31.401274828443725 31.101999999999997
31.424402510106933 31.0401
31.447712205419993 31.1998
31.470842524931633 31.0097
31.493974159989783 30.9379
31.51710711176168 31.0833
31.54042212308802 30.9389
31.563557722100917 30.9286
31.586694641341655 30.8376
31.609832881979628 30.7952
31.63315322823208 30.6409
31.656294125521327 30.5525
31.679436347728515 30.4482
31.70257989602529 30.4127
31.725905596152327 30.3207
31.74905181052835 30.4607
31.772199354521323 30.4938
31.79534822930507 30.3189
31.818679302290967 30.3352
31.84183085259981 30.3192
31.864983737233473 30.2506
31.88813795736804 30.4189
31.911474422233013 30.3244
31.934631327356435 30.2282
31.9577895715215 30.1622
31.980949155906522 30.2295
32.004291031706956 30.2248
32.027453310562606 30.2103
32.05061693318573 29.9866
32.07396288236386 29.9779
32.09712920658542 29.9352
32.12029687812702 29.8449
32.14346589817093 29.8462
32.166817291729984 29.8503
32.18998902288583 29.6346
32.21316210610336 29.5408
32.23633654256711 29.4569
32.259693399663725 29.3581
32.282870556771144 29.4306
32.30604907069099 29.4641
32.329228942610065 29.331999999999997
32.35259128243769 29.1948
32.375773884550505 29.1841
32.398957848235646 29.1584
32.422143174682176 29.0988
32.445511016471215 28.9113
32.468699082679954 28.9154
32.49188851523011 28.848000000000003
32.51507931531304 28.7268
32.538452678331 28.7857
32.56164622776311 28.7721
32.58484114831493 28.6278
32.60803744118015 28.6869
32.631416344731896 28.6983
32.654615396551876 28.601
32.67781582427913 28.6184
32.701198898634416 28.516
32.72440209253756 28.4474
32.747606665947124 28.5182
32.77081262006088 28.3841
32.79420126883317 28.3886
32.81740999876112 28.3624
32.840620112999424 28.2342
32.86383161274818 28.2025
32.88722585534586 28.2262
32.91044014056596 28.2602
32.933655814909734 28.1974
32.95687287957963 28.2469
32.98027273544904 28.1202
33.00349259526636 28.0335
33.026713849030116 28.0494
33.04993649794511 28.0624
33.073341986570746 27.9914
33.09656744032826 27.9312
33.11979429286444 27.9176
33.14302254538647 27.9936
33.166433686291185 27.9495
33.18966475336992 27.8586
33.212897224069096 27.7471
33.23613109959831 27.6798
33.259547912343415 27.7221
33.2827846121627 27.7113
33.306022720453775 27.6789
33.32926223842861 27.5282
33.352684742614166 27.5907
33.37592709463173 27.57
33.399170859982064 27.4633
33.422597648419426 27.3601
33.44584425514446 27.3689
33.46909227885668 27.223000000000003
33.4923417207723 27.1306
33.51577423505344 27.1981
33.539026528130385 27.1075
33.56228024307245 27.0367
33.585535381098246 26.936
33.60897364093058 26.8726
33.63223163992385 26.8849
33.6554910656699 26.8764
33.678751919389796 26.9306
33.702195944520106 26.7939
33.72545966903325 26.7185
33.74872482519663 26.6904
33.771991414233746 26.6684
33.79544122444841 26.6926
33.81871069412428 26.5433
33.84198160035767 26.576999999999998
33.86525394437455 26.5248
33.88870955949969 26.4783
33.911984794020626 26.5121
33.93526147001624 26.4536
33.958539588715006 26.4336
33.98200102861669 26.4018
34.0052820477047 26.2634
34.02856451319451 26.2881
34.05203033759056 26.1451
34.07531571090147 26.1711
34.09860253431845 26.1269
34.121890809074316 26.0536
34.145362493118924 26.0389
34.16865368561615 25.9161
34.191946333164054 25.9064
34.21524043699793 25.9134
34.23871800066799 25.9019
34.26201503218366 25.8498
34.28531352370466 25.7845
34.30861347646881 25.7128
34.33209693978188 25.671999999999997
34.3553998301885 25.6887
34.378704185565205 25.6213
34.402010007152356 25.5275
34.42549939016683 25.519000000000002
34.44880815937748 25.4226
34.472118398533134 25.531999999999996
34.49543010887669 25.3958
34.51892543169198 25.3172
34.54224009966052 25.3032
34.56555624255917 25.3625
34.58887386163339 25.267
34.61237514439016 25.1513
34.6356957311114 25.14
34.65901779775809 25.026
34.68252356662995 25.1066
34.705848608458616 25.0994
34.72917513396849 25.0228
34.75250314440949 24.9055
34.77601490857862 24.8107
34.799345904259795 24.7556
34.82267838863559 24.8034
34.846012362958525 24.8742
34.869530142679984 24.7365
34.89286711232212 24.7356
34.91620557568269 24.7377
34.93954553401677 24.6664
34.9630693495876 24.6059
34.986412313340814 24.6976
35.00975677584668 24.6633
35.033102738362956 24.654
35.05663261012228 24.4886
35.0799815881786 24.4449
35.10333207003229 24.4389
35.12668405694369 24.4385
35.150220005273056 24.3994
35.17357501786656 24.4491
35.19693153931268 24.3863
35.220289570874385 24.3316
35.24383161619786 24.2031
35.267192683604904 24.2
35.290555264930376 24.2481
35.314101899412165 24.2581
35.33746752422433 24.1631
35.36083466676374 24.2098
35.38420332829803 24.1814
35.407756095629054 24.1674
35.43112781085063 24.2028
35.45450104888391 24.1204
35.477875810999194 24.0929
35.50143473172161 23.9845
35.52481255774625 24.0446
35.54819191167777 23.8829
35.57157279478914 23.945999999999998
35.595137889488406 23.9057
35.61852184675279 23.7831
35.641907337029984 23.8974
35.665294361595684 23.7708
35.68886565090076 23.6448
35.7122557598848 23.7305
35.73564740699838 23.7819
35.759040593519934 23.5782
35.78261809810353 23.4355
35.80601437933051 23.4939
35.829412203814705 23.3971
35.85281157283719 23.3819
35.876395313415884 23.3881
35.8997977874528 23.3521
35.92320180988546 23.2961
35.946790244133936 23.2452
35.97019737933222 23.3096
35.993606066789866 23.2166
36.01701630779276 23.128
36.04061101440684 23.1062
36.06402437852291 23.1575
36.08743930005611 23.1716
36.1108557802951 23.031999999999996
36.13445678011326 22.9818
36.15787639383515 22.9599
36.18129757014299 23.0207
36.20472031032821 22.9269
36.22832762423364 22.854
36.25175350829375 22.8286
36.275180960119776 22.7327
36.298609981005924 22.7914
36.32222362992669 22.7899
36.34565580510207 22.7284
36.36908955323448 22.697
36.39252487562093 22.5716
36.416144880530226 22.6253
36.43958336764275 22.6396
36.463023432914625 22.5018
36.486465077645676 22.5061
36.51009145956204 22.5349
36.53353627947859 22.5704
36.55698268276811 22.4834
36.58043067073321 22.4041
36.60406345072071 22.3703
36.62751462435344 22.3534
36.65096738658405 22.3539
36.67460498210655 22.2578
36.69806093788647 22.2975
36.72151848619297 22.2056
36.744977628333636 22.1604
36.76862165890998 22.1259
36.79208400512205 22.1616
36.81554794910557 22.0495
36.83901349217101 21.9656
36.862663978991606 21.9448
36.88613273667352 21.9624
36.90960309738324 21.9677
36.933075062434064 21.8306
36.95673202673572 21.8829
36.98020721697122 21.8042
37.003684015502365 21.6667
37.027162423645365 21.6779
37.050825886711465 21.6835
37.07430753063053 21.6231
37.09779078812467 21.6019
37.121275660513014 21.666999999999998
37.144945643673694 21.6063
37.16843376245278 21.5415
37.19192350009803 21.4772
37.215414857931435 21.4241
37.239091382563885 21.3996
37.262585997426164 21.3317
37.28608223645736 21.3957
37.309763684451696 21.3304
37.33326318851098 21.239
37.356764320726555 21.2297
37.380267082425526 21.2056
37.40395510942588 21.1953
37.42746114683234 21.1857
37.45096881771841 21.1109
37.474478123414166 21.1168
37.49817275092816 21.0283
37.52168534303452 21.0422
37.54519957395567 21.0085
37.568715445024665 20.985
37.592416694607714 20.9433
37.61593586281424 20.9266
37.63945667518264 20.8965
37.66297913304891 20.8804
37.68668702630454 20.8516
37.710212792059274 20.7447
37.733740207334854 20.7896
37.757269273470364 20.6788
37.780983832050374 20.6745
37.80451621684926 20.6738
37.82805025654007 20.5976
37.851585952464795 20.5823
37.8753071980695 20.5046
37.89884622345676 20.4146
37.92238690911902 20.4472
37.94611318753442 20.378
37.969657210779765 20.3749
37.99320289834801 20.3448
38.016750251586465 20.2948
38.04048325513017 20.3023
38.06403395679343 20.2747
38.087586328183946 20.2184
38.11114037065203 20.1459
38.13488012115898 20.2328
38.1584375229181 20.1963
38.181996599821 20.1151
38.205557353221124 20.0419
38.229303872575656 20.0814
38.2528679961576 20.0508
38.27643380031219 20.037
38.30000128639589 19.9915
38.32375459653193 19.9556
38.34732546371299 19.9669
38.37089801690786 19.8368
38.39447225747609 19.8447
38.418232380377425 19.7903
38.441810012983396 19.7651
38.46538933705673 19.7149
38.488970353960084 19.718
38.51273731166058 19.7364
38.536321731567014 19.6499
38.55990784840681 19.641
38.58367995004091 19.5599
38.60726947812959 19.5186
38.63086070726198 19.480999999999998
38.654453638806274 19.4821
38.678232613930824 19.4617
38.70182896773327 19.4464
38.72542702806741 19.3925
38.7490267963045 19.3994
38.77281266709232 19.297
38.79641586862214 19.3093
38.8200207821842 19.2382
38.843627409152944 19.2149
38.86742019782782 19.1907
38.891030269149255 19.1584
38.914642058016156 19.1308
38.938255565806124 19.1091
38.96205529464307 19.0886
38.98567225787121 19.0991
39.00929094417078 19.052
39.03291135492255 19.0196
39.05671804624804 18.9558
39.080341923549106 18.9605
39.103967529460334 18.8682
39.127594865365744 18.8372
39.15140854155791 18.8076
39.17503935514948 18.8076
39.19867190290282 18.8061
39.22249083587951 18.7502
39.24612686969409 18.7135
39.269764641845306 18.6854
39.293404153722804 18.6871
39.317230110864074 18.6264
39.34087311998506 18.5787
39.36451787301696 18.5928
39.388164371352595 18.4767
39.41199737518003 18.5452
39.43564738196752 18.487000000000002
39.45929913825317 18.4517
39.48295264543308 18.4172
39.506792718520884 18.3648
39.530449745387216 18.3869
39.55410852735203 18.2789
39.57776906581474 18.3329
39.60161623079 18.2708
39.625280300200025 18.2746
39.64894613032202 18.2455
39.67261372255866 18.2012
39.6964680021016 18.1901
39.72013913657293 18.104
39.74381203738292 18.1167
39.76748670593756 18.0816
39.79134812278169 18.0786
39.81502634488497 18.0069
39.83870633896685 17.9552
39.862388106436654 17.912
39.88625668336918 17.9423
39.90994201572829 17.8981
39.933629125719285 17.8456
39.957503091207826 17.7826
39.9811937746168 17.8312
40.00488623990914 17.7708
40.02858048850006 17.8003
40.05246165409549 17.7241
40.076159487492085 17.6971
40.099859108448875 17.6774
40.123560518384345 17.6464
40.1474489070226 17.6148
40.171153913178564 17.5231
40.194860712584955 17.5819
40.2185693066637 17.5506
40.242464941335314 17.5114
40.26617714307655 17.4449
40.289891143772046 17.4586
40.3136069448471 17.4085
40.33750984859743 17.351
40.3612292688043 17.3942
40.3849504936829 17.3221
40.40867352466194 17.3539
40.43258372059144 17.347
40.45631038219906 17.2798
40.48003885420956 17.1901
40.503769138055105 17.1798
40.52768664931955 17.2297
40.55142057531802 17.1974
40.57515631746428 17.1327
40.599079334038514 17.1455
40.62281872700477 17.067
40.64655994043941 17.1139
40.67030297578061 17.0519
40.69423334835778 17.0215
40.71798004609188 16.9212
40.74172857006355 16.942
40.76547892171441 16.9609
40.7894166736039 16.9318
40.813170699248566 16.827
40.83692655691388 16.8051
40.86068424804498 16.8517
40.884629402612525 16.7429
40.908390779366385 16.7534
40.932153993938 16.7752
40.95591904777605 16.7017
40.979871628443995 16.6935
41.003640379561936 16.6244
41.02741097430883 16.6384
41.05118341413683 16.5925
41.075143444384416 16.5295
41.098919593177826 16.5649
41.1226975914255 16.4934
41.14647744058318 16.5252
41.170444943946755 16.4613
41.19422851378379 16.4373
41.218013938914645 16.3389
41.24198706625173 16.2815
41.26577622087193 16.3097
41.289567235177785 16.2898
41.31336011063129 16.2771
41.337340752422875 16.3193
41.361137369129835 16.3169
41.38493585138705 16.2021
41.40873620066004 16.2535
41.43272438060107 16.1547
41.45652848292052 16.1204
41.48033445666918 16.0647
41.50414230331616 16.1015
41.528138045159764 15.9958
41.551949656675205 15.9982
41.575763145513235 15.9689
41.59957851314666 15.9473
41.62358184070442 15.9416
41.64740098505737 15.9133
41.6712220126409 15.8711
41.69504492493139 15.8511
41.71905586207357 15.8445
41.74288256296395 15.8336
41.766711153007456 15.8305
41.79054163368412 15.722999999999999
41.814560204340054 15.744000000000002
41.838394485526365 15.7691
41.86223066180303 15.6819
41.88625497706819 15.6717
41.910094962812 15.5879
41.93393684811168 15.5786
41.95778063445365 15.5983
41.981812625263366 15.5346
42.00566023303407 15.532
42.029509746323676 15.5595
42.05336116662236 15.4525
42.077400857069705 15.4101
42.10125611078846 15.4087
42.12511327600405 15.3497
42.14897235421036 15.3695
42.173019768448455 15.3317
42.19688269209613 15.3015
42.22074753323349 15.3501
42.24461429335818 15.2426
42.268669455600495 15.2125
42.292540073217886 15.2324
42.31641261433284 15.1693
42.34028708044675 15.152000000000001
42.36435001496739 15.1641
42.38822835065557 15.1596
42.41210861586426 15.0524
42.4359908120986 15.065999999999999
42.46006154323262 14.9856
42.48394762115317 14.9713
42.507835634632315 14.9897
42.531912233047436 14.9393
42.55580413732265 14.957
42.579697981698 14.9016
42.60359376768525 14.8466
42.62767820545945 14.8137
42.65157789440821 14.8416
42.67547952952185 14.8084
42.699383112316 14.7655
42.72347541395347 14.7633
42.74738291190531 14.7259
42.771292362102166 14.7518
42.795203766063516 14.6617
42.819303956130405 14.6447
42.843219287476536 14.6208
42.86713657716324 14.6119
42.89105582671383 14.5482
42.91516392983864 14.5146
42.939087119032166 14.4716
42.963012272677304 14.5536
42.98693939230129 14.4798
43.01105543317513 14.4755
43.034986504731386 14.4045
43.05891954686589 14.4529
43.08285456110972 14.4288
43.10697856448665 14.3704
43.130917542983475 14.2679
43.15485849820081 14.2993
43.17880143167367 14.2658
43.20293342237094 14.2681
43.226880332449 14.267999999999999
43.25082922540554 14.2296
43.27496722682525 14.2089
43.29892010567796 14.1251
43.32287497204102 14.0961
43.34683182745632 14.0687
43.370977859791836 14.0633
43.39493871351105 14.0683
43.41890156092628 14.0579
43.44286640358341 14.0069
43.46702049182749 14.0089
43.49098934522816 13.9261
43.51496019852649 13.9146
43.5389330532723 13.9318
43.56309522248204 13.875
43.58707210044314 13.8796
43.61105098451946 13.8212
43.63503187626491 13.8196
43.659202151562134 13.7635
43.68318707902681 13.7723
43.70717401884041 13.7596
43.731162972560874 13.697000000000001
43.75534137913236 13.65
43.779334381108384 13.6469
43.803329401683186 13.642999999999999
43.82732644241872 13.6208
43.8515130055166 13.6468
43.87551410707659 13.5954
43.89951723350145 13.5447
43.923709934595614 13.5066
43.94771713129917 13.5044
43.97172635758096 13.5231
43.99573761501002 13.4455
44.0199385169922 13.4083
44.04395385732619 13.4082
44.067971233533086 13.4409
44.09199064718605 13.3875
44.11619977548961 13.3247
44.14022328470671 13.3174
44.16424883610785 13.3184
44.18827643127035 13.2878
44.21249381139513 13.2962
44.236525514814076 13.2033
44.26055926674478 13.2153
44.28459506876863 13.2263
44.3088207262813 13.1041
44.33286064928722 13.1061
44.35690262714919 13.1266
44.38094666145278 13.110999999999999
44.4051806219871 13.0972
44.42922879003185 13.0716
44.45327901929361 13.0174
44.477331311362136 13.0198
44.501573600619416 12.9723
44.525630039221795 12.9286
44.54968854541895 12.9169
44.573937102200176 12.8849
44.5979997645541 12.8365
44.622064499300315 12.9059
44.64613130803592 12.8633
44.67038823869318 12.8602
44.69445921643748 12.8147
44.718532272981385 12.7498
44.742607409926194 12.7459
44.76687274034801 12.7481
44.79095205918753 12.713
44.81503346325094 12.6882
44.839116954143876 12.6837
44.86339071028742 12.6721
44.88747839599524 12.6173
44.91156817336837 12.5809
44.93566004401666 12.6141
44.959942251908146 12.6319
44.984038330325966 12.5693
45.00813650686762 12.5026
45.03223678314731 12.529000000000002
45.05652746888232 12.427
45.08063196592069 12.388
45.104738567558705 12.415999999999999
45.128847275414856 12.4119
45.15314646515866 12.3352
45.17725940679741 12.3478
45.20137445952892 12.3464
45.22568004865265 12.3086
45.24979934496396 12.297
45.27392075725247 12.2795
45.29804428714431 12.2321
45.322358426247604 12.2073
45.346486212804315 12.2149
45.370616121861914 12.2384
45.39474815505086 12.18
45.41907087049246 12.0904
45.4432071734666 12.1035
45.46734560548283 12.1403
45.49148616817604 12.1307
45.51581748638564 12.0145
45.5399623320197 11.999
45.56410931325473 11.988
45.58825843173002 12.0091
45.61259837920865 11.93
45.636751793816 11.9156
45.66090735060093 11.9153
45.68506505120716 11.9189
45.7094136545275 11.8585
45.73357566449271 11.8537
45.75773982322992 11.8063
45.78190613238733 11.8285
45.806263418194064 11.7678
45.83043404997326 11.761
45.85460683713677 11.7259
45.87897065658495 11.7856
45.90314777634752 11.7235
45.92732705646868 11.706
45.9515084986045 11.6751
45.97588104735473 11.6638
46.00006683541565 11.6107
46.02425479047904 11.5782
46.04844491420549 11.5948
46.0728262191024 11.5842
46.09702070211635 11.520999999999999
46.12121735879483 11.520999999999999
46.14541619080294 11.5271
46.169806278764455 11.5315
46.194009483459034 11.4725
46.21821486849841 11.4417
46.24242243555223 11.4124
46.266821333570014 11.3747
46.29103328674601 11.3713
46.31524742696538 11.3902
46.33946375590237 11.3528
46.36387149104216 11.345
46.38809221957392 11.2769
46.41231514186606 11.2723
46.436540259597464 11.2569
46.460956858999374 11.2404
46.48518638983522 11.2281
46.509418121166966 11.1956
46.533652054678114 11.192
46.55807754555709 11.1825
46.58231590571962 11.1204
46.60655647313217 11.0893
46.630988654873654 11.0475
46.655233659129024 11.0518
46.67948087571551 11.0477
46.70373030632484 11.0492
46.72817142736393 11.0077
46.752425308428684 10.9967
46.77668140861147 11.0132
46.80093972960865 10.9682
46.82538981736788 10.9339
46.849652602470904 10.9219
46.87391761349769 10.8653
46.8981848521493 10.8958
46.9226439341274 10.8628
46.946915650573224 10.8109
46.97118959976749 10.8332
46.99546578341598 10.7677
47.019933887188216 10.7804
47.04421456235744 10.7647
47.06849747711879 10.7107
47.09278263318286 10.6861
47.11725978640143 10.6808
47.14154944775105 10.6454
47.165841355555656 10.6217
47.1901355115306 10.6067
47.214621741924994 10.6166
47.23892041698887 10.5917
47.26322134538975 10.5687
47.28771440635075 10.505999999999998
47.31201986422527 10.5379
47.33632758061436 10.4862
47.360637557241866 10.5102
47.38513974410611 10.5264
47.40945426407847 10.4365
47.43377104948137 10.425
47.45809010204344 10.3932
47.48260144275502 10.385
47.506925052572285 10.4086
47.53125093475548 10.4008
47.55557909103813 10.3672
47.58009961361992 10.3006
47.60443234110732 10.2774
47.62876734791564 10.2863
47.65310463578333 10.2512
47.6776343683373 10.2543
47.7019762413987 10.1991
47.72632040075572 10.2114
47.75066684815169 10.2059
47.77520581885936 10.1826
47.799556865477655 10.1484
47.823910205386 10.1428
47.84826584033272 10.1158
47.87281407745551 10.0843
47.89717432569297 10.0808
47.92153687423484 10.0791
47.94609208429692 10.0837
47.97045925671401 10.0116
47.99482873471275 9.96457
48.01920052005013 9.961969999999999
48.04376504619224 9.92945
48.068141469543484 9.97513
48.09252020552573 9.96976
48.11690125590099 9.92435
48.1414751266064 9.90077
48.16586082917454 9.88688
48.19024885144316 9.86158
48.2146391951793 9.84079
48.239222439012764 9.82472
48.26361744916137 9.80569
48.28801478610016 9.81577
48.31241445160131 9.76068
48.337007097209366 9.75683
48.36141144338331 9.74225
48.38581812345755 9.716289999999999
48.41022713920929 9.7136
48.434829215320704 9.69148
48.45924292604658 9.67118
48.48365897780325 9.652280000000001
48.50807737237308 9.59426
48.532688907799276 9.61779
48.55711201168574 9.58743
48.581537463754074 9.5819
48.60615611725119 9.59988
48.63058628942721 9.55366
48.65501881516546 9.5484
48.6794536962573 9.52966
48.70408185970339 9.503969999999999
48.72852147531801 9.46255
48.75296345168211 9.42423
48.77740779059232 9.43018
48.80204549302823 9.4247
48.82649458091802 9.42463
48.85094603676547 9.40323
48.87539986237231 9.37909
48.90004713292306 9.35948
48.92450572200832 9.30342
48.94896668628025 9.31835
48.97343002754588 9.289539999999999
48.99808689542115 9.29645
49.02255501470614 9.29884
49.04702551642794 9.30118
49.0714984023988 9.227319999999999
49.096164896893235 9.22982
49.120642575466796 9.20585
49.145122643748394 9.17631
49.16960510355558 9.14542
49.19428125404938 9.14391
49.2187685210852 9.13049
49.243258185121555 9.09607
49.26794160167084 9.07804
49.2924360839405 9.07418
49.31693296869764 9.08361
49.34143225776915 9.0231
49.36612538195438 8.98418
49.39062950396021 9.004439999999999
49.41513603578346 9.0113
49.4396449792564 8.9565
49.46434784069503 8.959539999999999
49.488861631846454 8.914710000000001
49.513377840166804 8.94875
49.537896467493745 8.8765
49.56260909589029 8.84506
49.587132585683285 8.87285
49.611658500018365 8.812619999999999
49.636186840738596 8.80444
49.66090926588511 8.81098
49.685442483902584 8.81373
49.70997813385706 8.77031
49.734516217597076 8.79213
49.75924846937352 8.78295
49.7837914452858 8.74797
49.80833686055187 8.68866
49.83288471702571 8.67924
49.85762682540054 8.70185
49.882179588965734 8.67124
49.9067347993235 8.636330000000001
49.93129245833333 8.60585
49.95604445336378 8.60045
49.98060703442832 8.59089
50.005172069746266 8.53674
50.02993150438364 8.57765
50.05450147301533 8.54401
50.07907390151433 8.55077
50.10364879174981 8.46597
50.12841816587289 8.496960000000001
50.1529980044635 8.50056
50.17758031042124 8.474110000000001
50.20216508562089 8.43859
50.22694442953363 8.43414
50.25153416817468 8.406080000000001
50.27612638170508 8.40623
50.300721072005196 8.37006
50.325510416102105 8.36935
50.350110084975064 8.3361
50.37471223628208 8.377369999999999
50.39931687190919 8.28823
50.424116246675766 8.29411
50.44872587605249 8.30069
50.47333799543065 8.28988
50.49795260670191 8.276639999999999
50.52276204271512 8.21619
50.54738166295838 8.21877
50.57200378079314 8.217
50.596628398116835 8.17206
50.62144792604559 8.186160000000001
50.646077567609396 8.19718
50.670709714377715 8.18106
50.69553683636198 8.16029
50.72017401885922 8.12604
50.7448137122895 8.09186
50.76945591856022 8.0771
50.79429318636823 8.053469999999999
50.818940443716784 8.029060000000001
50.84359021965163 8.01778
50.868242516085964 8.03779
50.893089960641895 7.99875
50.917747323549435 7.957319999999999
50.94240721271973 7.97642
50.96706963007175 7.924110000000001
50.99192728239342 7.95016
51.01659478166073 7.93335
51.04126481489051 7.90155
51.06593738400761 7.9139800000000005
51.090805275207074 7.88055
51.11548294172845 7.8327800000000005
51.14016314993547 7.839760000000001
51.164845901758845 7.8470699999999995
51.18972406304274 7.8525100000000005
51.21441192780656 7.817889999999999
51.23910234200271 7.761760000000001
51.2637953075678 7.77982
51.288683770237945 7.752610000000001
51.31338186432707 7.712260000000001
51.33808251561888 7.70834
51.362978729967345 7.695460000000001
51.387684521509755 7.68535
51.41239287610203 7.67548
51.437103795691165 7.659739999999999
51.46201036644977 7.648689999999999
51.486726441956634 7.61252
51.51144508832545 7.61285
51.536166307509156 7.58652
51.56108326624387 7.567060000000001
51.58580965706056 7.55433
51.61053862657523 7.5349
51.635270176746864 7.5279
51.66019755512065 7.519819999999999
51.68493429268881 7.50223
51.70967361681515 7.461469999999999
51.73441552946465 7.444939999999999
51.759353359237934 7.438
51.7841004750961 7.4504
51.80885018539685 7.46335
51.833602492111254 7.4107
51.8585508051424 7.37604
51.883308330926425 7.34663
51.90806845906181 7.33484
51.932831191525715 7.35752
51.95779001977161 7.33287
51.98255798721516 7.2824800000000005
52.00732856494335 7.283110000000001
52.03229530577543 7.2615
52.057071130455945 7.270160000000001
52.081849571391054 7.25745
52.106630630568695 7.24499
52.13160794279417 7.210439999999999
52.15639426492067 7.216469999999999
52.18118321127822 7.20717
52.205974783860896 7.15845
52.23096269971011 7.16075
52.255759551287994 7.129
52.280559035098186 7.085
52.30536115314103 7.12275
52.33035970494467 7.10485
52.35516711807904 7.1298
52.37997717147198 7.07671
52.40478986713005 7.08272
52.42979908731974 7.061610000000001
52.454617094216 7.04466
52.47943774942214 7.021739999999999
52.50426105495102 7.00217
52.529280976059844 6.987189999999999
52.554109609024096 6.97032
52.57894089837482 6.997160000000001
52.60377484613117 6.91948
52.62880550079408 6.917110000000001
52.65364479223379 6.9210199999999995
52.67848674816189 6.9031899999999995
52.70352547971946 6.877999999999999
52.72837279155837 6.87603
52.753222773982785 6.86088
52.778075429022984 6.79967
52.80312495150885 6.82522
52.827982978797436 6.81232
52.85284368481815 6.810289999999999
52.87770707160767 6.799869999999999
52.90276741793998 6.8025899999999995
52.92763619336701 6.748469999999999
52.952507655698504 6.70987
52.977381806977576 6.7325
53.00245301017842 6.748660000000001
53.02733256653592 6.72885
53.052214817996074 6.6892
53.077099766608484 6.68162
53.102181859804446 6.6413899999999995
53.127072229988265 6.6711
53.15196530349892 6.62292
53.17686108239249 6.625789999999999
53.20195409881522 6.61322
53.22685531582556 6.58268
53.25175924441303 6.57163
53.27666588664027 6.58742
53.30176985962693 6.5502199999999995
53.3266819565689 6.52391
53.35159677336455 6.509519999999999
53.376514312083096 6.489809999999999
53.40162927507703 6.51056
53.42655228516116 6.47106
53.45147802340193 6.440980000000001
53.47660125628886 6.41427
53.50153247842639 6.4268
53.52646643496923 6.41129
53.55140312799818 6.41694
53.576537409691696 6.41305
53.60147960336152 6.36648
53.626424539786164 6.387630000000001
53.65137222105307 6.3415300000000006
53.67651758529126 6.36702
53.70147078399681 6.303030000000001
53.72642673383343 6.35046
53.75138543689533 6.35759
53.776541917524526 6.30399
53.801506154876755 6.2739
53.826473151763246 6.26674
53.851442910284916 6.24493
53.87661054126026 6.22655
53.9015858509782 6.1767
53.92656392866066 6.19634
53.95154477641532 6.18856
53.976723591801296 6.12823
54.00171000771266 6.13721
54.02669920004598 6.14304
54.051691170915745 6.14196
54.076881204886796 6.10656
54.101878760928514 6.09875
54.12687910187696 6.07861
54.152077577768296 6.05379
54.1770835166946 6.03212
54.20209224691339 6.02626
54.22710377055121 6.00657
54.25231352511594 6.0010900000000005
54.27733066384342 6.016780000000001
54.30235060239643 6.00358
54.32737334290836 5.9586
54.35259441062629 5.9178
54.377622783395324 5.90258
54.40265396455061 5.863230000000001
54.42768795623251 5.90792
54.45292037169559 5.91901
54.477960012857906 5.88259
54.50300247099511 5.87214
54.52804774825457 5.823580000000001
54.55329154616743 5.7809
54.57834249018678 5.80469
54.6033962597977 5.71235
54.6284528571545 5.75319
54.653708072335164 5.72211
54.67877035378786 5.72722
54.70383546947698 5.70782
54.72890342156389 5.70437
54.7541700889442 5.6443
54.77924374251975 5.59488
54.8043202390049 5.606
54.82959552413022 5.59996
54.8546777351945 5.5715900000000005
54.87976279569621 5.54871
54.90485070780914 5.570130000000001
54.930137506558005 5.4848300000000005
54.95523115074295 5.51235
54.98032765308844 5.48156
55.005427015775496 5.47277
55.03072536339621 5.452030000000001
55.05583047570572 5.38401
55.080938454927676 5.42828
55.10604930325027 5.43047
55.131359235107396 5.40941
55.15647585066083 5.36808
55.181595341907496 5.28926
55.20671771104285 5.231990000000001
55.232039262617704 5.26021
55.25716741665048 5.285019999999999
55.28229845518636 5.280390000000001
55.30743238042802 5.146809999999999
55.33276558731939 5.191330000000001
55.357905315183636 5.190930000000001
55.383047936390035 5.142930000000001
55.40819345314859 5.1111699999999995
55.433538351073295 5.09885
55.458689688238415 5.07409
55.483843927614096 5.0507
55.509197623043605 5.01093
55.53435769621134 4.98412
55.55952067826466 4.970940000000001
55.5846865714265 4.96404
55.61005202069737 4.8942
55.63522376553902 4.91025
55.66039842818645 4.8551400000000005
55.68557601087004 4.836
55.7109532500271 4.796209999999999
55.73613670233794 4.86275
