TT I
1.2716486653135266 7.2677
1.2939594142134223 7.80705
1.3162702121660406 7.029889999999999
1.3385810600174564 6.089919999999999
1.3608919586137629 6.87865
1.383202908801069 6.76156
1.405513911425503 6.23393
1.4278249673332093 7.1723
1.4501343378461518 6.0115
1.4724455028545926 6.02289
1.4947567236847858 7.52495
1.517068001182951 6.11437
1.5393793361953272 5.81928
1.5616907295681737 5.6899
1.5840021821477681 5.7175199999999995
1.60631369478041 5.18265
1.6286252683124185 4.98079
1.6509369035901333 5.22069
1.6732468618895553 5.4194
1.695558623192809 5.37854
1.7178704487808514 5.46655
1.7401823395001077 4.90612
1.7625012545597203 4.74547
1.7848028405262486 4.51957
1.8071218901122095 4.86008
1.8294236121921872 4.87651
1.8517427996910911 5.20204
1.8740620574440425 4.87779
1.8963639900671978 4.70978
1.9186833908139995 4.720619999999999
1.9409854680117449 4.53397
1.9633050151394713 4.78873
1.9856246367570705 4.76815
2.0079269371922672 5.42709
2.03024671027244 4.1094
2.0525491637446027 3.7391099999999997
2.074869091674931 3.8575
2.097171701569106 4.19332
2.1194917877373847 4.98508
2.141811954326636 4.80737
2.164114805233074 4.94148
2.186435135143035 5.29405
2.208738150935709 10.1533
2.231058647554722 16.9226
2.2533792288321184 12.7943
2.275682498336085 7.02623
2.298003251406138 5.3009900000000005
2.3203066942619714 5.52151
2.3426276225136022 5.52615
2.3649486396617507 4.70314
2.387252348930071 5.14778
2.4095735463442893 5.71834
2.4318774374315884 5.1540300000000006
2.4541988185014043 4.84513
2.476502894794693 6.20795
2.498824462909887 5.61089
2.521146125856138 5.1612
2.5434504863470337 5.67174
2.5657723414244717 6.671710000000001
2.588076895590662 7.313
2.610398946189713 7.507680000000001
2.6327210958598384 6.65787
2.6550259469304716 7.08438
2.6773482972090137 7.057230000000001
2.6996533504259 7.35796
2.7219759047039602 6.96295
2.744298562293959 7.586130000000001
2.7666039251246595 7.1898
2.7889267918020164 7.899830000000001
2.8112323652516555 7.56871
2.833555444408179 7.91092
2.8558786311183852 7.574139999999999
2.8781845268938557 8.634160000000001
2.9005079311721484 8.87933
2.9228140460410397 8.73155
2.9451376712799635 9.11979
2.967444008632326 9.708039999999999
2.9897678582247247 9.705110000000001
3.0120918213106695 10.401
3.0343984987899373 10.4142
3.0567226913198637 11.2186
3.079029599759726 11.4635
3.101354025127254 12.1645
3.123678568232338 12.7942
3.145985829517914 12.8243
3.16831061055229 13.2773
3.1906181112775593 13.6206
3.212943133635653 14.2008
3.2352682779763207 14.8826
3.2575761442691227 15.6491
3.2799015350264273 15.5512
3.302209649240067 16.2236
3.3245352898092655 16.7624
3.3468436553365257 17.4793
3.369169549113219 18.1024
3.3914955708171384 18.828
3.413804319727358 18.8041
3.4361305997334863 18.7742
3.4584396084414553 19.6763
3.4807661501462652 20.5113
3.503092824025881 21.2394
3.5254022288463154 21.2428
3.5477291695206588 21.9417
3.5700388426251948 22.9465
3.5923660534916446 23.4648
3.6146934007816114 31.7396
3.637003482731501 59.2949
3.6593311053109985 63.1079
3.681641464033634 41.3547
3.7039693653009733 28.2553
3.726297407241705 25.866999999999997
3.7486081875460804 25.6945
3.7709365132734978 25.8522
3.793247578841633 26.5395
3.8155761917550093 26.8354
3.8378875459837216 27.3452
3.8602164494827234 27.3754
3.882545499606844 28.1128
3.9048572932539183 29.3488
3.9271866390645718 29.9686
3.9494987298666713 30.2729
3.971828374764527 30.838
3.9941581705403255 31.0627
4.016470713506008 31.703000000000003
4.038800813471445 32.6973
4.061113662089144 33.1799
4.0834440696459176 33.9071
4.105774632334751 34.288000000000004
4.128087945865126 35.0394
4.150418821249301 35.916
4.172732448931298 37.0544
4.195063640413578 38.4235
4.2173775856475215 41.0071
4.239709096631102 59.6791
4.262040768704612 148.732
4.284355196706267 188.25099999999998
4.306687193387355 128.461
4.329001947444346 63.4275
4.35133427213731 46.513000000000005
4.373666762177566 44.3659
4.395982011761091 44.7916
4.418314834921175 45.8201
4.44063041906622 50.3188
4.4629635787515625 57.1572
4.4852969080429785 56.6674
4.5076130004776225 52.8605
4.529946671403969 52.4098
4.552263106909177 52.7126
4.574597122877047 53.2342
4.596931312711224 53.6282
4.619248269273446 54.388999999999996
4.6415828092605835 55.7964
4.663900117405352 56.8651
4.686235010953232 58.3118
4.708552674085913 60.0364
4.730887924602802 61.8494
4.753223354952695 63.5341
4.775541557023902 64.6779
4.797877349456786 66.5796
4.820195915032126 68.494
4.842532072957498 69.5846
4.864868414979744 72.0915
4.88718753227192 74.5819
4.909524244902505 76.627
4.931843734218147 78.878
4.954180820867835 81.6089
4.976518095879839 84.8406
4.998838149695359 87.9901
5.021175803844231 92.2107
5.043496238205739 95.8721
5.065834274903528 100.772
5.088172504230693 107.765
5.1104935158799565 116.01799999999999
5.132832132875765 136.984
5.155153533596801 173.56
5.1774925416746225 243.94099999999997
5.199814334878411 608.606
5.2221537374521505 1627.16
5.244493338631803 3694.19
5.266815727034316 7504.89
5.289155727832427 11470.4
5.311478517248165 8808.14
5.333818921080011 3394.03
5.356159527788849 736.3539999999999
5.3784829252032536 223.919
5.400823940070432 162.35299999999998
5.423147747031976 139.828
5.445489173474152 127.171
5.467830807066149 121.199
5.490155234831516 116.447
5.512497285125229 112.06200000000001
5.534822130975162 109.47
5.557164601388673 106.801
5.579489868738879 103.575
5.601832762690846 102.289
5.6241758697774475 101.568
5.646501775867269 100.296
5.668845311622074 99.4002
5.691171647754637 98.6979
5.713515615597765 97.6356
5.735859800852677 96.9101
5.758186788542988 96.4684
5.780531411018185 97.2602
5.802858837297399 96.7653
5.825203900414495 97.44200000000001
5.8475491852224 98.4735
5.869877275883075 98.4935
5.892223006467101 99.8399
5.914551544266608 101.85
5.936897724049891 106.58
5.959244129804903 116.96700000000001
5.981573344815301 158.161
6.0039202049061 324.41700000000003
6.026249875609095 680.6389999999999
6.04859719346037 1287.21
6.070927323278297 2350.24
6.093275102315365 4016.92
6.115623113320588 4780.55
6.137953938319995 3355.96
6.160302415650845 1128.43
6.182633708324452 278.67900000000003
6.2049826554078376 127.589
6.227331838745022 100.28399999999999
6.249663839443684 90.4981
6.27201349767565 86.1289
6.294345974611799 87.0819
6.316696111167083 91.6437
6.339046488263839 87.4376
6.361379686074702 78.5258
6.383730546639482 73.6641
6.406064229255215 71.5534
6.428415576718203 70.6272
6.450749747566656 69.2031
6.47310158535871 67.9705
6.495453669698332 67.551
6.517788579421056 66.5934
6.540141159237969 65.2666
6.562476565766648 64.7002
6.5848296444934045 64.2453
6.607182974060425 64.2629
6.6295191323281015 64.0302
6.651872965955752 65.3224
6.6742096296068985 78.5975
6.6965639707294615 103.31200000000001
6.71891856698715 103.454
6.741255995248479 79.5429
6.763611104154477 65.0898
6.785949046381137 60.6652
6.808304671371482 60.1574
6.8306605557940046 59.8351
6.852999275508618 58.5209
6.875355681171544 58.8954
6.897694923437771 58.1958
6.92005185377892 57.6308
6.9423916220322655 57.6216
6.964749080490181 56.9934
6.987106804399774 56.7546
7.009447368180821 56.9863
7.031805625367033 56.8305
7.054146723727803 56.7179
7.076505517631004 56.2945
7.098864581288365 56.2961
7.121206488070854 56.0389
7.143566093607822 55.9305
7.165908543567245 56.5828
7.188268694426048 56.812
7.2106291193438095 56.4585
7.232972390625943 57.2645
7.255333366030969 64.0494
7.277677189091925 91.9173
7.300038718428332 118.984
7.322400526130865 105.93799999999999
7.344745183422596 74.3006
7.367107550224791 59.6708
7.389452767901992 57.0464
7.411815697249891 56.4966
7.434161478756298 55.4595
7.456524974096713 55.4071
7.478888753837185 55.3017
7.501235387657368 55.8105
7.523599738562711 55.6081
7.545946944825532 55.9398
7.568311870344528 56.2812
7.5906770845765665 56.6764
7.613025156078678 57.6481
7.635390950099687 58.2681
7.657739602662809 57.4782
7.680105979923558 56.9898
7.702472650212829 57.5703
7.724822180948224 57.4248
7.747189439655568 57.3751
7.769539560075357 57.5109
7.791907410653562 58.2205
7.81425812420825 58.0374
7.836626570110925 58.431000000000004
7.858995315087906 59.2535
7.881346924933401 59.275
7.903716270417482 59.8093
7.926068482028405 60.2087
7.948438431475253 60.8971
7.9708086843180235 61.4955
7.993161805171116 62.1876
8.015532667162402 62.7668
8.037886398416653 63.5463
8.060257873014221 64.2637
8.082629655331942 65.0578
8.104984308787587 65.7206
8.127356708900503 68.1047
8.149711981398308 71.8225
8.172085002766314 73.3196
8.194458336181368 71.9813
8.216814543847752 71.0112
8.23918850371002 71.6897
8.26154533906492 72.6627
8.283919928836452 74.4328
8.306277395339652 75.5071
8.328652618483376 77.3215
8.351028159736202 79.3176
8.373386579575245 81.3858
8.395762759396959 83.8985
8.418121819038275 88.6869
8.440498640894003 98.8351
8.462875785192262 113.001
8.485235811156207 145.946
8.507613602688501 226.185
8.529974277114228 346.142
8.552352719347912 502.277
8.574731488360351 760.587
8.59709314210385 1191.11
8.619472567021075 1697.93
8.64183487789147 2086.83
8.664214962183097 1826.91
8.686577933647762 1040.23
8.708958680784317 417.278
8.731339760774953 181.726
8.753703729764451 119.109
8.77608547780821 104.21600000000001
8.798450116065078 99.7592
8.820832535634787 96.647
8.843215292401656 94.8141
8.865580941199045 93.0481
8.887964374703538 91.6101
8.910330701447199 91.6626
8.932714815164482 92.4718
8.955099270424924 91.4653
8.977466620733543 89.12
8.999851761421976 87.4307
9.022219798361645 86.3548
9.04460562795561 86.2082
9.066991803441677 85.9909
9.089360876979615 86.0044
9.111747746589993 85.3871
9.13411751544971 84.5055
9.156505082664324 84.4278
9.178875550323522 84.6218
9.20126381862328 84.5362
9.223652438908596 85.0118
9.246023961427412 85.2347
9.26841328802173 84.93700000000001
9.290785518039224 84.6484
9.313175554425882 85.6329
9.335565947154315 85.8818
9.357939245086508 86.0168
9.380330352834827 85.6361
9.40270436697103 86.2624
9.425096193225055 86.1866
9.447488380180165 86.9543
9.469863475295412 87.3097
9.492256385987508 87.5419
9.514632206018318 88.4581
9.537025843935714 88.6617
9.559402392368193 89.1149
9.581796761000229 90.8631
9.604191496441521 91.796
9.626569144158516 94.1488
9.648964615551032 96.53200000000001
9.671343000390081 97.6766
9.693739211225699 97.0869
9.716135793237463 96.3469
9.738515290448102 95.9786
9.760912617143402 97.3032
9.783292860202891 99.2399
9.805690935076182 100.492
9.828089385495742 101.56299999999999
9.850470754023561 104.156
9.872869957865444 109.397
9.89525208097539 119.008
9.917652041736662 128.226
9.940052382417589 138.266
9.962435644102392 172.639
9.984836746950979 237.21200000000002
10.007220771957746 322.324
10.029622640473708 443.22900000000004
10.052007432299963 621.132
10.074410069984072 872.466
10.096813093716005 1221.34
10.119199042482517 1596.34
10.141602840636468 1850.74
10.163989564971628 1631.36
10.186394141051062 994.117
10.208799107559706 460.579
10.231187001965623 207.285
10.253592751657669 134.713
10.275981430388155 118.85
10.298387966769793 115.43700000000001
10.320794897965431 115.694
10.343184759907361 114.005
10.36559248305461 110.541
10.387983138083852 110.389
10.410391656691655 119.51899999999999
10.432800574501677 137.085
10.455192425893369 158.47799999999998
10.47760214443012 188.31799999999998
10.499994797678786 232.72299999999998
10.522405320453982 299.46299999999997
10.54479877906917 386.285
10.567210109595656 485.815
10.5896218454736 545.057
10.612016518879773 518.445
10.634429067781074 367.12199999999996
10.656824555333241 213.268
10.679237920773568 130.107
10.701651695961992 100.07
10.724048411481384 92.4212
10.746463008485165 89.6951
10.768860546937125 87.8446
10.791275969274796 85.8456
10.81369180576079 84.6148
10.836090585366925 83.3303
10.858507252467449 82.3753
10.88090686379991 81.0355
10.903324365036394 80.6385
10.925724811614439 79.6942
10.948143150509463 80.5681
10.970561909719066 79.9975
10.992963615930844 78.4974
11.015383218085756 76.5199
11.037785768347074 74.9481
11.06020621697282 74.6097
11.082627090322113 74.1244
11.105030913430326 73.4573
11.12745263854165 73.6572
11.149857314510728 75.0338
11.172279894912576 78.0991
11.194702904450653 78.3864
11.217108866490921 75.8946
11.239532736615194 73.2368
11.26193956033512 72.0712
11.284364294577085 70.753
11.306789462371718 69.3526
11.329197585398376 68.7735
11.351623622610898 68.7979
11.37403261614354 67.9032
11.396459526308487 67.9703
11.418869393879497 67.4784
11.441297180532617 66.8823
11.463725406927658 66.559
11.486136592353875 66.7022
11.508565700543707 66.6147
11.530977768845315 67.64699999999999
11.553407762368774 67.7721
11.575838200059769 67.3726
11.598251599479612 66.2535
11.620682927815501 65.4957
11.64309721895548 65.0253
11.665529441478206 64.8971
11.687962112597958 64.6266
11.710377748130886 64.7545
11.732811318753434 64.6375
11.755227854859067 64.6318
11.777662328529495 64.5657
11.800079768750786 64.4925
11.822515149015453 64.0201
11.844950984084935 64.3805
11.867369787303163 64.0805
11.889806534289491 64.0315
11.912226250487029 64.5029
11.934663912939751 64.7567
11.9571020346363 64.7742
11.979523127133968 65.0981
12.001962169624331 66.2449
12.024384183972964 69.2174
12.046824150809913 74.0067
12.069264581333726 80.1413
12.091687985297767 87.1216
12.11412934550045 96.5975
12.136553680195208 110.396
12.158995973632788 128.826
12.181438735204349 150.757
12.20386447284199 176.111
12.226308172985636 199.50599999999997
12.24873485024193 201.291
12.271179492516982 171.278
12.293607112949127 131.599
12.316052700916226 96.3285
12.338498763250042 77.8279
12.360927805303868 70.1
12.383374818673879 67.5289
12.405804812803074 66.3264
12.428252780773262 66.0287
12.45070122756722 66.0853
12.473132656675375 65.7279
12.49558206341869 66.1357
12.518014453510101 66.2605
12.540464823770117 66.3733
12.562915677315177 66.6717
12.58534951575545 67.0045
12.607801338171472 68.2558
12.630236146511358 71.0048
12.652688941369085 73.9942
12.675124723177234 74.5526
12.697578494048786 72.8661
12.720032754458185 70.5466
12.742470003354093 69.6447
12.764925245138771 69.8436
12.787363476431278 70.3181
12.809819703166806 70.4672
12.83227642391173 71.2454
12.854716135692716 71.8649
12.877173846755147 72.8488
12.899614549869717 73.368
12.9220732548287 74.1641
12.94453245827299 74.8377
12.966974655289818 75.8226
12.989434858002571 76.5952
13.011878055298721 77.3735
13.034339260862497 78.8315
13.056800969391883 80.4676
13.079245674017244 83.1966
13.101708390774869 88.3767
13.12415410463411 99.7168
13.146617833206086 114.17
13.169064559883248 128.029
13.191529303857127 145.082
13.213994557076367 168.99599999999998
13.236442809902437 203.00099999999998
13.258909083908291 247.612
13.28135835851934 295.625
13.30382565690295 353.463
13.326293469022952 401.80699999999996
13.348744283242008 419.342
13.371213125129904 366.217
13.39366497011003 275.83799999999997
13.416134845360597 185.127
13.438605238843131 132.207
13.46105863690397 116.70200000000001
13.483530069144786 118.509
13.505984506951902 125.625
13.528456981549432 137.043
13.550929978879088 152.657
13.573385983253365 174.99599999999998
13.595860028340867 206.253
13.618317081455832 245.399
13.64079217790333 288.966
13.663250283359057 333.983
13.685726434770173 361.10699999999997
13.708203115221277 346.13699999999994
13.730662806148091 275.564
13.75314054697177 200.398
13.775601299246777 134.916
13.798080104050406 102.103
13.820559442405358 88.5726
13.843021793671388 84.6238
13.865502201420897 82.7911
13.887965623051947 82.02600000000001
13.910447103807167 80.9851
13.932929122629764 79.4958
13.955394156785959 79.3988
13.977877254034569 78.2206
14.000343367582113 77.4899
14.022827546871707 76.5217
14.045294743423524 75.9441
14.06778000837062 75.1489
14.090265817715476 75.217
14.112734645763819 74.672
14.13522154619454 74.1449
14.157691466286913 74.0962
14.180179461423874 74.0379
14.202668005486178 73.4724
14.22513957064374 73.0873
14.247629214846473 72.517
14.270101881097517 72.2504
14.29259262906496 72.3536
14.315083930490205 72.7489
14.337558255389705 72.8889
14.360050666019726 72.5788
14.382526101071944 71.8329
14.405019624534942 71.3974
14.427513705993134 71.0886
14.449990813291825 70.8794
14.47248601302899 70.9421
14.49496423954951 70.9398
14.517460561197822 70.747
14.539939910570322 70.40100000000001
14.562437357763558 71.0937
14.58493536931253 71.9539
14.607416409993311 72.5042
14.62991555254159 73.1674
14.652397725157423 72.9396
14.674898002342799 73.0151
14.697398848433282 73.0042
14.719882725991326 74.2882
14.74238471217934 76.984
14.764869730765593 82.3106
14.787372860692983 86.7125
14.809876564079925 92.2281
14.83236330125751 98.594
14.854868153850365 107.366
14.877356041159485 120.277
14.899862046604186 135.645
14.922351087688757 155.07399999999998
14.944858249632887 176.093
14.967365991421232 199.968
14.989856770231246 215.61700000000002
15.012365673994204 217.412
15.03485761569738 193.53599999999997
15.05736768508665 153.593
15.07987833888692 120.625
15.102372032001655 94.1052
15.124883856909658 79.2962
15.14737872204565 74.5126
15.169891721717274 72.755
15.192405310371893 72.5105
15.214901940621196 72.3118
15.237416709527137 71.8749
15.259914520936249 72.0981
15.282430473753607 71.1286
15.304947020131227 70.3216
15.327446610371178 69.798
15.349964346154254 68.9083
15.372465126703139 68.7223
15.394984055556009 68.6194
15.417486030076159 68.2355
15.44000615566487 67.9384
15.462526881230803 68.0242
15.485030653812652 67.9857
15.507552581617434 68.0023
15.530057557334603 68.1157
15.55258069104857 68.1254
15.575104429329837 68.2159
15.597611216864632 68.1526
15.620136166564563 68.9926
15.6426441664095 71.6102
15.665170331202765 75.0096
15.687697105158826 78.8573
15.710206930593545 83.0593
15.732734925158933 87.7197
15.755245972089478 93.9933
15.77777519094324 103.387
15.800287463046663 114.757
15.822817909869592 129.49
15.84534897229804 144.793
15.867863089299354 163.93099999999998
15.890395385222186 179.97
15.912910736597423 189.707
15.935444269699861 187.53900000000002
15.957978423016485 161.648
15.980495633101265 130.192
16.003031029129367 101.281
16.02554948280019 79.7297
16.048086125229432 69.8423
16.070623392487107 66.7785
16.09314371869582 65.3272
16.11568223789321 64.419
16.13820381691126 63.6584
16.160743591742527 62.8832
16.183283996022084 62.1486
16.205807461423195 61.2031
16.228349126881973 60.7439
16.25087385432698 60.4665
16.27341678466365 59.8718
16.29594277784926 59.7812
16.31848697676433 59.7248
16.341031811604868 59.625
16.36355971058487 59.7559
16.3861058195587 59.3891
16.40863499352978 58.3841
16.431182380342005 58.1455
16.453730407713202 57.5906
16.476261501364792 57.2231
16.498810812136167 57.2467
16.52134319004079 57.317
16.54389378792203 57.0252
16.566445031001553 56.8978
16.588979342490088 56.7327
16.61153187824822 56.4673
16.634067483263312 56.4886
16.656621315414416 56.4139
16.679175797408888 56.0121
16.701713349928728 56.0888
16.72426913389191 56.4695
16.74680798922351 56.474
16.76936507887444 56.3094
16.791905240734874 56.5281
16.814463639794468 56.1796
16.837022695210294 56.3675
16.859564824093756 56.6175
16.882125194503903 56.8686
16.904668639217885 57.4041
16.927230328348003 57.364
16.949792678493612 57.7368
16.972338104193863 57.316
16.994901778652235 57.0875
17.017448529496576 57.3981
17.040013531998152 57.805
17.06257920018044 58.6425
17.0851279459922 59.4882
17.107694947817667 60.4743
17.130245028099072 61.6594
17.15281336730298 62.9429
17.17536478578733 64.6015
17.19793446610687 66.8491
17.220504818648422 69.1848
17.243058251703697 71.6453
17.265629950971032 75.1212
17.288184731571736 79.0851
17.310757781306908 82.6974
17.33333150794385 84.9845
17.355888317140174 84.2179
17.37846339986244 79.5424
17.401021565958885 73.3378
17.42359800851343 68.0159
17.44617513265564 64.0605
17.468735341390783 61.9199
17.491261035594565 60.9293
17.51396340099364 60.7089
17.536490463869136 60.707
17.559018209820174 60.8992
17.58154663977963 60.9279
17.604251766089718 61.157
17.626781572227713 61.4878
17.64931206518155 61.6612
17.671843245885103 62.1698
17.69455114821572 62.2803
17.717083712612634 62.6918
17.739616967569667 62.82
17.762150914021706 63.4326
17.78486160749854 63.7035
17.807396945166804 64.4532
17.829932977143503 66.0446
17.85246970436452 68.4684
17.875183204129467 70.557
17.897721330097664 73.1561
17.920260154126645 75.7978
17.942799677153296 79.0507
17.9655159983646 82.8606
17.988056927677544 88.0018
18.010598558807683 94.5569
18.033140892692916 102.323
18.05586005052525 110.385
18.07840379824407 119.648
18.10094825154059 130.227
18.12366954819864 140.126
18.146215420998306 142.638
18.16876200220057 136.668
18.191309292745153 124.15
18.214033452627167 110.258
18.236582170236648 97.5724
18.259131600016456 90.9742
18.281681742907335 89.3536
18.304408781233683 91.8166
18.32696035875955 95.1344
18.349512652227624 99.0986
18.372065662579683 103.92
18.394795594587553 105.98
18.41735004715306 104.35600000000001
18.43990521943684 98.2408
18.46246111238171 89.0236
18.485193953325208 79.2924
18.507751296070428 71.9704
18.530309362314178 67.7266
18.552868153000343 65.2632
18.57560391815056 64.1863
18.59816416623245 63.5573
18.620725141597372 63.0048
18.643286845190268 62.3639
18.666025549835414 62.1202
18.688588718427933 61.5357
18.711152618092243 61.5472
18.73389353884365 61.168
18.75645890921984 60.4553
18.77902501351406 60.2042
18.801591852673102 60.4406
18.824335739722738 59.8494
18.846904057212626 59.6962
18.8694731124168 59.4571
18.89204290628315 59.388999999999996
18.914789774966803 59.0131
18.937361054791623 58.9239
18.959933076131318 58.6701
18.982505839934877 58.7628
19.00525570560582 58.8292
19.027829963004184 58.4811
19.05040496572238 58.9123
19.072980714710468 58.9725
19.095733592739563 59.2852
19.11831084296757 59.3691
19.140888842324735 60.005
19.16346759176222 60.1981
19.18622349753803 61.0174
19.208803755869358 61.9988
19.231384767143577 63.0948
19.253966532312948 64.3583
19.276725481241822 66.0177
19.29930876296784 67.9463
19.3218928014549 70.0778
19.34465404436217 72.3778
19.36723960516257 75.0621
19.389825925592426 76.7872
19.412413006605938 76.5662
19.43517731967805 74.0849
19.457765930683355 69.8186
19.48035530514408 65.4252
19.50294544401556 61.3876
19.525712842708348 58.5004
19.54830451925909 56.7764
19.570896963095727 55.787
19.593490175174704 55.5154
19.616260674962184 55.5363
19.638855432416964 55.2462
19.661450960992624 55.2963
19.68404726164677 55.3569
19.706820878021247 54.9308
19.729418731756834 55.2795
19.752017360452857 54.9915
19.77461676506804 55.3769
19.797393513540218 55.4962
19.819994478951667 55.8173
19.84259622316767 56.271
19.8651987471481 57.0974
19.887978643247177 57.1899
19.91058273574792 57.82
19.933187610901943 58.5532
19.955969879466828 59.6934
19.97857632894404 60.9626
20.00118356396599 62.3494
20.023791585494575 63.7881
20.046577028914875 65.9474
20.069186632506966 68.1166
20.091797025500632 70.0535
20.114408208858933 71.3433
20.137196842715273 71.9266
20.159809615886765 70.8542
20.18242318232135 68.3089
20.20503754298326 65.9916
20.227829382875154 64.2318
20.250445341109344 63.5859
20.27306209647285 63.6452
20.29567964993108 64.2811
20.31847471147704 65.5918
20.34109387027612 66.6236
20.363713830075454 66.6218
20.386334591841646 65.6288
20.409132890679302 63.2905
20.431755265564437 60.2302
20.454378445325528 57.2148
20.477002430930366 55.1013
20.499803982716553 53.7038
20.522429589228004 52.7987
20.54505600449589 52.2429
20.567683229489194 52.1971
20.590488049900088 51.8583
20.61311690359731 51.5293
20.63574656993626 51.4612
20.658553853717297 51.0155
20.681185154618298 51.0792
20.703817271080066 50.9869
20.72645020407368 50.5668
20.749260783967177 50.5599
20.771895359337133 50.6132
20.794530754161617 50.4064
20.817166969412938 50.2892
20.83998086114876 50.3627
20.86261872660049 50.1906
20.885257415405402 50.2276
20.90789692853701 50.1419
20.930714147864748 50.1768
20.953355319030678 50.0771
20.97599731745334 50.141999999999996
20.99864014410749 50.001999999999995
21.021460706796564 50.251000000000005
21.044105199328826 50.4881
21.06675052302631 50.5855
21.089396678865015 50.6915
21.112220600704806 51.1701
21.134868430275347 51.2599
21.15751709492456 51.4055
21.180166595629693 51.6386
21.202993892429635 51.9443
21.22564507473034 52.4054
21.24829709602816 53.0018
21.27112693608965 53.0049
21.293780644891275 53.2377
21.316435195634053 52.5159
21.339090589297417 51.6577
21.361923832041875 51.3109
21.384580921090404 50.357
21.407238856007325 50.0223
21.429897637773326 50.0265
21.45273429906592 49.9899
21.475394784108598 49.9567
21.498056118951983 49.9412
21.520718304578022 50.1695
21.543558400304388 50.3147
21.566222297108816 50.7326
21.58888704765135 50.9022
21.61155265291521 51.2066
21.63439619898156 51.6451
21.657063523335786 51.7936
21.67973170537063 52.3649
21.7024007460706 52.7879
21.72524775840385 53.6348
21.747918526116475 54.7124
21.770590155457388 55.8778
21.79326264741238 57.2487
21.816113141960237 58.6349
21.838787368860547 60.0526
21.861462461341976 61.7234
21.884315579735777 63.4157
21.90699241312273 64.9066
21.92967011506078 66.1521
21.95234868653799 66.2351
21.9752053151131 65.2676
21.997885635446785 63.4696
22.020566828293532 61.4111
22.04324889464272 59.5152
22.066109049404666 57.8251
22.088792872571794 57.0414
22.111477572219204 57.0878
22.1341631493376 57.408
22.157026846313123 57.3418
22.179714188221507 56.7235
22.202402410582668 55.8608
22.22509151438863 54.5099
22.24795876962584 53.1013
22.270649646204486 52.0617
22.293341407213727 51.1139
22.316034053646906 50.7192
22.338904883215342 50.3831
22.36159931041458 50.1934
22.38429462602756 50.2308
22.40699083104897 50.1039
22.429865251039757 50.0926
22.452563244831367 50.1844
22.47526213102522 50.2058
22.49813925616515 50.0734
22.520839937143307 49.9743
22.543541513520587 50.0192
22.56624398629403 50.013999999999996
22.589124730075895 49.9006
22.611829005656723 50.2016
22.63453418063466 50.13
22.657240256008077 50.4839
22.680124634582935 50.8364
22.70283252079775 51.1295
22.725541310413075 51.3683
22.74825100442868 51.532
22.771139033969575 52.0605
22.79385054687155 52.3053
22.81656296718292 53.0763
22.83927629590484 53.7262
22.862167992606945 54.5167
22.88488314827121 55.4362
22.907599215359284 56.2317
22.93031619487366 57.0258
22.953211574954405 57.8769
22.975930389478226 58.8371
22.998650119445763 59.2657
23.02137076586092 58.7751
23.044269845560063 57.6641
23.06699233506288 56.1908
23.089715744034912 54.2411
23.112617610931565 52.6309
23.135342869061212 51.3995
23.158069049684816 50.6469
23.1807961538087 50.2751
23.20370174880544 50.2679
23.226430710184808 50.4546
23.249160598093425 50.4862
23.271891413539002 50.5554
23.294800752937697 50.5345
23.31753343374794 50.7832
23.340267045128353 50.7254
23.36300158808808 51.2641
23.38591468821339 51.4767
23.408651104658304 51.9522
23.431388455719986 52.4785
23.454126742409 53.3426
23.4770436196085 54.2027
23.499783787914662 55.012
23.522524894889884 55.7792
23.54526694154616 56.3785
23.56818761219047 57.5505
23.59093154860734 58.3863
23.613676427751283 59.0392
23.636422250635754 58.5512
23.659346731118656 57.1431
23.68209445191868 55.4647
23.704843119509587 53.2769
23.72759273490623 51.153
23.750521041644767 49.5814
23.77327256312355 48.6411
23.796025035462787 47.9415
23.818956224555475 47.4136
23.841710609113413 47.2728
23.86446594758979 47.076
23.887222241002014 46.8607
23.910157285144578 46.5427
23.932915498962537 46.5914
23.955674670778713 46.3525
23.978434801611975 46.1739
24.001373717286125 45.9332
24.024135776723917 45.8518
24.046898798245582 45.8529
24.06966278287146 45.7553
24.092605586582614 45.446000000000005
24.115371508023642 45.3332
24.1381383956401 45.1368
24.16090625045381 45.2421
24.183852958731244 45.2119
24.206622758582608 45.0225
24.229393528706886 44.7654
24.252165270127392 44.9503
24.27511589952438 44.7635
24.297889594216997 44.7699
24.32066426328598 44.5596
24.34343990775613 44.6278
24.36639447485003 44.4051
24.38917208083877 44.3841
24.41195066531332 44.313
24.43490819850244 44.468999999999994
24.457688750692377 44.1474
24.48047028445616 44.0948
24.503252800821233 44.1996
24.526214300784112 44.1851
24.548998793132213 44.2269
24.57178427117417 44.2396
24.59457073593893 44.2567
24.617536219319863 44.1164
24.64032466834748 44.0768
24.663114107195035 43.9828
24.685904536893013 43.7927
24.708874020360852 43.7208
24.731666442613744 43.6734
24.754459858818787 43.5331
24.777254270007962 43.5748
24.80022777025625 43.4707
24.82302418230472 43.5223
24.845821592443674 43.4661
24.86862000170663 43.4756
24.891597535453727 43.397
24.914397953892728 43.6678
24.93719937456671 43.5563
24.96000179851076 43.582
24.98298338249997 43.8025
25.00578782394922 44.2124
25.028593271784167 44.2356
25.05157790644186 44.5684
25.07438537804115 44.5089
25.097193859145293 44.6122
25.120003350792075 44.9637
25.142992065061257 45.3593
25.165803588823465 45.6158
25.18861612625217 45.9035
25.211429678386736 45.9452
25.234422489079968 46.0849
25.257238081693636 45.9229
25.280054692141732 45.9858
25.3028723214652 45.8202
25.325869245420463 45.8815
25.348688923599397 46.0647
25.371509623787006 45.9919
25.394331347025812 45.7677
25.41733240110666 45.4308
25.440156181590016 44.8147
25.46298098826268 44.4275
25.48580682216873 43.8648
25.50881202326435 43.1095
25.53163992281684 42.6624
25.55446885274561 42.4434
25.577298814096377 42.1606
25.600308179121807 42.1043
25.623140214533745 42.21
25.64597328451537 42.1714
25.66898578564376 41.6554
25.691820936010206 41.7785
25.714657124097695 41.8031
25.737494350954734 41.7552
25.760511045684957 41.6704
25.783350361364224 41.6794
25.806190718969255 41.6641
25.82903211955018 41.7782
25.852053024868923 41.8239
25.874896522722523 41.8663
25.897741066713106 41.8183
25.920586657892454 41.9421
25.943611790812668 42.0877
25.966459487728237 42.0884
25.989308234998564 42.0999
26.01215803367705 42.4769
26.03518741123814 42.5091
26.05803932412957 42.5601
26.080892291600094 42.5457
26.10374631470478 42.7848
26.12677995397268 42.827
26.14963609978026 42.821999999999996
26.172493304397875 42.4803
26.19535156888223 42.4959
26.218389486949604 42.0226
26.241249882640123 41.7556
26.26411134137826 41.6059
26.28715248187403 41.4941
26.31001607820869 41.2406
26.3328807407756 41.175
26.35574647063438 41.3423
26.37879191991473 41.3405
26.401659795896734 41.3512
26.424528742360263 41.486999999999995
26.447398760366614 41.7519
26.470448535598294 41.8623
26.49332070826805 41.9808
26.516193955675355 42.2042
26.53906827888316 42.3977
26.562122397260108 42.446000000000005
26.584998883685063 42.5326
26.607876449110325 42.9547
26.63075509460056 43.1622
26.65381357334404 43.3398
26.67669439061878 43.3784
26.699576291163382 43.1823
26.722459276044212 43.1192
26.745522132402975 42.8445
26.768407297649354 42.5281
26.791293550442003 42.3164
26.814180891848974 41.9759
26.837248143099337 41.5372
26.860137673466657 41.5453
26.88302829566349 41.1806
26.90592001075963 41.2042
26.92899167420566 41.0974
26.951885586870763 40.6224
26.974780595655517 40.4941
26.99785558178161 40.3893
27.020752794605112 40.2318
27.043651106772522 40.0886
27.06655051935668 40.0714
27.089629948036183 39.8241
27.112531573292053 39.6729
27.135434302194138 39.7813
27.158338135817015 39.7025
27.181422024430987 39.806999999999995
27.204328079372566 39.72
27.22723524226965 39.6778
27.250143514198573 39.6531
27.273231880156334 39.5929
27.296142382065014 39.5588
27.319053996245536 39.492
27.341966723775965 39.6276
27.365059584515222 39.5644
27.38797455070062 39.547
27.410890633481237 39.4648
27.433807833936918 39.4108
27.456905206923906 39.6347
27.47982465472398 39.5851
27.502745223449743 39.6735
27.525666914182825 39.6796
27.548768816912457 39.6767
27.571692763693633 39.5301
27.59461783573812 39.554
27.617723149491244 39.2683
27.640650484125285 39.3541
27.66357894728264 39.3068
27.686508540048052 39.1823
27.709618414237887 39.021
27.732550278321757 39.0058
27.755483275279115 39.0602
27.778417406196485 38.9792
27.801531858397514 38.8755
27.824468269376716 38.9233
27.847405817586786 38.9773
27.870344504116094 39.2237
27.893463551932008 39.2362
27.916404527281053 39.4687
27.93934664422563 39.3842
27.962289903855886 39.5293
27.98541356491974 39.758
28.00835912214229 39.7208
28.03130582533231 39.9997
28.054253675581805 40.1493
28.077381967556104 40.2391
28.100332124185126 40.1446
28.123283431160893 39.9204
28.146235889577238 39.8099
28.169368830154156 39.5623
28.192323603752033 39.4541
28.215279532083304 39.3219
28.238415973016764 39.0507
28.261374223145094 38.8492
28.284333631303806 38.6061
28.307294198589954 38.5423
28.330435319167677 38.1952
28.353398217078915 38.0099
28.376362277420153 37.8168
28.39932750129032 37.5534
28.422473319286713 37.3833
28.44544088262495 37.45
28.468409612800283 37.2539
28.491379510913497 37.0496
28.51453004413313 36.9833
28.53750229057244 36.9765
28.56047570826344 36.8962
28.583450298308804 36.8628
28.606605564586562 36.6744
28.629582511831156 36.724000000000004
28.65256063474956 36.6473
28.675539934446338 36.6292
28.698699951647605 36.5268
28.72168161743193 36.4197
28.74466446331978 36.4501
28.767648490417624 36.4203
28.790813276438353 36.3012
28.813799678527303 36.4096
28.836787265157085 36.2944
28.859955641890075 36.3596
28.882945610203045 36.3858
28.905936766392035 36.306
28.928929111566863 36.2793
28.952102288520145 36.2473
28.975097024308607 36.1745
28.998092952423807 36.0258
29.021090073977508 35.8596
29.04426806913204 35.8216
29.067267590245258 35.6859
29.090268308143695 35.6047
29.11327022394099 35.5018
29.13645305530891 35.4499
29.159457379627167 35.4499
29.18246290519685 35.3001
29.20546963313352 35.2979
29.22865731875826 35.265
29.25166646419296 35.3347
29.27467681535305 35.1226
29.29768837335608 35.2447
29.320880931312562 35.2129
29.34389491580634 35.1054
29.366910110507334 35.1555
29.38992651653503 35.1105
29.41312396492981 35.0898
29.436142806456754 35.0595
29.45916286268059 34.9713
29.48236399319994 34.8559
29.50538649169417 34.7031
29.528410208259935 34.6879
29.55143514402014 34.4817
29.574641196749695 34.3095
29.597668583816574 34.208
29.6206971934585 34.1035
29.64372702680042 34.1403
29.666938019934474 33.9866
29.689970313635285 33.9497
29.713003834422636 33.8823
29.73603858342347 33.8111
29.759254535188578 33.798
29.78229175361658 33.7397
29.80533020365064 33.8756
29.82836988641968 33.8213
29.85159081507472 33.7229
29.874632976355343 33.6024
29.89767637376955 33.7267
29.920721008448314 33.5106
29.9439469322847 33.4928
29.96699405457564 33.5438
29.9900424175358 33.4359
30.013092022298157 33.4637
30.03632295963995 33.2907
30.059375061131373 33.3183
30.08242840783577 33.4169
30.105483000888153 33.3308
30.128718970092244 33.3082
30.151776069006917 33.3063
30.17483441768648 33.2874
30.198074175317235 33.282
30.221135036724256 33.2755
30.24419715131772 33.1617
30.267260520236203 33.1145
30.290505341942243 33.1874
30.313571232750228 33.2348
30.336638381310948 33.205999999999996
30.35970678876503 33.1893
30.38295669299435 33.061
30.40602763151657 33.1011
30.429099832366074 33.0962
30.452173296685572 32.9857
30.47542830191959 33.0398
30.498504306502497 32.975
30.521581577995562 32.9921
30.544660117543582 33.0216
30.56792024229725 33.1527
30.59100133132069 33.096
30.614083691845494 33.0423
30.637167325018545 33.0312
30.660432587840603 33.0909
30.683518779717886 33.0553
30.70660624769615 33.1819
30.729694992924372 33.049
30.75296541239743 33.0636
30.77605672557558 32.9163
30.799149319462742 32.8852
30.8224236211637 32.8552
30.845518789950724 32.7357
30.868615242910597 32.7182
30.891712981195973 32.5556
30.91499247215866 32.4492
30.938092794619365 32.4021
30.96119440587579 32.36
30.984297307082752 32.1968
31.00758200598383 32.225
31.030687500658694 32.171
31.053794288760695 32.1171
31.076902371446767 31.8883
31.100192296997445 31.9647
31.12330298246119 31.9024
31.14641496599209 31.8805
31.169528248749216 31.8005
31.19282341969534 31.733
31.215939314557186 31.8439
31.239056512134788 31.8663
31.262175013589378 31.7894
31.28547544871168 31.6191
31.30859657161541 31.6487
31.331719001892175 31.7484
31.35484274070538 31.840999999999998
31.378148458819545 31.6514
31.401274828443725 31.6495
31.424402510106933 31.6534
31.447712205419993 31.8463
31.470842524931633 31.7262
31.493974159989783 31.5901
31.51710711176168 31.6001
31.54042212308802 31.6404
31.563557722100917 31.5728
31.586694641341655 31.4804
31.609832881979628 31.3067
31.63315322823208 31.2474
31.656294125521327 31.1583
31.679436347728515 31.1492
31.70257989602529 31.0745
31.725905596152327 31.0065
31.74905181052835 30.9805
31.772199354521323 30.9798
31.79534822930507 30.9739
31.818679302290967 30.9966
31.84183085259981 30.9738
31.864983737233473 31.0248
31.88813795736804 31.0575
31.911474422233013 30.8999
31.934631327356435 30.9016
31.9577895715215 30.8065
31.980949155906522 30.8428
32.004291031706956 30.8617
32.027453310562606 30.7032
32.05061693318573 30.5788
32.07396288236386 30.5918
32.09712920658542 30.5485
32.12029687812702 30.4864
32.14346589817093 30.4077
32.166817291729984 30.3254
32.18998902288583 30.2907
32.21316210610336 30.2394
32.23633654256711 30.0574
32.259693399663725 30.13
32.282870556771144 29.8682
32.30604907069099 29.9745
32.329228942610065 29.9104
32.35259128243769 29.7864
32.375773884550505 29.7775
32.398957848235646 29.706
32.422143174682176 29.6984
32.445511016471215 29.587
32.468699082679954 29.5001
32.49188851523011 29.4541
32.51507931531304 29.4781
32.538452678331 29.4716
32.56164622776311 29.3632
32.58484114831493 29.2662
32.60803744118015 29.2261
32.631416344731896 29.2872
32.654615396551876 29.2331
32.67781582427913 29.264
32.701198898634416 29.124000000000002
32.72440209253756 29.0572
32.747606665947124 29.0604
32.77081262006088 28.9156
32.79420126883317 28.921999999999997
32.81740999876112 28.9456
32.840620112999424 28.7765
32.86383161274818 28.8038
32.88722585534586 28.7855
32.91044014056596 28.7668
32.933655814909734 28.7681
32.95687287957963 28.7294
32.98027273544904 28.6644
33.00349259526636 28.6001
33.026713849030116 28.7402
33.04993649794511 28.6524
33.073341986570746 28.5557
33.09656744032826 28.5685
33.11979429286444 28.5303
33.14302254538647 28.4928
33.166433686291185 28.5167
33.18966475336992 28.4327
33.212897224069096 28.2651
33.23613109959831 28.3599
33.259547912343415 28.2814
33.2827846121627 28.323
33.306022720453775 28.2103
33.32926223842861 28.1218
33.352684742614166 28.1562
33.37592709463173 28.1167
33.399170859982064 28.0287
33.422597648419426 28.0152
33.44584425514446 27.875999999999998
33.46909227885668 27.8274
33.4923417207723 27.7585
33.51577423505344 27.7632
33.539026528130385 27.6958
33.56228024307245 27.6676
33.585535381098246 27.513
33.60897364093058 27.4833
33.63223163992385 27.4316
33.6554910656699 27.5277
33.678751919389796 27.4304
33.702195944520106 27.3341
33.72545966903325 27.3395
33.74872482519663 27.2125
33.771991414233746 27.2801
33.79544122444841 27.1797
33.81871069412428 27.116
33.84198160035767 27.0486
33.86525394437455 27.0825
33.88870955949969 26.987
33.911984794020626 26.9818
33.93526147001624 26.9349
33.958539588715006 26.9164
33.98200102861669 26.8558
34.0052820477047 26.7539
34.02856451319451 26.7843
34.05203033759056 26.7147
34.07531571090147 26.7036
34.09860253431845 26.662
34.121890809074316 26.6295
34.145362493118924 26.608
34.16865368561615 26.5268
34.191946333164054 26.4833
34.21524043699793 26.4856
34.23871800066799 26.4309
34.26201503218366 26.3343
34.28531352370466 26.3271
34.30861347646881 26.2548
34.33209693978188 26.1856
34.3553998301885 26.1295
34.378704185565205 26.1021
34.402010007152356 26.0278
34.42549939016683 26.0823
34.44880815937748 25.9566
34.472118398533134 25.9937
34.49543010887669 25.9397
34.51892543169198 25.8144
34.54224009966052 25.8824
34.56555624255917 25.8501
34.58887386163339 25.8076
34.61237514439016 25.6069
34.6356957311114 25.5816
34.65901779775809 25.6831
34.68252356662995 25.5909
34.705848608458616 25.5326
34.72917513396849 25.4681
34.75250314440949 25.3981
34.77601490857862 25.351999999999997
34.799345904259795 25.3083
34.82267838863559 25.4036
34.846012362958525 25.4196
34.869530142679984 25.2809
34.89286711232212 25.3354
34.91620557568269 25.2401
34.93954553401677 25.2114
34.9630693495876 25.2196
34.986412313340814 25.1503
35.00975677584668 25.1448
35.033102738362956 25.0714
35.05663261012228 25.0313
35.0799815881786 24.9757
35.10333207003229 24.9873
35.12668405694369 24.9891
35.150220005273056 24.9898
35.17357501786656 24.8687
35.19693153931268 24.8409
35.220289570874385 24.8262
35.24383161619786 24.829
35.267192683604904 24.8019
35.290555264930376 24.7339
35.314101899412165 24.6757
35.33746752422433 24.7062
35.36083466676374 24.754
35.38420332829803 24.6799
35.407756095629054 24.6803
35.43112781085063 24.7186
35.45450104888391 24.5763
35.477875810999194 24.570999999999998
35.50143473172161 24.4645
35.52481255774625 24.5234
35.54819191167777 24.4345
35.57157279478914 24.3591
35.595137889488406 24.4017
35.61852184675279 24.2938
35.641907337029984 24.2506
35.665294361595684 24.2624
35.68886565090076 24.1427
35.7122557598848 24.0862
35.73564740699838 24.1877
35.759040593519934 24.1102
35.78261809810353 24.1534
35.80601437933051 24.0054
35.829412203814705 23.9222
35.85281157283719 23.8919
35.876395313415884 23.9454
35.8997977874528 23.8459
35.92320180988546 23.854
35.946790244133936 23.7362
35.97019737933222 23.8013
35.993606066789866 23.74
36.01701630779276 23.6478
36.04061101440684 23.6319
36.06402437852291 23.6257
36.08743930005611 23.6057
36.1108557802951 23.5117
36.13445678011326 23.5652
36.15787639383515 23.506999999999998
36.18129757014299 23.4019
36.20472031032821 23.3791
36.22832762423364 23.3638
36.25175350829375 23.2587
36.275180960119776 23.2195
36.298609981005924 23.3386
36.32222362992669 23.2174
36.34565580510207 23.1795
36.36908955323448 23.1818
36.39252487562093 23.0341
36.416144880530226 23.0131
36.43958336764275 23.0143
36.463023432914625 23.0522
36.486465077645676 22.9067
36.51009145956204 22.9852
36.53353627947859 22.96
36.55698268276811 23.0039
36.58043067073321 22.8647
36.60406345072071 22.8271
36.62751462435344 22.8128
36.65096738658405 22.816
36.67460498210655 22.7185
36.69806093788647 22.7041
36.72151848619297 22.5932
36.744977628333636 22.6604
36.76862165890998 22.5638
36.79208400512205 22.6173
36.81554794910557 22.5235
36.83901349217101 22.4664
36.862663978991606 22.4413
36.88613273667352 22.4358
36.90960309738324 22.4581
36.933075062434064 22.2793
36.95673202673572 22.2609
36.98020721697122 22.2097
37.003684015502365 22.1711
37.027162423645365 22.1167
37.050825886711465 22.1552
37.07430753063053 22.0949
37.09779078812467 22.0189
37.121275660513014 22.0637
37.144945643673694 21.9962
37.16843376245278 21.9585
37.19192350009803 21.9934
37.215414857931435 21.8555
37.239091382563885 21.8257
37.262585997426164 21.8174
37.28608223645736 21.8281
37.309763684451696 21.8087
37.33326318851098 21.7186
37.356764320726555 21.7549
37.380267082425526 21.7255
37.40395510942588 21.750999999999998
37.42746114683234 21.6019
37.45096881771841 21.5729
37.474478123414166 21.5134
37.49817275092816 21.5126
37.52168534303452 21.4735
37.54519957395567 21.3984
37.568715445024665 21.4091
37.592416694607714 21.3086
37.61593586281424 21.3439
37.63945667518264 21.3522
37.66297913304891 21.2884
37.68668702630454 21.2389
37.710212792059274 21.2387
37.733740207334854 21.1828
37.757269273470364 21.1171
37.780983832050374 21.0384
37.80451621684926 21.0688
37.82805025654007 21.0188
37.851585952464795 21.0018
37.8753071980695 20.9248
37.89884622345676 20.8692
37.92238690911902 20.9116
37.94611318753442 20.8486
37.969657210779765 20.7636
37.99320289834801 20.7714
38.016750251586465 20.7041
38.04048325513017 20.6772
38.06403395679343 20.6694
38.087586328183946 20.67
38.11114037065203 20.666999999999998
38.13488012115898 20.5996
38.1584375229181 20.5202
38.181996599821 20.5372
38.205557353221124 20.4943
38.229303872575656 20.499000000000002
38.2528679961576 20.5214
38.27643380031219 20.4178
38.30000128639589 20.2856
38.32375459653193 20.285
38.34732546371299 20.2924
38.37089801690786 20.28
38.39447225747609 20.2709
38.418232380377425 20.1815
38.441810012983396 20.1761
38.46538933705673 20.1038
38.488970353960084 20.1132
38.51273731166058 20.0982
38.536321731567014 19.9908
38.55990784840681 19.9667
38.58367995004091 19.9181
38.60726947812959 19.8565
38.63086070726198 19.9008
38.654453638806274 19.9152
38.678232613930824 19.8791
38.70182896773327 19.6924
38.72542702806741 19.7379
38.7490267963045 19.7649
38.77281266709232 19.7246
38.79641586862214 19.7116
38.8200207821842 19.6128
38.843627409152944 19.6409
38.86742019782782 19.6396
38.891030269149255 19.5846
38.914642058016156 19.5175
38.938255565806124 19.4752
38.96205529464307 19.4534
38.98567225787121 19.4512
39.00929094417078 19.43
39.03291135492255 19.4213
39.05671804624804 19.3736
39.080341923549106 19.2941
39.103967529460334 19.2574
39.127594865365744 19.1895
39.15140854155791 19.1726
39.17503935514948 19.1759
39.19867190290282 19.1662
39.22249083587951 19.1548
39.24612686969409 19.1745
39.269764641845306 19.1058
39.293404153722804 19.102
39.317230110864074 19.0001
39.34087311998506 18.9675
39.36451787301696 18.9566
39.388164371352595 18.9642
39.41199737518003 18.8981
39.43564738196752 18.8196
39.45929913825317 18.8043
39.48295264543308 18.7728
39.506792718520884 18.729
39.530449745387216 18.6734
39.55410852735203 18.6805
39.57776906581474 18.7136
39.60161623079 18.6226
39.625280300200025 18.6721
39.64894613032202 18.5982
39.67261372255866 18.6039
39.6964680021016 18.6058
39.72013913657293 18.5628
39.74381203738292 18.5103
39.76748670593756 18.5064
39.79134812278169 18.5349
39.81502634488497 18.4035
39.83870633896685 18.3697
39.862388106436654 18.3083
39.88625668336918 18.3347
39.90994201572829 18.2933
39.933629125719285 18.21
39.957503091207826 18.1976
39.9811937746168 18.2106
40.00488623990914 18.202
40.02858048850006 18.1013
40.05246165409549 18.0784
40.076159487492085 18.0593
40.099859108448875 18.0811
40.123560518384345 18.0124
40.1474489070226 18.0059
40.171153913178564 17.9128
40.194860712584955 17.8587
40.2185693066637 17.887
40.242464941335314 17.8353
40.26617714307655 17.8439
40.289891143772046 17.8286
40.3136069448471 17.7779
40.33750984859743 17.8209
40.3612292688043 17.7311
40.3849504936829 17.7345
40.40867352466194 17.7396
40.43258372059144 17.7389
40.45631038219906 17.6824
40.48003885420956 17.5624
40.503769138055105 17.5632
40.52768664931955 17.4879
40.55142057531802 17.5193
40.57515631746428 17.4603
40.599079334038514 17.4982
40.62281872700477 17.4342
40.64655994043941 17.3193
40.67030297578061 17.3357
40.69423334835778 17.2646
40.71798004609188 17.2865
40.74172857006355 17.2651
40.76547892171441 17.2425
40.7894166736039 17.2576
40.813170699248566 17.2074
40.83692655691388 17.1863
40.86068424804498 17.1994
40.884629402612525 17.1325
40.908390779366385 17.1557
40.932153993938 17.087
40.95591904777605 17.0965
40.979871628443995 17.0824
41.003640379561936 17.0027
41.02741097430883 16.9242
41.05118341413683 16.9537
41.075143444384416 16.9017
41.098919593177826 16.8779
41.1226975914255 16.854
41.14647744058318 16.7931
41.170444943946755 16.835
41.19422851378379 16.8436
41.218013938914645 16.7825
41.24198706625173 16.6909
41.26577622087193 16.6722
41.289567235177785 16.6859
41.31336011063129 16.6361
41.337340752422875 16.6113
41.361137369129835 16.5772
41.38493585138705 16.5276
41.40873620066004 16.4877
41.43272438060107 16.4884
41.45652848292052 16.4455
41.48033445666918 16.447
41.50414230331616 16.4132
41.528138045159764 16.4046
41.551949656675205 16.3009
41.575763145513235 16.3039
41.59957851314666 16.2691
41.62358184070442 16.2606
41.64740098505737 16.2176
41.6712220126409 16.2305
41.69504492493139 16.1879
41.71905586207357 16.1329
41.74288256296395 16.1228
41.766711153007456 16.1336
41.79054163368412 16.0712
41.814560204340054 16.0586
41.838394485526365 16.0528
41.86223066180303 16.0146
41.88625497706819 15.9718
41.910094962812 15.9705
41.93393684811168 15.8658
41.95778063445365 15.8422
41.981812625263366 15.825
42.00566023303407 15.8307
42.029509746323676 15.8233
42.05336116662236 15.7842
42.077400857069705 15.7554
42.10125611078846 15.7301
42.12511327600405 15.6109
42.14897235421036 15.6746
42.173019768448455 15.7192
42.19688269209613 15.6188
42.22074753323349 15.6074
42.24461429335818 15.5807
42.268669455600495 15.5492
42.292540073217886 15.4742
42.31641261433284 15.5136
42.34028708044675 15.4482
42.36435001496739 15.4472
42.38822835065557 15.4583
42.41210861586426 15.3672
42.4359908120986 15.3694
42.46006154323262 15.3081
42.48394762115317 15.2952
42.507835634632315 15.2787
42.531912233047436 15.3032
42.55580413732265 15.2399
42.579697981698 15.202
42.60359376768525 15.1679
42.62767820545945 15.135
42.65157789440821 15.1526
42.67547952952185 15.1133
42.699383112316 15.0666
42.72347541395347 15.0411
42.74738291190531 15.0339
42.771292362102166 15.0405
42.795203766063516 14.9711
42.819303956130405 14.9036
42.843219287476536 14.9067
42.86713657716324 14.9501
42.89105582671383 14.9111
42.91516392983864 14.8389
42.939087119032166 14.85
42.963012272677304 14.7638
42.98693939230129 14.7623
43.01105543317513 14.6945
43.034986504731386 14.727
43.05891954686589 14.7099
43.08285456110972 14.6598
43.10697856448665 14.6466
43.130917542983475 14.6029
43.15485849820081 14.5417
43.17880143167367 14.5575
43.20293342237094 14.5308
43.226880332449 14.5029
43.25082922540554 14.4997
43.27496722682525 14.4691
43.29892010567796 14.397
43.32287497204102 14.4153
43.34683182745632 14.3973
43.370977859791836 14.384
43.39493871351105 14.3392
43.41890156092628 14.3154
43.44286640358341 14.2821
43.46702049182749 14.2913
43.49098934522816 14.2803
43.51496019852649 14.2023
43.5389330532723 14.2143
43.56309522248204 14.163
43.58707210044314 14.1419
43.61105098451946 14.0953
43.63503187626491 14.0868
43.659202151562134 14.0256
43.68318707902681 14.0827
43.70717401884041 14.0456
43.731162972560874 13.946
43.75534137913236 13.9633
43.779334381108384 13.9505
43.803329401683186 13.9258
43.82732644241872 13.9101
43.8515130055166 13.9086
43.87551410707659 13.8628
43.89951723350145 13.9146
43.923709934595614 13.8151
43.94771713129917 13.8396
43.97172635758096 13.7886
43.99573761501002 13.7499
44.0199385169922 13.6756
44.04395385732619 13.7362
44.067971233533086 13.6965
44.09199064718605 13.6274
44.11619977548961 13.6098
44.14022328470671 13.5678
44.16424883610785 13.5553
44.18827643127035 13.5851
44.21249381139513 13.5386
44.236525514814076 13.4816
44.26055926674478 13.4998
44.28459506876863 13.4582
44.3088207262813 13.4696
44.33286064928722 13.4614
44.35690262714919 13.3802
44.38094666145278 13.3541
44.4051806219871 13.3503
44.42922879003185 13.3055
44.45327901929361 13.2921
44.477331311362136 13.2588
44.501573600619416 13.238
44.525630039221795 13.1828
44.54968854541895 13.1827
44.573937102200176 13.1782
44.5979997645541 13.1748
44.622064499300315 13.1215
44.64613130803592 13.0939
44.67038823869318 13.1666
44.69445921643748 13.0809
44.718532272981385 13.0363
44.742607409926194 13.0098
44.76687274034801 12.9723
44.79095205918753 12.9548
44.81503346325094 12.9624
44.839116954143876 12.9074
44.86339071028742 12.9026
44.88747839599524 12.8806
44.91156817336837 12.8455
44.93566004401666 12.8309
44.959942251908146 12.8164
44.984038330325966 12.7909
45.00813650686762 12.7516
45.03223678314731 12.7125
45.05652746888232 12.7088
45.08063196592069 12.6955
45.104738567558705 12.6636
45.128847275414856 12.665999999999999
45.15314646515866 12.6108
45.17725940679741 12.5691
45.20137445952892 12.5697
45.22568004865265 12.539000000000001
45.24979934496396 12.5187
45.27392075725247 12.5051
45.29804428714431 12.4992
45.322358426247604 12.4733
45.346486212804315 12.4448
45.370616121861914 12.4299
45.39474815505086 12.4705
45.41907087049246 12.3332
45.4432071734666 12.3195
45.46734560548283 12.3486
45.49148616817604 12.3284
45.51581748638564 12.2808
45.5399623320197 12.284
45.56410931325473 12.2289
45.58825843173002 12.2458
45.61259837920865 12.2199
45.636751793816 12.2123
45.66090735060093 12.1889
45.68506505120716 12.1501
45.7094136545275 12.1012
45.73357566449271 12.0416
45.75773982322992 12.075999999999999
45.78190613238733 12.0516
45.806263418194064 12.0079
45.83043404997326 12.0427
45.85460683713677 11.9717
45.87897065658495 11.9769
45.90314777634752 11.9606
45.92732705646868 11.9662
45.9515084986045 11.9338
45.97588104735473 11.8431
46.00006683541565 11.8374
46.02425479047904 11.8492
46.04844491420549 11.8349
46.0728262191024 11.8266
46.09702070211635 11.7949
46.12121735879483 11.734000000000002
46.14541619080294 11.7638
46.169806278764455 11.705
46.194009483459034 11.6836
46.21821486849841 11.6627
46.24242243555223 11.6539
46.266821333570014 11.6347
46.29103328674601 11.5555
46.31524742696538 11.5669
46.33946375590237 11.5899
46.36387149104216 11.5751
46.38809221957392 11.5164
46.41231514186606 11.5134
46.436540259597464 11.4882
46.460956858999374 11.4374
46.48518638983522 11.447000000000001
46.509418121166966 11.4106
46.533652054678114 11.4195
46.55807754555709 11.4443
46.58231590571962 11.3862
46.60655647313217 11.3319
46.630988654873654 11.2867
46.655233659129024 11.2714
46.67948087571551 11.2782
46.70373030632484 11.2365
46.72817142736393 11.2165
46.752425308428684 11.254000000000001
46.77668140861147 11.1889
46.80093972960865 11.1342
46.82538981736788 11.1299
46.849652602470904 11.1334
46.87391761349769 11.0942
46.8981848521493 11.0486
46.9226439341274 11.0422
46.946915650573224 10.9774
46.97118959976749 11.0342
46.99546578341598 11.0154
47.019933887188216 10.9679
47.04421456235744 10.9243
47.06849747711879 10.9491
47.09278263318286 10.8921
47.11725978640143 10.9005
47.14154944775105 10.889000000000001
47.165841355555656 10.8795
47.1901355115306 10.8555
47.214621741924994 10.8388
47.23892041698887 10.7955
47.26322134538975 10.7942
47.28771440635075 10.7745
47.31201986422527 10.7635
47.33632758061436 10.728
47.360637557241866 10.7003
47.38513974410611 10.6943
47.40945426407847 10.6464
47.43377104948137 10.6447
47.45809010204344 10.6411
47.48260144275502 10.6125
47.506925052572285 10.5973
47.53125093475548 10.5446
47.55557909103813 10.5541
47.58009961361992 10.5162
47.60443234110732 10.4802
47.62876734791564 10.4781
47.65310463578333 10.4563
47.6776343683373 10.46
47.7019762413987 10.4075
47.72632040075572 10.3802
47.75066684815169 10.3987
47.77520581885936 10.3783
47.799556865477655 10.2853
47.823910205386 10.3263
47.84826584033272 10.305
47.87281407745551 10.2747
47.89717432569297 10.2523
47.92153687423484 10.2929
47.94609208429692 10.2316
47.97045925671401 10.2357
47.99482873471275 10.1785
48.01920052005013 10.2021
48.04376504619224 10.1489
48.068141469543484 10.142000000000001
48.09252020552573 10.1512
48.11690125590099 10.1364
48.1414751266064 10.0706
48.16586082917454 10.0892
48.19024885144316 10.0826
48.2146391951793 10.0339
48.239222439012764 10.0307
48.26361744916137 10.0146
48.28801478610016 9.98875
48.31241445160131 9.99349
48.337007097209366 9.94386
48.36141144338331 9.93068
48.38581812345755 9.893839999999999
48.41022713920929 9.87146
48.434829215320704 9.89445
48.45924292604658 9.85989
48.48365897780325 9.872489999999999
48.50807737237308 9.86213
48.532688907799276 9.82349
48.55711201168574 9.784839999999999
48.581537463754074 9.74318
48.60615611725119 9.7242
48.63058628942721 9.71027
48.65501881516546 9.70009
48.6794536962573 9.739410000000001
48.70408185970339 9.71043
48.72852147531801 9.66497
48.75296345168211 9.67302
48.77740779059232 9.62841
48.80204549302823 9.60644
48.82649458091802 9.573369999999999
48.85094603676547 9.55242
48.87539986237231 9.5272
48.90004713292306 9.53157
48.92450572200832 9.549380000000001
48.94896668628025 9.51713
48.97343002754588 9.50818
48.99808689542115 9.49967
49.02255501470614 9.4845
49.04702551642794 9.49083
49.0714984023988 9.41382
49.096164896893235 9.412980000000001
49.120642575466796 9.336260000000001
49.145122643748394 9.35891
49.16960510355558 9.30461
49.19428125404938 9.310369999999999
49.2187685210852 9.31321
49.243258185121555 9.29303
49.26794160167084 9.245610000000001
49.2924360839405 9.24542
49.31693296869764 9.237039999999999
49.34143225776915 9.19443
49.36612538195438 9.18817
49.39062950396021 9.201260000000001
49.41513603578346 9.145380000000001
49.4396449792564 9.101289999999999
49.46434784069503 9.13275
49.488861631846454 9.0676
49.513377840166804 9.070219999999999
49.537896467493745 9.06574
49.56260909589029 9.04955
49.587132585683285 9.04672
49.611658500018365 8.99892
49.636186840738596 8.9679
49.66090926588511 8.97638
49.685442483902584 8.98586
49.70997813385706 8.9542
49.734516217597076 8.933639999999999
49.75924846937352 8.945780000000001
49.7837914452858 8.90485
49.80833686055187 8.8635
49.83288471702571 8.88336
49.85762682540054 8.85721
49.882179588965734 8.83756
49.9067347993235 8.81296
49.93129245833333 8.77513
49.95604445336378 8.80797
49.98060703442832 8.75953
50.005172069746266 8.73755
50.02993150438364 8.752880000000001
50.05450147301533 8.75632
50.07907390151433 8.71205
50.10364879174981 8.701130000000001
50.12841816587289 8.65639
50.1529980044635 8.654
50.17758031042124 8.620610000000001
50.20216508562089 8.63592
50.22694442953363 8.5928
50.25153416817468 8.53646
50.27612638170508 8.57025
50.300721072005196 8.535160000000001
50.325510416102105 8.54804
50.350110084975064 8.50276
50.37471223628208 8.509689999999999
50.39931687190919 8.48602
50.424116246675766 8.47658
50.44872587605249 8.46578
50.47333799543065 8.41351
50.49795260670191 8.4059
50.52276204271512 8.40537
50.54738166295838 8.40117
50.57200378079314 8.38475
50.596628398116835 8.3631
50.62144792604559 8.34861
50.646077567609396 8.3237
50.670709714377715 8.310130000000001
50.69553683636198 8.32884
50.72017401885922 8.279869999999999
50.7448137122895 8.27022
50.76945591856022 8.242510000000001
50.79429318636823 8.223930000000001
50.818940443716784 8.23354
50.84359021965163 8.19685
50.868242516085964 8.19134
50.893089960641895 8.155669999999999
50.917747323549435 8.14064
50.94240721271973 8.1504
50.96706963007175 8.11207
50.99192728239342 8.07881
51.01659478166073 8.07823
51.04126481489051 8.09136
51.06593738400761 8.0649
51.090805275207074 8.06798
51.11548294172845 8.02086
51.14016314993547 8.01003
51.164845901758845 7.99063
51.18972406304274 7.981910000000001
51.21441192780656 7.942189999999999
51.23910234200271 7.939310000000001
51.2637953075678 7.92772
51.288683770237945 7.90464
51.31338186432707 7.890160000000001
51.33808251561888 7.84081
51.362978729967345 7.85353
51.387684521509755 7.85775
51.41239287610203 7.819
51.437103795691165 7.77128
51.46201036644977 7.77986
51.486726441956634 7.770010000000001
51.51144508832545 7.784110000000001
51.536166307509156 7.74982
51.56108326624387 7.734089999999999
51.58580965706056 7.724260000000001
51.61053862657523 7.69032
51.635270176746864 7.66811
51.66019755512065 7.666710000000001
51.68493429268881 7.662739999999999
51.70967361681515 7.60565
51.73441552946465 7.6024199999999995
51.759353359237934 7.59876
51.7841004750961 7.61026
51.80885018539685 7.57287
51.833602492111254 7.5422899999999995
51.8585508051424 7.54281
51.883308330926425 7.5289
51.90806845906181 7.49383
51.932831191525715 7.50385
51.95779001977161 7.486089999999999
51.98255798721516 7.42127
52.00732856494335 7.468369999999999
52.03229530577543 7.40418
52.057071130455945 7.4034699999999996
52.081849571391054 7.373639999999999
52.106630630568695 7.35343
52.13160794279417 7.327210000000001
52.15639426492067 7.349310000000001
52.18118321127822 7.344930000000001
52.205974783860896 7.369680000000001
52.23096269971011 7.29692
52.255759551287994 7.28626
52.280559035098186 7.27447
52.30536115314103 7.220839999999999
52.33035970494467 7.25374
52.35516711807904 7.212739999999999
52.37997717147198 7.21673
52.40478986713005 7.20897
52.42979908731974 7.1742
52.454617094216 7.15154
52.47943774942214 7.15642
52.50426105495102 7.130380000000001
52.529280976059844 7.129910000000001
52.554109609024096 7.16257
52.57894089837482 7.091239999999999
52.60377484613117 7.049989999999999
52.62880550079408 7.073460000000001
52.65364479223379 7.05465
52.67848674816189 7.041460000000001
52.70352547971946 7.018439999999999
52.72837279155837 7.018689999999999
52.753222773982785 7.022360000000001
52.778075429022984 7.000089999999999
52.80312495150885 6.9862
52.827982978797436 6.9551300000000005
52.85284368481815 6.91281
52.87770707160767 6.87177
52.90276741793998 6.89722
52.92763619336701 6.88115
52.952507655698504 6.90707
52.977381806977576 6.88041
53.00245301017842 6.8743
53.02733256653592 6.8233
53.052214817996074 6.768910000000001
53.077099766608484 6.78558
53.102181859804446 6.78269
53.127072229988265 6.77383
53.15196530349892 6.759580000000001
53.17686108239249 6.7470300000000005
53.20195409881522 6.6984
53.22685531582556 6.71933
53.25175924441303 6.69004
53.27666588664027 6.7130399999999995
53.30176985962693 6.65225
53.3266819565689 6.6692800000000005
53.35159677336455 6.65954
53.376514312083096 6.6223600000000005
53.40162927507703 6.62408
53.42655228516116 6.612939999999999
53.45147802340193 6.6017399999999995
53.47660125628886 6.61676
53.50153247842639 6.586189999999999
53.52646643496923 6.517
53.55140312799818 6.562
53.576537409691696 6.49665
53.60147960336152 6.48971
53.626424539786164 6.50667
53.65137222105307 6.45936
53.67651758529126 6.45498
53.70147078399681 6.4391
53.72642673383343 6.40988
53.75138543689533 6.43395
53.776541917524526 6.40868
53.801506154876755 6.3798
53.826473151763246 6.33252
53.851442910284916 6.36113
53.87661054126026 6.31923
53.9015858509782 6.3231
53.92656392866066 6.31963
53.95154477641532 6.32205
53.976723591801296 6.28909
54.00171000771266 6.26651
54.02669920004598 6.25777
54.051691170915745 6.22812
54.076881204886796 6.2464
54.101878760928514 6.23079
54.12687910187696 6.21734
54.152077577768296 6.2217400000000005
54.1770835166946 6.19996
54.20209224691339 6.18361
54.22710377055121 6.1455400000000004
54.25231352511594 6.09884
54.27733066384342 6.05361
54.30235060239643 6.1264199999999995
54.32737334290836 6.07803
54.35259441062629 6.05286
54.377622783395324 5.97499
54.40265396455061 6.0196
54.42768795623251 6.01979
54.45292037169559 6.0065599999999995
54.477960012857906 6.0002
54.50300247099511 5.925730000000001
54.52804774825457 5.924580000000001
54.55329154616743 5.92678
54.57834249018678 5.94142
54.6033962597977 5.89958
54.6284528571545 5.8695900000000005
54.653708072335164 5.829619999999999
54.67877035378786 5.81594
54.70383546947698 5.77749
54.72890342156389 5.7678199999999995
54.7541700889442 5.72275
54.77924374251975 5.69908
54.8043202390049 5.73157
54.82959552413022 5.70335
54.8546777351945 5.690259999999999
54.87976279569621 5.66827
54.90485070780914 5.67952
54.930137506558005 5.58565
54.95523115074295 5.57662
54.98032765308844 5.57642
55.005427015775496 5.54379
55.03072536339621 5.57395
55.05583047570572 5.5591
55.080938454927676 5.58889
55.10604930325027 5.5355300000000005
55.131359235107396 5.50127
55.15647585066083 5.44201
55.181595341907496 5.46393
55.20671771104285 5.4198900000000005
55.232039262617704 5.40498
55.25716741665048 5.3752
55.28229845518636 5.33878
55.30743238042802 5.24678
55.33276558731939 5.22543
55.357905315183636 5.25594
55.383047936390035 5.20103
55.40819345314859 5.20317
55.433538351073295 5.16069
55.458689688238415 5.1799
55.483843927614096 5.14462
55.509197623043605 5.11
55.53435769621134 5.07412
55.55952067826466 5.06653
55.5846865714265 5.05545
55.61005202069737 5.03136
55.63522376553902 5.04598
55.66039842818645 4.97275
55.68557601087004 5.00064
55.7109532500271 4.93757
55.73613670233794 4.91176
