TT I
1.2716486653135266 6.9098
1.2939594142134223 6.60389
1.3162702121660406 6.8107
1.3385810600174564 6.913819999999999
1.3608919586137629 7.136139999999999
1.383202908801069 6.2790300000000006
1.405513911425503 6.34924
1.4278249673332093 5.66367
1.4501343378461518 6.0342
1.4724455028545926 6.2979
1.4947567236847858 5.90744
1.517068001182951 5.69644
1.5393793361953272 5.63066
1.5616907295681737 5.3171
1.5840021821477681 5.2243900000000005
1.60631369478041 5.42646
1.6286252683124185 5.462940000000001
1.6509369035901333 4.896780000000001
1.6732468618895553 4.79509
1.695558623192809 4.85119
1.7178704487808514 5.30877
1.7401823395001077 4.56909
1.7625012545597203 4.72465
1.7848028405262486 5.280390000000001
1.8071218901122095 4.76313
1.8294236121921872 4.5711
1.8517427996910911 4.55242
1.8740620574440425 4.937469999999999
1.8963639900671978 4.5832
1.9186833908139995 4.30615
1.9409854680117449 5.08632
1.9633050151394713 4.867719999999999
1.9856246367570705 4.81105
2.0079269371922672 4.84111
2.03024671027244 4.443230000000001
2.0525491637446027 4.44814
2.074869091674931 4.530530000000001
2.097171701569106 4.7016800000000005
2.1194917877373847 4.9699599999999995
2.141811954326636 5.0606
2.164114805233074 5.08859
2.186435135143035 5.41025
2.208738150935709 10.317
2.231058647554722 18.6163
2.2533792288321184 14.4732
2.275682498336085 8.20241
2.298003251406138 5.5667599999999995
2.3203066942619714 5.43998
2.3426276225136022 5.2581
2.3649486396617507 5.46163
2.387252348930071 5.83542
2.4095735463442893 6.1959
2.4318774374315884 6.7579199999999995
2.4541988185014043 6.3278099999999995
2.476502894794693 6.751869999999999
2.498824462909887 7.074339999999999
2.521146125856138 7.04335
2.5434504863470337 7.23412
2.5657723414244717 7.45033
2.588076895590662 7.864539999999999
2.610398946189713 8.33911
2.6327210958598384 8.30976
2.6550259469304716 7.9739
2.6773482972090137 8.23846
2.6996533504259 8.21523
2.7219759047039602 8.16593
2.744298562293959 8.9381
2.7666039251246595 8.20531
2.7889267918020164 8.11565
2.8112323652516555 7.834410000000001
2.833555444408179 8.637739999999999
2.8558786311183852 8.1844
2.8781845268938557 9.01538
2.9005079311721484 9.0881
2.9228140460410397 9.03205
2.9451376712799635 9.73811
2.967444008632326 9.55573
2.9897678582247247 9.831010000000001
3.0120918213106695 10.2483
3.0343984987899373 10.9962
3.0567226913198637 11.2901
3.079029599759726 11.8343
3.101354025127254 12.298
3.123678568232338 13.062999999999999
3.145985829517914 12.6574
3.16831061055229 13.6838
3.1906181112775593 14.0901
3.212943133635653 14.956
3.2352682779763207 14.9329
3.2575761442691227 15.4896
3.2799015350264273 15.6767
3.302209649240067 15.7233
3.3245352898092655 16.9881
3.3468436553365257 17.2456
3.369169549113219 18.0487
3.3914955708171384 18.4108
3.413804319727358 18.5408
3.4361305997334863 18.7566
3.4584396084414553 19.4809
3.4807661501462652 19.8373
3.503092824025881 20.3299
3.5254022288463154 21.0052
3.5477291695206588 21.4029
3.5700388426251948 22.2055
3.5923660534916446 23.0733
3.6146934007816114 32.2525
3.637003482731501 61.0231
3.6593311053109985 66.7358
3.681641464033634 42.856
3.7039693653009733 27.9356
3.726297407241705 25.5274
3.7486081875460804 25.523000000000003
3.7709365132734978 25.5753
3.793247578841633 26.1878
3.8155761917550093 26.5045
3.8378875459837216 26.7105
3.8602164494827234 27.1886
3.882545499606844 28.4631
3.9048572932539183 28.7571
3.9271866390645718 28.6479
3.9494987298666713 29.5833
3.971828374764527 30.1617
3.9941581705403255 30.4568
4.016470713506008 31.0111
4.038800813471445 31.6326
4.061113662089144 32.1183
4.0834440696459176 32.9265
4.105774632334751 33.1152
4.128087945865126 33.9346
4.150418821249301 34.762
4.172732448931298 35.7643
4.195063640413578 37.0924
4.2173775856475215 39.8175
4.239709096631102 59.7621
4.262040768704612 156.405
4.284355196706267 202.48
4.306687193387355 135.118
4.329001947444346 64.1085
4.35133427213731 45.3416
4.373666762177566 43.3793
4.395982011761091 43.4834
4.418314834921175 44.5702
4.44063041906622 49.9543
4.4629635787515625 56.6221
4.4852969080429785 57.1233
4.5076130004776225 52.3126
4.529946671403969 52.7338
4.552263106909177 54.9887
4.574597122877047 53.9147
4.596931312711224 52.7145
4.619248269273446 52.6913
4.6415828092605835 54.358000000000004
4.663900117405352 55.1438
4.686235010953232 56.3575
4.708552674085913 57.949
4.730887924602802 59.5959
4.753223354952695 60.9155
4.775541557023902 63.2251
4.797877349456786 65.2127
4.820195915032126 66.6472
4.842532072957498 66.8957
4.864868414979744 69.305
4.88718753227192 72.7649
4.909524244902505 74.2862
4.931843734218147 75.4698
4.954180820867835 77.1416
4.976518095879839 80.0881
4.998838149695359 82.9796
5.021175803844231 86.0477
5.043496238205739 89.7567
5.065834274903528 94.2369
5.088172504230693 98.8406
5.1104935158799565 105.04899999999999
5.132832132875765 124.87100000000001
5.155153533596801 158.127
5.1774925416746225 194.408
5.199814334878411 375.55800000000005
5.2221537374521505 1011.2
5.244493338631803 2820.95
5.266815727034316 7905.5
5.289155727832427 12337.7
5.311478517248165 8249.58
5.333818921080011 2518.4
5.356159527788849 479.26
5.3784829252032536 180.36700000000002
5.400823940070432 144.773
5.423147747031976 126.38
5.445489173474152 117.345
5.467830807066149 114.977
5.490155234831516 112.671
5.512497285125229 107.529
5.534822130975162 103.805
5.557164601388673 101.15700000000001
5.579489868738879 98.2504
5.601832762690846 96.8485
5.6241758697774475 96.2533
5.646501775867269 95.4196
5.668845311622074 94.4965
5.691171647754637 93.4426
5.713515615597765 92.5207
5.735859800852677 91.8131
5.758186788542988 92.2257
5.780531411018185 93.8086
5.802858837297399 93.4327
5.825203900414495 93.4665
5.8475491852224 95.2511
5.869877275883075 95.42200000000001
5.892223006467101 94.5567
5.914551544266608 94.2029
5.936897724049891 96.5574
5.959244129804903 102.704
5.981573344815301 126.69
6.0039202049061 228.243
6.026249875609095 472.10699999999997
6.04859719346037 963.643
6.070927323278297 2234.78
6.093275102315365 4560.77
6.115623113320588 5209.7
6.137953938319995 3070.55
6.160302415650845 863.8439999999999
6.182633708324452 204.02599999999998
6.2049826554078376 107.383
6.227331838745022 89.4151
6.249663839443684 82.4961
6.27201349767565 79.9987
6.294345974611799 82.7634
6.316696111167083 88.7672
6.339046488263839 84.4777
6.361379686074702 75.3091
6.383730546639482 70.464
6.406064229255215 68.5904
6.428415576718203 68.8873
6.450749747566656 67.6996
6.47310158535871 65.6941
6.495453669698332 64.5481
6.517788579421056 63.6593
6.540141159237969 62.8421
6.562476565766648 62.6704
6.5848296444934045 62.1103
6.607182974060425 62.2203
6.6295191323281015 62.1955
6.651872965955752 64.023
6.6742096296068985 78.6616
6.6965639707294615 105.074
6.71891856698715 104.536
6.741255995248479 79.4368
6.763611104154477 63.4237
6.785949046381137 59.0286
6.808304671371482 58.4246
6.8306605557940046 58.8519
6.852999275508618 58.0994
6.875355681171544 56.871
6.897694923437771 56.1561
6.92005185377892 56.2051
6.9423916220322655 55.5753
6.964749080490181 55.2244
6.987106804399774 54.8056
7.009447368180821 55.3286
7.031805625367033 54.9199
7.054146723727803 55.1124
7.076505517631004 54.3786
7.098864581288365 54.3704
7.121206488070854 54.3865
7.143566093607822 54.5827
7.165908543567245 55.3134
7.188268694426048 54.888000000000005
7.2106291193438095 54.7592
7.232972390625943 55.17
7.255333366030969 62.9742
7.277677189091925 93.9257
7.300038718428332 121.331
7.322400526130865 106.402
7.344745183422596 73.9505
7.367107550224791 58.1307
7.389452767901992 54.851000000000006
7.411815697249891 54.3613
7.434161478756298 53.6838
7.456524974096713 53.5771
7.478888753837185 53.5185
7.501235387657368 53.9304
7.523599738562711 54.0441
7.545946944825532 54.2434
7.568311870344528 54.3311
7.5906770845765665 54.5112
7.613025156078678 55.3979
7.635390950099687 56.427
7.657739602662809 55.9122
7.680105979923558 55.5098
7.702472650212829 55.9407
7.724822180948224 55.676
7.747189439655568 55.5676
7.769539560075357 55.6639
7.791907410653562 56.419
7.81425812420825 55.8985
7.836626570110925 56.348
7.858995315087906 57.0795
7.881346924933401 57.1373
7.903716270417482 57.8701
7.926068482028405 57.9541
7.948438431475253 58.7864
7.9708086843180235 59.4507
7.993161805171116 60.1
8.015532667162402 60.2225
8.037886398416653 61.5126
8.060257873014221 61.8058
8.082629655331942 62.4217
8.104984308787587 63.3936
8.127356708900503 66.2859
8.149711981398308 70.5241
8.172085002766314 72.2338
8.194458336181368 70.2731
8.216814543847752 68.5909
8.23918850371002 68.5279
8.26154533906492 69.5339
8.283919928836452 71.1053
8.306277395339652 72.1227
8.328652618483376 73.3328
8.351028159736202 75.9107
8.373386579575245 77.9842
8.395762759396959 79.6791
8.418121819038275 83.6793
8.440498640894003 93.0103
8.462875785192262 104.76
8.485235811156207 124.37200000000001
8.507613602688501 173.707
8.529974277114228 259.232
8.552352719347912 383.62300000000005
8.574731488360351 661.681
8.59709314210385 1213.73
8.619472567021075 1944.24
8.64183487789147 2191.42
8.664214962183097 1725.25
8.686577933647762 847.5060000000001
8.708958680784317 314.699
8.731339760774953 147.523
8.753703729764451 106.15
8.77608547780821 97.12200000000001
8.798450116065078 93.6226
8.820832535634787 91.4433
8.843215292401656 90.633
8.865580941199045 90.1195
8.887964374703538 89.2521
8.910330701447199 89.5657
8.932714815164482 90.3453
8.955099270424924 88.7451
8.977466620733543 86.2388
8.999851761421976 84.6962
9.022219798361645 83.6317
9.04460562795561 83.21799999999999
9.066991803441677 82.6059
9.089360876979615 82.6693
9.111747746589993 82.7133
9.13411751544971 81.5017
9.156505082664324 81.3552
9.178875550323522 81.5086
9.20126381862328 81.2084
9.223652438908596 81.6523
9.246023961427412 81.8178
9.26841328802173 81.3928
9.290785518039224 81.8557
9.313175554425882 83.1449
9.335565947154315 83.21799999999999
9.357939245086508 83.5485
9.380330352834827 83.3232
9.40270436697103 83.5473
9.425096193225055 83.6067
9.447488380180165 83.834
9.469863475295412 83.7047
9.492256385987508 84.0515
9.514632206018318 84.8135
9.537025843935714 85.021
9.559402392368193 86.0673
9.581796761000229 87.7065
9.604191496441521 89.2094
9.626569144158516 91.8187
9.648964615551032 94.1762
9.671343000390081 94.9518
9.693739211225699 93.4948
9.716135793237463 92.2973
9.738515290448102 92.4319
9.760912617143402 94.1014
9.783292860202891 95.4766
9.805690935076182 96.8836
9.828089385495742 98.022
9.850470754023561 99.8652
9.872869957865444 104.995
9.89525208097539 114.225
9.917652041736662 123.48200000000001
9.940052382417589 128.35399999999998
9.962435644102392 146.634
9.984836746950979 185.717
10.007220771957746 245.888
10.029622640473708 343.73
10.052007432299963 518.2869999999999
10.074410069984072 826.306
10.096813093716005 1292.66
10.119199042482517 1788.95
10.141602840636468 1965.52
10.163989564971628 1508.51
10.186394141051062 804.938
10.208799107559706 340.23199999999997
10.231187001965623 166.889
10.253592751657669 119.65100000000001
10.275981430388155 110.065
10.298387966769793 109.587
10.320794897965431 110.22200000000001
10.343184759907361 108.669
10.36559248305461 105.061
10.387983138083852 103.714
10.410391656691655 108.919
10.432800574501677 120.545
10.455192425893369 136.666
10.47760214443012 161.899
10.499994797678786 206.632
10.522405320453982 290.346
10.54479877906917 422.13599999999997
10.567210109595656 537.51
10.5896218454736 582.8380000000001
10.612016518879773 487.29400000000004
10.634429067781074 325.315
10.656824555333241 185.446
10.679237920773568 115.839
10.701651695961992 93.5488
10.724048411481384 87.7315
10.746463008485165 85.3236
10.768860546937125 84.1343
10.791275969274796 82.1585
10.81369180576079 81.2469
10.836090585366925 80.1656
10.858507252467449 78.8656
10.88090686379991 78.2559
10.903324365036394 77.5813
10.925724811614439 77.4699
10.948143150509463 77.6203
10.970561909719066 77.3055
10.992963615930844 75.8588
11.015383218085756 73.92699999999999
11.037785768347074 72.7625
11.06020621697282 72.1356
11.082627090322113 71.3534
11.105030913430326 70.8374
11.12745263854165 71.1179
11.149857314510728 72.8587
11.172279894912576 76.2052
11.194702904450653 76.0713
11.217108866490921 73.263
11.239532736615194 70.7593
11.26193956033512 69.3063
11.284364294577085 68.4513
11.306789462371718 67.2282
11.329197585398376 66.4858
11.351623622610898 66.3359
11.37403261614354 65.2999
11.396459526308487 65.15100000000001
11.418869393879497 64.9148
11.441297180532617 64.3804
11.463725406927658 64.2856
11.486136592353875 63.963
11.508565700543707 63.9754
11.530977768845315 65.2659
11.553407762368774 65.673
11.575838200059769 65.2943
11.598251599479612 63.9417
11.620682927815501 63.2843
11.64309721895548 63.1365
11.665529441478206 62.4273
11.687962112597958 61.928999999999995
11.710377748130886 62.2383
11.732811318753434 62.3438
11.755227854859067 62.309
11.777662328529495 61.9298
11.800079768750786 61.6497
11.822515149015453 61.8482
11.844950984084935 62.0313
11.867369787303163 61.9705
11.889806534289491 61.7402
11.912226250487029 62.288999999999994
11.934663912939751 62.2413
11.9571020346363 62.313
11.979523127133968 62.5689
12.001962169624331 63.6636
12.024384183972964 65.0118
12.046824150809913 68.0331
12.069264581333726 72.5525
12.091687985297767 78.1129
12.11412934550045 87.1247
12.136553680195208 102.184
12.158995973632788 126.14
12.181438735204349 157.498
12.20386447284199 192.195
12.226308172985636 213.61
12.24873485024193 203.01
12.271179492516982 165.467
12.293607112949127 117.632
12.316052700916226 87.5298
12.338498763250042 72.959
12.360927805303868 66.9564
12.383374818673879 64.7032
12.405804812803074 63.3532
12.428252780773262 63.2129
12.45070122756722 63.5167
12.473132656675375 63.3289
12.49558206341869 63.7208
12.518014453510101 63.9698
12.540464823770117 64.039
12.562915677315177 64.0514
12.58534951575545 64.531
12.607801338171472 65.6574
12.630236146511358 68.792
12.652688941369085 71.5293
12.675124723177234 72.0652
12.697578494048786 70.2891
12.720032754458185 67.9969
12.742470003354093 66.9789
12.764925245138771 67.012
12.787363476431278 67.2505
12.809819703166806 67.9094
12.83227642391173 68.5066
12.854716135692716 69.0854
12.877173846755147 70.1464
12.899614549869717 70.0765
12.9220732548287 71.1499
12.94453245827299 71.8261
12.966974655289818 72.8725
12.989434858002571 73.7133
13.011878055298721 74.2078
13.034339260862497 75.1344
13.056800969391883 76.836
13.079245674017244 78.9692
13.101708390774869 82.2317
13.12415410463411 90.3522
13.146617833206086 100.65
13.169064559883248 111.016
13.191529303857127 125.38600000000001
13.213994557076367 148.69799999999998
13.236442809902437 187.424
13.258909083908291 246.926
13.28135835851934 315.753
13.30382565690295 387.17699999999996
13.326293469022952 434.715
13.348744283242008 418.32300000000004
13.371213125129904 340.233
13.39366497011003 240.46
13.416134845360597 158.203
13.438605238843131 117.044
13.46105863690397 104.355
13.483530069144786 105.553
13.505984506951902 109.949
13.528456981549432 119.471
13.550929978879088 135.101
13.573385983253365 159.35399999999998
13.595860028340867 200.25900000000001
13.618317081455832 256.473
13.64079217790333 315.249
13.663250283359057 362.996
13.685726434770173 378.265
13.708203115221277 324.767
13.730662806148091 243.873
13.75314054697177 167.12
13.775601299246777 117.52799999999999
13.798080104050406 92.8624
13.820559442405358 83.4958
13.843021793671388 80.4751
13.865502201420897 79.1332
13.887965623051947 78.6976
13.910447103807167 77.3423
13.932929122629764 76.3685
13.955394156785959 75.9289
13.977877254034569 75.0618
14.000343367582113 74.0362
14.022827546871707 73.6346
14.045294743423524 72.7444
14.06778000837062 72.1268
14.090265817715476 72.0762
14.112734645763819 71.5567
14.13522154619454 71.4381
14.157691466286913 71.2498
14.180179461423874 71.0094
14.202668005486178 70.6916
14.22513957064374 70.0988
14.247629214846473 69.766
14.270101881097517 69.3057
14.29259262906496 69.5493
14.315083930490205 69.9127
14.337558255389705 69.9663
14.360050666019726 69.7465
14.382526101071944 69.0948
14.405019624534942 68.6552
14.427513705993134 68.3089
14.449990813291825 68.1771
14.47248601302899 67.8793
14.49496423954951 68.0327
14.517460561197822 67.988
14.539939910570322 67.8611
14.562437357763558 68.1281
14.58493536931253 68.936
14.607416409993311 69.4437
14.62991555254159 69.9914
14.652397725157423 69.7291
14.674898002342799 69.9228
14.697398848433282 69.7971
14.719882725991326 70.7249
14.74238471217934 72.204
14.764869730765593 75.9899
14.787372860692983 78.8937
14.809876564079925 82.8009
14.83236330125751 88.3791
14.854868153850365 97.2228
14.877356041159485 111.29700000000001
14.899862046604186 130.852
14.922351087688757 157.839
14.944858249632887 188.017
14.967365991421232 215.27900000000002
14.989856770231246 227.672
15.012365673994204 219.36700000000002
15.03485761569738 185.56
15.05736768508665 141.138
15.07987833888692 107.37
15.102372032001655 86.0337
15.124883856909658 75.0076
15.14737872204565 70.998
15.169891721717274 69.6297
15.192405310371893 69.3181
15.214901940621196 69.2518
15.237416709527137 69.0732
15.259914520936249 69.3462
15.282430473753607 68.3934
15.304947020131227 67.3203
15.327446610371178 66.9118
15.349964346154254 66.4436
15.372465126703139 66.0148
15.394984055556009 65.822
15.417486030076159 65.822
15.44000615566487 65.429
15.462526881230803 65.1338
15.485030653812652 65.3191
15.507552581617434 65.3399
15.530057557334603 65.1957
15.55258069104857 65.2614
15.575104429329837 65.4792
15.597611216864632 65.2036
15.620136166564563 65.7667
15.6426441664095 66.921
15.665170331202765 69.4982
15.687697105158826 72.5103
15.710206930593545 75.3687
15.732734925158933 79.3236
15.755245972089478 85.5546
15.77777519094324 94.7455
15.800287463046663 109.01100000000001
15.822817909869592 129.39700000000002
15.84534897229804 152.00799999999998
15.867863089299354 178.52599999999998
15.890395385222186 195.611
15.912910736597423 196.555
15.935444269699861 179.62099999999998
15.957978423016485 146.116
15.980495633101265 113.31
16.003031029129367 88.5965
16.02554948280019 72.2917
16.048086125229432 65.5858
16.070623392487107 63.5301
16.09314371869582 62.7669
16.11568223789321 61.9121
16.13820381691126 60.9819
16.160743591742527 60.305
16.183283996022084 59.6032
16.205807461423195 58.6106
16.228349126881973 58.1502
16.25087385432698 58.1544
16.27341678466365 57.6203
16.29594277784926 57.4393
16.31848697676433 57.4607
16.341031811604868 57.3447
16.36355971058487 57.4269
16.3861058195587 57.3495
16.40863499352978 56.5223
16.431182380342005 55.82
16.453730407713202 55.2466
16.476261501364792 55.0781
16.498810812136167 54.9885
16.52134319004079 54.7701
16.54389378792203 54.6247
16.566445031001553 54.8187
16.588979342490088 54.5177
16.61153187824822 54.4293
16.634067483263312 54.0329
16.656621315414416 54.2295
16.679175797408888 53.8266
16.701713349928728 53.7326
16.72426913389191 53.9675
16.74680798922351 54.1837
16.76936507887444 54.2429
16.791905240734874 54.1841
16.814463639794468 54.1075
16.837022695210294 54.2246
16.859564824093756 54.3643
16.882125194503903 54.8387
16.904668639217885 55.2488
16.927230328348003 55.4844
16.949792678493612 55.5771
16.972338104193863 55.0256
16.994901778652235 54.8127
17.017448529496576 55.0035
17.040013531998152 55.4044
17.06257920018044 55.8458
17.0851279459922 56.5921
17.107694947817667 57.2694
17.130245028099072 57.95399999999999
17.15281336730298 59.4053
17.17536478578733 61.4291
17.19793446610687 63.6667
17.220504818648422 66.8389
17.243058251703697 70.1769
17.265629950971032 75.1278
17.288184731571736 79.6768
17.310757781306908 83.26799999999999
17.33333150794385 83.4993
17.355888317140174 81.2118
17.37846339986244 75.3177
17.401021565958885 69.0991
17.42359800851343 63.5213
17.44617513265564 60.7512
17.468735341390783 59.367
17.491261035594565 58.5463
17.51396340099364 58.2856
17.536490463869136 58.2736
17.559018209820174 58.5777
17.58154663977963 58.746
17.604251766089718 58.6795
17.626781572227713 59.0535
17.64931206518155 59.1033
17.671843245885103 59.6094
17.69455114821572 59.729
17.717083712612634 59.988
17.739616967569667 60.3171
17.762150914021706 60.5977
17.78486160749854 60.8221
17.807396945166804 61.6979
17.829932977143503 62.494
17.85246970436452 64.3395
17.875183204129467 66.1111
17.897721330097664 67.8951
17.920260154126645 70.0338
17.942799677153296 73.204
17.9655159983646 76.7666
17.988056927677544 82.53299999999999
18.010598558807683 90.8502
18.033140892692916 101.37299999999999
18.05586005052525 113.30799999999999
18.07840379824407 125.287
18.10094825154059 135.233
18.12366954819864 141.46200000000002
18.146215420998306 137.533
18.16876200220057 126.677
18.191309292745153 112.596
18.214033452627167 98.9668
18.236582170236648 88.6158
18.259131600016456 84.7139
18.281681742907335 86.0698
18.304408781233683 91.2762
18.32696035875955 96.8311
18.349512652227624 101.421
18.372065662579683 105.594
18.394795594587553 105.635
18.41735004715306 100.291
18.43990521943684 92.7486
18.46246111238171 82.5568
18.485193953325208 73.8099
18.507751296070428 67.4742
18.530309362314178 64.2583
18.552868153000343 62.4499
18.57560391815056 61.3756
18.59816416623245 60.9482
18.620725141597372 60.3873
18.643286845190268 59.9865
18.666025549835414 59.6647
18.688588718427933 58.9672
18.711152618092243 58.8715
18.73389353884365 58.6472
18.75645890921984 58.3195
18.77902501351406 58.0585
18.801591852673102 58.0497
18.824335739722738 57.4477
18.846904057212626 57.4805
18.8694731124168 57.0953
18.89204290628315 57.1401
18.914789774966803 56.7524
18.937361054791623 56.7476
18.959933076131318 56.4567
18.982505839934877 56.301
19.00525570560582 56.3337
19.027829963004184 56.3363
19.05040496572238 56.4849
19.072980714710468 56.347
19.095733592739563 56.3609
19.11831084296757 56.836000000000006
19.140888842324735 57.0152
19.16346759176222 57.1855
19.18622349753803 57.8079
19.208803755869358 58.7061
19.231384767143577 59.7493
19.253966532312948 61.6398
19.276725481241822 64.0318
19.29930876296784 66.53399999999999
19.3218928014549 69.7291
19.34465404436217 72.7426
19.36723960516257 74.896
19.389825925592426 75.9604
19.412413006605938 74.1282
19.43517731967805 70.1234
19.457765930683355 65.8218
19.48035530514408 61.2399
19.50294544401556 57.7588
19.525712842708348 55.3745
19.54830451925909 54.4195
19.570896963095727 53.5694
19.593490175174704 53.1375
19.616260674962184 53.0623
19.638855432416964 52.8688
19.661450960992624 53.2209
19.68404726164677 52.9922
19.706820878021247 52.8132
19.729418731756834 52.9049
19.752017360452857 52.5766
19.77461676506804 53.06399999999999
19.797393513540218 53.0177
19.819994478951667 53.1898
19.84259622316767 53.7673
19.8651987471481 54.2927
19.887978643247177 54.3799
19.91058273574792 54.9677
19.933187610901943 55.7961
19.955969879466828 56.8473
19.97857632894404 58.2565
20.00118356396599 60.2454
20.023791585494575 62.7699
20.046577028914875 65.6198
20.069186632506966 67.7112
20.091797025500632 69.4558
20.114408208858933 69.7638
20.137196842715273 69.0235
20.159809615886765 66.9954
20.18242318232135 64.1998
20.20503754298326 62.1416
20.227829382875154 61.5258
20.250445341109344 61.7053
20.27306209647285 62.7824
20.29567964993108 64.0088
20.31847471147704 65.041
20.34109387027612 65.2073
20.363713830075454 64.2814
20.386334591841646 62.8239
20.409132890679302 60.0598
20.431755265564437 56.8724
20.454378445325528 54.349
20.477002430930366 52.4688
20.499803982716553 51.3486
20.522429589228004 50.6352
20.54505600449589 50.1543
20.567683229489194 50.0764
20.590488049900088 49.813
20.61311690359731 49.7024
20.63574656993626 49.5142
20.658553853717297 49.0216
20.681185154618298 49.0428
20.703817271080066 48.9634
20.72645020407368 48.619
20.749260783967177 48.6365
20.771895359337133 48.4683
20.794530754161617 48.4291
20.817166969412938 48.4066
20.83998086114876 48.3838
20.86261872660049 48.2268
20.885257415405402 48.3233
20.90789692853701 48.2907
20.930714147864748 47.9665
20.953355319030678 47.9642
20.97599731745334 48.2613
20.99864014410749 47.9764
21.021460706796564 48.0908
21.044105199328826 48.2678
21.06675052302631 48.2316
21.089396678865015 48.5894
21.112220600704806 48.9713
21.134868430275347 49.3613
21.15751709492456 49.5806
21.180166595629693 49.9188
21.202993892429635 50.4814
21.22564507473034 50.7536
21.24829709602816 50.9942
21.27112693608965 50.9358
21.293780644891275 50.7972
21.316435195634053 50.1053
21.339090589297417 49.3663
21.361923832041875 49.0005
21.384580921090404 48.3283
21.407238856007325 47.7347
21.429897637773326 47.8505
21.45273429906592 47.8572
21.475394784108598 47.878
21.498056118951983 47.8963
21.520718304578022 48.0319
21.543558400304388 48.2232
21.566222297108816 48.3108
21.58888704765135 48.5626
21.61155265291521 48.8445
21.63439619898156 49.2436
21.657063523335786 49.5495
21.67973170537063 49.9236
21.7024007460706 50.43
21.72524775840385 51.0711
21.747918526116475 52.2676
21.770590155457388 53.458
21.79326264741238 55.2126
21.816113141960237 57.199
21.838787368860547 59.1682
21.861462461341976 61.1458
21.884315579735777 62.8453
21.90699241312273 63.9233
21.92967011506078 64.2258
21.95234868653799 63.5052
21.9752053151131 61.8262
21.997885635446785 59.6539
22.020566828293532 58.1132
22.04324889464272 56.6957
22.066109049404666 55.8508
22.088792872571794 55.6286
22.111477572219204 55.7087
22.1341631493376 55.6134
22.157026846313123 55.2039
22.179714188221507 54.32
22.202402410582668 53.1574
22.22509151438863 51.7964
22.24795876962584 50.4839
22.270649646204486 49.7709
22.293341407213727 49.0169
22.316034053646906 48.7693
22.338904883215342 48.4667
22.36159931041458 48.3556
22.38429462602756 48.3483
22.40699083104897 48.1833
22.429865251039757 48.1171
22.452563244831367 48.2129
22.47526213102522 48.2996
22.49813925616515 48.2428
22.520839937143307 48.1338
22.543541513520587 48.146
22.56624398629403 47.9959
22.589124730075895 47.9846
22.611829005656723 48.3145
22.63453418063466 48.2502
22.657240256008077 48.4948
22.680124634582935 48.5128
22.70283252079775 48.7949
22.725541310413075 49.1888
22.74825100442868 49.2501
22.771139033969575 49.7329
22.79385054687155 49.9273
22.81656296718292 50.6539
22.83927629590484 51.6102
22.862167992606945 52.7486
22.88488314827121 54.0116
22.907599215359284 55.0532
22.93031619487366 56.2398
22.953211574954405 56.8663
22.975930389478226 57.5781
22.998650119445763 57.6458
23.02137076586092 56.5585
23.044269845560063 55.1445
23.06699233506288 53.4874
23.089715744034912 51.8253
23.112617610931565 50.4346
23.135342869061212 49.262
23.158069049684816 48.6162
23.1807961538087 48.2348
23.20370174880544 48.213
23.226430710184808 48.3176
23.249160598093425 48.521
23.271891413539002 48.2808
23.294800752937697 48.3159
23.31753343374794 48.549
23.340267045128353 48.7275
23.36300158808808 49.1015
23.38591468821339 49.2412
23.408651104658304 49.6997
23.431388455719986 50.5031
23.454126742409 51.4367
23.4770436196085 52.494
23.499783787914662 53.8177
23.522524894889884 54.7967
23.54526694154616 56.0188
23.56818761219047 57.1678
23.59093154860734 57.474
23.613676427751283 57.5272
23.636422250635754 56.3551
23.659346731118656 54.5268
23.68209445191868 52.3851
23.704843119509587 50.4826
23.72759273490623 48.7174
23.750521041644767 47.7001
23.77327256312355 46.5292
23.796025035462787 45.9203
23.818956224555475 45.5943
23.841710609113413 45.5159
23.86446594758979 45.3168
23.887222241002014 45.1144
23.910157285144578 44.7803
23.932915498962537 44.8681
23.955674670778713 44.6165
23.978434801611975 44.263999999999996
24.001373717286125 44.2131
24.024135776723917 44.0707
24.046898798245582 44.0625
24.06966278287146 43.8926
24.092605586582614 43.6872
24.115371508023642 43.7273
24.1381383956401 43.5137
24.16090625045381 43.5757
24.183852958731244 43.5631
24.206622758582608 43.3662
24.229393528706886 43.1284
24.252165270127392 43.062
24.27511589952438 43.0603
24.297889594216997 42.8827
24.32066426328598 42.7002
24.34343990775613 42.7467
24.36639447485003 42.6418
24.38917208083877 42.6652
24.41195066531332 42.631
24.43490819850244 42.6213
24.457688750692377 42.6698
24.48047028445616 42.5924
24.503252800821233 42.7525
24.526214300784112 42.7758
24.548998793132213 42.7063
24.57178427117417 42.6046
24.59457073593893 42.6821
24.617536219319863 42.5412
24.64032466834748 42.6166
24.663114107195035 42.3554
24.685904536893013 42.1281
24.708874020360852 42.1482
24.731666442613744 41.8671
24.754459858818787 41.8467
24.777254270007962 41.895
24.80022777025625 41.7922
24.82302418230472 41.6974
24.845821592443674 41.7096
24.86862000170663 41.8822
24.891597535453727 41.6235
24.914397953892728 41.8683
24.93719937456671 41.8557
24.96000179851076 41.9005
24.98298338249997 42.0965
25.00578782394922 42.2543
25.028593271784167 42.4974
25.05157790644186 42.8092
25.07438537804115 42.9308
25.097193859145293 43.1463
25.120003350792075 43.3815
25.142992065061257 43.7652
25.165803588823465 44.0863
25.18861612625217 44.2832
25.211429678386736 44.3146
25.234422489079968 44.2082
25.257238081693636 44.4094
25.280054692141732 44.4845
25.3028723214652 44.4318
25.325869245420463 44.5619
25.348688923599397 44.3848
25.371509623787006 44.5492
25.394331347025812 44.0733
25.41733240110666 43.6029
25.440156181590016 42.8236
25.46298098826268 42.2705
25.48580682216873 41.881
25.50881202326435 41.2614
25.53163992281684 40.9368
25.55446885274561 40.7736
25.577298814096377 40.3716
25.600308179121807 40.4279
25.623140214533745 40.4447
25.64597328451537 40.272
25.66898578564376 40.0172
25.691820936010206 40.1265
25.714657124097695 40.1166
25.737494350954734 40.084
25.760511045684957 39.9527
25.783350361364224 40.0533
25.806190718969255 40.0895
25.82903211955018 40.109
25.852053024868923 40.2315
25.874896522722523 40.1079
25.897741066713106 40.1254
25.920586657892454 40.3639
25.943611790812668 40.5543
25.966459487728237 40.6234
25.989308234998564 40.5798
26.01215803367705 41.0749
26.03518741123814 41.2098
26.05803932412957 41.3677
26.080892291600094 41.2981
26.10374631470478 41.2031
26.12677995397268 41.2332
26.14963609978026 41.3356
26.172493304397875 40.9191
26.19535156888223 40.5894
26.218389486949604 40.2962
26.241249882640123 40.1298
26.26411134137826 39.8713
26.28715248187403 39.8063
26.31001607820869 39.6252
26.3328807407756 39.5291
26.35574647063438 39.7965
26.37879191991473 39.5904
26.401659795896734 39.676
26.424528742360263 39.8135
26.447398760366614 40.015
26.470448535598294 40.1583
26.49332070826805 40.2258
26.516193955675355 40.6932
26.53906827888316 40.9741
26.562122397260108 41.198
26.584998883685063 41.4859
26.607876449110325 41.6362
26.63075509460056 41.788999999999994
26.65381357334404 41.8982
26.67669439061878 41.738
26.699576291163382 41.5911
26.722459276044212 41.5377
26.745522132402975 41.2685
26.768407297649354 40.9548
26.791293550442003 40.6347
26.814180891848974 40.2744
26.837248143099337 40.0561
26.860137673466657 39.9568
26.88302829566349 39.5622
26.90592001075963 39.5993
26.92899167420566 39.4645
26.951885586870763 39.1718
26.974780595655517 39.0247
26.99785558178161 38.6847
27.020752794605112 38.5406
27.043651106772522 38.4816
27.06655051935668 38.4685
27.089629948036183 38.4007
27.112531573292053 38.3519
27.135434302194138 38.4365
27.158338135817015 38.2501
27.181422024430987 38.2432
27.204328079372566 38.059
27.22723524226965 38.0023
27.250143514198573 38.1773
27.273231880156334 38.0657
27.296142382065014 37.9721
27.319053996245536 37.9754
27.341966723775965 38.0296
27.365059584515222 37.9786
27.38797455070062 38.1304
27.410890633481237 38.0569
27.433807833936918 38.1822
27.456905206923906 38.2754
27.47982465472398 38.2434
27.502745223449743 38.3036
27.525666914182825 38.3443
27.548768816912457 38.2731
27.571692763693633 38.1229
27.59461783573812 38.0169
27.617723149491244 37.875
27.640650484125285 37.7377
27.66357894728264 37.711
27.686508540048052 37.6166
27.709618414237887 37.6002
27.732550278321757 37.4435
27.755483275279115 37.4345
27.778417406196485 37.5867
27.801531858397514 37.631
27.824468269376716 37.5039
27.847405817586786 37.4414
27.870344504116094 37.6405
27.893463551932008 37.7872
27.916404527281053 37.9131
27.93934664422563 38.0063
27.962289903855886 38.0826
27.98541356491974 38.3749
28.00835912214229 38.494
28.03130582533231 38.6573
28.054253675581805 38.7363
28.077381967556104 38.668
28.100332124185126 38.7012
28.123283431160893 38.4337
28.146235889577238 38.3976
28.169368830154156 38.2368
28.192323603752033 38.0616
28.215279532083304 37.7499
28.238415973016764 37.5612
28.261374223145094 37.2898
28.284333631303806 37.1583
28.307294198589954 37.0466
28.330435319167677 36.7531
28.353398217078915 36.4598
28.376362277420153 36.2141
28.39932750129032 36.0598
28.422473319286713 35.9057
28.44544088262495 36.0024
28.468409612800283 35.8477
28.491379510913497 35.6679
28.51453004413313 35.622
28.53750229057244 35.5843
28.56047570826344 35.4746
28.583450298308804 35.5538
28.606605564586562 35.264
28.629582511831156 35.3482
28.65256063474956 35.2294
28.675539934446338 35.2901
28.698699951647605 35.3129
28.72168161743193 35.0675
28.74466446331978 35.2511
28.767648490417624 35.134
28.790813276438353 35.128
28.813799678527303 35.0701
28.836787265157085 35.1243
28.859955641890075 35.0333
28.882945610203045 35.0247
28.905936766392035 34.9451
28.928929111566863 34.9723
28.952102288520145 34.8813
28.975097024308607 34.8401
28.998092952423807 34.5473
29.021090073977508 34.4779
29.04426806913204 34.3957
29.067267590245258 34.1749
29.090268308143695 34.1983
29.11327022394099 34.2349
29.13645305530891 34.0822
29.159457379627167 33.9766
29.18246290519685 33.9514
29.20546963313352 33.9284
29.22865731875826 33.9785
29.25166646419296 33.9188
29.27467681535305 33.784
29.29768837335608 33.9445
29.320880931312562 34.0829
29.34389491580634 33.9259
29.366910110507334 33.8804
29.38992651653503 33.9128
29.41312396492981 33.8416
29.436142806456754 33.7548
29.45916286268059 33.6216
29.48236399319994 33.5334
29.50538649169417 33.4105
29.528410208259935 33.3602
29.55143514402014 33.1719
29.574641196749695 33.0592
29.597668583816574 32.8771
29.6206971934585 32.6623
29.64372702680042 32.7024
29.666938019934474 32.7415
29.689970313635285 32.635999999999996
29.713003834422636 32.6481
29.73603858342347 32.5946
29.759254535188578 32.4609
29.78229175361658 32.4327
29.80533020365064 32.6162
29.82836988641968 32.6087
29.85159081507472 32.4931
29.874632976355343 32.4409
29.89767637376955 32.3919
29.920721008448314 32.257
29.9439469322847 32.3338
29.96699405457564 32.2844
29.9900424175358 32.159
30.013092022298157 32.2022
30.03632295963995 32.1988
30.059375061131373 32.207
30.08242840783577 32.1831
30.105483000888153 32.1149
30.128718970092244 32.0093
30.151776069006917 32.1125
30.17483441768648 32.1114
30.198074175317235 32.0928
30.221135036724256 32.1121
30.24419715131772 32.0902
30.267260520236203 31.9823
30.290505341942243 31.9652
30.313571232750228 31.9962
30.336638381310948 31.9729
30.35970678876503 31.9242
30.38295669299435 31.8573
30.40602763151657 31.8333
30.429099832366074 31.8453
30.452173296685572 31.7322
30.47542830191959 31.749000000000002
30.498504306502497 31.6869
30.521581577995562 31.7499
30.544660117543582 31.846
30.56792024229725 31.861
30.59100133132069 31.7809
30.614083691845494 31.9228
30.637167325018545 31.9749
30.660432587840603 31.9692
30.683518779717886 31.8406
30.70660624769615 31.9481
30.729694992924372 31.8702
30.75296541239743 31.9477
30.77605672557558 31.8483
30.799149319462742 31.8038
30.8224236211637 31.6723
30.845518789950724 31.615
30.868615242910597 31.5443
30.891712981195973 31.359
30.91499247215866 31.3309
30.938092794619365 31.2825
30.96119440587579 31.1895
30.984297307082752 31.0603
31.00758200598383 30.9818
31.030687500658694 30.845
31.053794288760695 30.8881
31.076902371446767 30.7966
31.100192296997445 30.8287
31.12330298246119 30.8285
31.14641496599209 30.6825
31.169528248749216 30.7102
31.19282341969534 30.6025
31.215939314557186 30.5639
31.239056512134788 30.6089
31.262175013589378 30.5692
31.28547544871168 30.5624
31.30859657161541 30.4815
31.331719001892175 30.4897
31.35484274070538 30.6077
31.378148458819545 30.6246
31.401274828443725 30.5962
31.424402510106933 30.5589
31.447712205419993 30.7016
31.470842524931633 30.4987
31.493974159989783 30.589000000000002
31.51710711176168 30.5072
31.54042212308802 30.4437
31.563557722100917 30.4128
31.586694641341655 30.2268
31.609832881979628 30.1914
31.63315322823208 30.1703
31.656294125521327 30.0669
31.679436347728515 30.0245
31.70257989602529 30.0212
31.725905596152327 29.8876
31.74905181052835 29.7441
31.772199354521323 29.8191
31.79534822930507 29.8904
31.818679302290967 29.8311
31.84183085259981 29.8111
31.864983737233473 29.7587
31.88813795736804 29.9422
31.911474422233013 29.7414
31.934631327356435 29.8157
31.9577895715215 29.794
31.980949155906522 29.7948
32.004291031706956 29.721999999999998
32.027453310562606 29.5649
32.05061693318573 29.4462
32.07396288236386 29.4301
32.09712920658542 29.4855
32.12029687812702 29.2989
32.14346589817093 29.2881
32.166817291729984 29.1546
32.18998902288583 29.2251
32.21316210610336 29.0658
32.23633654256711 28.9851
32.259693399663725 28.9579
32.282870556771144 28.838
32.30604907069099 28.8942
32.329228942610065 28.7865
32.35259128243769 28.7126
32.375773884550505 28.6288
32.398957848235646 28.6877
32.422143174682176 28.558000000000003
32.445511016471215 28.4256
32.468699082679954 28.3944
32.49188851523011 28.4304
32.51507931531304 28.4074
32.538452678331 28.3328
32.56164622776311 28.2919
32.58484114831493 28.1642
32.60803744118015 28.1741
32.631416344731896 28.1743
32.654615396551876 28.1175
32.67781582427913 28.0996
32.701198898634416 28.0198
32.72440209253756 28.0318
32.747606665947124 28.0002
32.77081262006088 27.8806
32.79420126883317 27.912
32.81740999876112 27.8871
32.840620112999424 27.73
32.86383161274818 27.7332
32.88722585534586 27.7404
32.91044014056596 27.7739
32.933655814909734 27.7203
32.95687287957963 27.6857
32.98027273544904 27.6237
33.00349259526636 27.6075
33.026713849030116 27.5891
33.04993649794511 27.6311
33.073341986570746 27.5402
33.09656744032826 27.5101
33.11979429286444 27.4987
33.14302254538647 27.5456
33.166433686291185 27.4816
33.18966475336992 27.3936
33.212897224069096 27.269000000000002
33.23613109959831 27.3846
33.259547912343415 27.2595
33.2827846121627 27.3251
33.306022720453775 27.149
33.32926223842861 27.2009
33.352684742614166 27.1499
33.37592709463173 27.11
33.399170859982064 27.0275
33.422597648419426 26.8753
33.44584425514446 26.7837
33.46909227885668 26.8033
33.4923417207723 26.6781
33.51577423505344 26.7654
33.539026528130385 26.6425
33.56228024307245 26.6504
33.585535381098246 26.4986
33.60897364093058 26.48
33.63223163992385 26.4657
33.6554910656699 26.4007
33.678751919389796 26.3831
33.702195944520106 26.3675
33.72545966903325 26.3742
33.74872482519663 26.2456
33.771991414233746 26.2642
33.79544122444841 26.2799
33.81871069412428 26.2269
33.84198160035767 26.1245
33.86525394437455 26.1204
33.88870955949969 26.0011
33.911984794020626 26.0101
33.93526147001624 25.949
33.958539588715006 25.9547
33.98200102861669 25.9126
34.0052820477047 25.8192
34.02856451319451 25.7777
34.05203033759056 25.6278
34.07531571090147 25.5992
34.09860253431845 25.6046
34.121890809074316 25.6136
34.145362493118924 25.5974
34.16865368561615 25.5337
34.191946333164054 25.4785
34.21524043699793 25.4508
34.23871800066799 25.4708
34.26201503218366 25.4161
34.28531352370466 25.3362
34.30861347646881 25.2705
34.33209693978188 25.2858
34.3553998301885 25.3384
34.378704185565205 25.1228
34.402010007152356 25.1231
34.42549939016683 25.1035
34.44880815937748 25.0264
34.472118398533134 24.9341
34.49543010887669 24.9193
34.51892543169198 24.8554
34.54224009966052 24.8301
34.56555624255917 24.9146
34.58887386163339 24.7867
34.61237514439016 24.7266
34.6356957311114 24.6872
34.65901779775809 24.6352
34.68252356662995 24.6494
34.705848608458616 24.7088
34.72917513396849 24.5478
34.75250314440949 24.4979
34.77601490857862 24.4996
34.799345904259795 24.3565
34.82267838863559 24.4798
34.846012362958525 24.4341
34.869530142679984 24.4211
34.89286711232212 24.304000000000002
34.91620557568269 24.2762
34.93954553401677 24.2612
34.9630693495876 24.1834
34.986412313340814 24.2584
35.00975677584668 24.2556
35.033102738362956 24.1277
35.05663261012228 24.1791
35.0799815881786 24.0716
35.10333207003229 24.0011
35.12668405694369 23.9963
35.150220005273056 24.0526
35.17357501786656 24.0296
35.19693153931268 23.9485
35.220289570874385 23.881999999999998
35.24383161619786 23.8925
35.267192683604904 23.8813
35.290555264930376 23.8147
35.314101899412165 23.8615
35.33746752422433 23.8757
35.36083466676374 23.8495
35.38420332829803 23.7831
35.407756095629054 23.8027
35.43112781085063 23.7572
35.45450104888391 23.6967
35.477875810999194 23.7074
35.50143473172161 23.6237
35.52481255774625 23.6386
35.54819191167777 23.5547
35.57157279478914 23.5304
35.595137889488406 23.5195
35.61852184675279 23.3733
35.641907337029984 23.4642
35.665294361595684 23.4317
35.68886565090076 23.3858
35.7122557598848 23.3197
35.73564740699838 23.2574
35.759040593519934 23.1952
35.78261809810353 23.1603
35.80601437933051 23.1192
35.829412203814705 23.0235
35.85281157283719 23.0357
35.876395313415884 22.9623
35.8997977874528 22.9545
35.92320180988546 22.945999999999998
35.946790244133936 22.8439
35.97019737933222 22.895
35.993606066789866 22.8957
36.01701630779276 22.7494
36.04061101440684 22.774
36.06402437852291 22.8088
36.08743930005611 22.7592
36.1108557802951 22.6238
36.13445678011326 22.6765
36.15787639383515 22.673000000000002
36.18129757014299 22.5717
36.20472031032821 22.5143
36.22832762423364 22.424
36.25175350829375 22.4332
36.275180960119776 22.4281
36.298609981005924 22.4235
36.32222362992669 22.4492
36.34565580510207 22.4129
36.36908955323448 22.3678
36.39252487562093 22.2306
36.416144880530226 22.2014
36.43958336764275 22.2236
36.463023432914625 22.1066
36.486465077645676 22.0703
36.51009145956204 22.1289
36.53353627947859 22.1696
36.55698268276811 22.1073
36.58043067073321 22.0985
36.60406345072071 22.0187
36.62751462435344 21.8989
36.65096738658405 21.9692
36.67460498210655 21.9474
36.69806093788647 21.8314
36.72151848619297 21.759
36.744977628333636 21.7869
36.76862165890998 21.7218
36.79208400512205 21.7562
36.81554794910557 21.7451
36.83901349217101 21.6773
36.862663978991606 21.5584
36.88613273667352 21.5701
36.90960309738324 21.5921
36.933075062434064 21.4979
36.95673202673572 21.4818
36.98020721697122 21.3882
37.003684015502365 21.3678
37.027162423645365 21.3793
37.050825886711465 21.3405
37.07430753063053 21.214000000000002
37.09779078812467 21.2195
37.121275660513014 21.2304
37.144945643673694 21.1764
37.16843376245278 21.1651
37.19192350009803 21.14
37.215414857931435 21.2195
37.239091382563885 21.0936
37.262585997426164 21.0397
37.28608223645736 21.0286
37.309763684451696 21.0315
37.33326318851098 20.9414
37.356764320726555 20.9503
37.380267082425526 20.9436
37.40395510942588 20.8877
37.42746114683234 20.7401
37.45096881771841 20.7473
37.474478123414166 20.7639
37.49817275092816 20.6973
37.52168534303452 20.6743
37.54519957395567 20.6602
37.568715445024665 20.6431
37.592416694607714 20.5619
37.61593586281424 20.5992
37.63945667518264 20.5857
37.66297913304891 20.5277
37.68668702630454 20.4907
37.710212792059274 20.4027
37.733740207334854 20.35
37.757269273470364 20.2984
37.780983832050374 20.2934
37.80451621684926 20.3271
37.82805025654007 20.2876
37.851585952464795 20.255
37.8753071980695 20.1361
37.89884622345676 20.1874
37.92238690911902 20.1135
37.94611318753442 20.0984
37.969657210779765 20.0969
37.99320289834801 20.0324
38.016750251586465 19.986
38.04048325513017 19.967
38.06403395679343 19.8837
38.087586328183946 19.8773
38.11114037065203 19.9042
38.13488012115898 19.9242
38.1584375229181 19.846
38.181996599821 19.8041
38.205557353221124 19.6991
38.229303872575656 19.6812
38.2528679961576 19.7242
38.27643380031219 19.6781
38.30000128639589 19.5627
38.32375459653193 19.6187
38.34732546371299 19.5932
38.37089801690786 19.4935
38.39447225747609 19.4582
38.418232380377425 19.393
38.441810012983396 19.5037
38.46538933705673 19.3907
38.488970353960084 19.3832
38.51273731166058 19.3572
38.536321731567014 19.35
38.55990784840681 19.2382
38.58367995004091 19.2116
38.60726947812959 19.169
38.63086070726198 19.2189
38.654453638806274 19.2431
38.678232613930824 19.1529
38.70182896773327 19.0534
38.72542702806741 19.0431
38.7490267963045 18.9947
38.77281266709232 18.9996
38.79641586862214 18.9574
38.8200207821842 18.9418
38.843627409152944 18.9139
38.86742019782782 18.9282
38.891030269149255 18.8634
38.914642058016156 18.8728
38.938255565806124 18.8127
38.96205529464307 18.7221
38.98567225787121 18.711
39.00929094417078 18.7388
39.03291135492255 18.7091
39.05671804624804 18.6375
39.080341923549106 18.6033
39.103967529460334 18.5692
39.127594865365744 18.5174
39.15140854155791 18.5205
39.17503935514948 18.5137
39.19867190290282 18.4498
39.22249083587951 18.4416
39.24612686969409 18.4474
39.269764641845306 18.3977
39.293404153722804 18.4156
39.317230110864074 18.3165
39.34087311998506 18.3169
39.36451787301696 18.2901
39.388164371352595 18.2206
39.41199737518003 18.1109
39.43564738196752 18.1737
39.45929913825317 18.1436
39.48295264543308 18.1231
39.506792718520884 18.0612
39.530449745387216 18.0324
39.55410852735203 18.0392
39.57776906581474 18.0338
39.60161623079 17.9736
39.625280300200025 17.9314
39.64894613032202 17.8909
39.67261372255866 17.919
39.6964680021016 17.8388
39.72013913657293 17.8661
39.74381203738292 17.8655
39.76748670593756 17.7806
39.79134812278169 17.7639
39.81502634488497 17.7539
39.83870633896685 17.7024
39.862388106436654 17.5951
39.88625668336918 17.6043
39.90994201572829 17.6562
39.933629125719285 17.6135
39.957503091207826 17.5517
39.9811937746168 17.607
40.00488623990914 17.4921
40.02858048850006 17.504
40.05246165409549 17.4449
40.076159487492085 17.3869
40.099859108448875 17.3502
40.123560518384345 17.3642
40.1474489070226 17.3413
40.171153913178564 17.2876
40.194860712584955 17.3137
40.2185693066637 17.2774
40.242464941335314 17.2433
40.26617714307655 17.2259
40.289891143772046 17.2552
40.3136069448471 17.1872
40.33750984859743 17.1648
40.3612292688043 17.101
40.3849504936829 17.0105
40.40867352466194 17.0417
40.43258372059144 16.9773
40.45631038219906 17.0658
40.48003885420956 16.9467
40.503769138055105 16.8934
40.52768664931955 16.9236
40.55142057531802 16.9002
40.57515631746428 16.8607
40.599079334038514 16.7806
40.62281872700477 16.7529
40.64655994043941 16.7516
40.67030297578061 16.7165
40.69423334835778 16.7225
40.71798004609188 16.7095
40.74172857006355 16.6337
40.76547892171441 16.6057
40.7894166736039 16.5825
40.813170699248566 16.5898
40.83692655691388 16.5883
40.86068424804498 16.5501
40.884629402612525 16.5275
40.908390779366385 16.5729
40.932153993938 16.4699
40.95591904777605 16.4847
40.979871628443995 16.4094
41.003640379561936 16.4035
41.02741097430883 16.3971
41.05118341413683 16.3401
41.075143444384416 16.3279
41.098919593177826 16.3546
41.1226975914255 16.2915
41.14647744058318 16.2264
41.170444943946755 16.1608
41.19422851378379 16.1452
41.218013938914645 16.0748
41.24198706625173 16.0936
41.26577622087193 16.1012
41.289567235177785 16.0443
41.31336011063129 16.0208
41.337340752422875 15.9487
41.361137369129835 15.9729
41.38493585138705 15.9327
41.40873620066004 15.87
41.43272438060107 15.9197
41.45652848292052 15.8622
41.48033445666918 15.7722
41.50414230331616 15.7677
41.528138045159764 15.8222
41.551949656675205 15.7327
41.575763145513235 15.7232
41.59957851314666 15.6413
41.62358184070442 15.633
41.64740098505737 15.6166
41.6712220126409 15.5916
41.69504492493139 15.5681
41.71905586207357 15.5615
41.74288256296395 15.5297
41.766711153007456 15.5294
41.79054163368412 15.4577
41.814560204340054 15.4728
41.838394485526365 15.5425
41.86223066180303 15.3797
41.88625497706819 15.3328
41.910094962812 15.4084
41.93393684811168 15.3642
41.95778063445365 15.235999999999999
41.981812625263366 15.270999999999999
42.00566023303407 15.2901
42.029509746323676 15.2606
42.05336116662236 15.2329
42.077400857069705 15.237
42.10125611078846 15.1527
42.12511327600405 15.1549
42.14897235421036 15.0795
42.173019768448455 15.1022
42.19688269209613 15.0606
42.22074753323349 15.0502
42.24461429335818 14.9969
42.268669455600495 14.9023
42.292540073217886 14.9115
42.31641261433284 14.9205
42.34028708044675 14.885
42.36435001496739 14.8589
42.38822835065557 14.902999999999999
42.41210861586426 14.8135
42.4359908120986 14.8107
42.46006154323262 14.7677
42.48394762115317 14.7233
42.507835634632315 14.7849
42.531912233047436 14.7089
42.55580413732265 14.6907
42.579697981698 14.6827
42.60359376768525 14.6768
42.62767820545945 14.6345
42.65157789440821 14.587
42.67547952952185 14.5751
42.699383112316 14.5471
42.72347541395347 14.4983
42.74738291190531 14.4632
42.771292362102166 14.475
42.795203766063516 14.4075
42.819303956130405 14.4031
42.843219287476536 14.3751
42.86713657716324 14.3432
42.89105582671383 14.2971
42.91516392983864 14.3503
42.939087119032166 14.3889
42.963012272677304 14.2978
42.98693939230129 14.1854
43.01105543317513 14.1849
43.034986504731386 14.1648
43.05891954686589 14.1806
43.08285456110972 14.1394
43.10697856448665 14.0918
43.130917542983475 14.082
43.15485849820081 14.1341
43.17880143167367 14.0916
43.20293342237094 13.9743
43.226880332449 13.9506
43.25082922540554 14.037
43.27496722682525 13.9559
43.29892010567796 13.9404
43.32287497204102 13.9069
43.34683182745632 13.8804
43.370977859791836 13.8711
43.39493871351105 13.8341
43.41890156092628 13.7715
43.44286640358341 13.8086
43.46702049182749 13.8001
43.49098934522816 13.7614
43.51496019852649 13.7142
43.5389330532723 13.6921
43.56309522248204 13.6452
43.58707210044314 13.664000000000001
43.61105098451946 13.6154
43.63503187626491 13.5713
43.659202151562134 13.5992
43.68318707902681 13.5754
43.70717401884041 13.5709
43.731162972560874 13.5079
43.75534137913236 13.4394
43.779334381108384 13.4442
43.803329401683186 13.4422
43.82732644241872 13.4381
43.8515130055166 13.3503
43.87551410707659 13.3414
43.89951723350145 13.3442
43.923709934595614 13.274000000000001
43.94771713129917 13.280999999999999
43.97172635758096 13.244000000000002
43.99573761501002 13.2278
44.0199385169922 13.2203
44.04395385732619 13.195
44.067971233533086 13.1729
44.09199064718605 13.1542
44.11619977548961 13.0941
44.14022328470671 13.1477
44.16424883610785 13.1233
44.18827643127035 13.1058
44.21249381139513 13.056
44.236525514814076 13.0642
44.26055926674478 12.9998
44.28459506876863 13.0068
44.3088207262813 12.9447
44.33286064928722 12.9313
44.35690262714919 12.9247
44.38094666145278 12.8765
44.4051806219871 12.8961
44.42922879003185 12.8593
44.45327901929361 12.8014
44.477331311362136 12.7875
44.501573600619416 12.7887
44.525630039221795 12.7401
44.54968854541895 12.7225
44.573937102200176 12.7231
44.5979997645541 12.6672
44.622064499300315 12.6762
44.64613130803592 12.651
44.67038823869318 12.6464
44.69445921643748 12.6025
44.718532272981385 12.5077
44.742607409926194 12.5221
44.76687274034801 12.4791
44.79095205918753 12.4868
44.81503346325094 12.5108
44.839116954143876 12.4605
44.86339071028742 12.4167
44.88747839599524 12.4202
44.91156817336837 12.3923
44.93566004401666 12.3427
44.959942251908146 12.3167
44.984038330325966 12.3421
45.00813650686762 12.269
45.03223678314731 12.2722
45.05652746888232 12.2486
45.08063196592069 12.2244
45.104738567558705 12.194
45.128847275414856 12.1979
45.15314646515866 12.1821
45.17725940679741 12.1791
45.20137445952892 12.1274
45.22568004865265 12.0482
45.24979934496396 12.1039
45.27392075725247 12.1162
45.29804428714431 12.0483
45.322358426247604 12.0438
45.346486212804315 12.0045
45.370616121861914 11.9786
45.39474815505086 11.9459
45.41907087049246 11.9309
45.4432071734666 11.8774
45.46734560548283 11.8787
45.49148616817604 11.9337
45.51581748638564 11.8476
45.5399623320197 11.8426
45.56410931325473 11.7869
45.58825843173002 11.7978
45.61259837920865 11.7537
45.636751793816 11.7868
45.66090735060093 11.7175
45.68506505120716 11.7422
45.7094136545275 11.7037
45.73357566449271 11.647
45.75773982322992 11.5841
45.78190613238733 11.6353
45.806263418194064 11.5787
45.83043404997326 11.630999999999998
45.85460683713677 11.5889
45.87897065658495 11.5322
45.90314777634752 11.4911
45.92732705646868 11.5304
45.9515084986045 11.485999999999999
45.97588104735473 11.4566
46.00006683541565 11.484000000000002
46.02425479047904 11.4258
46.04844491420549 11.405
46.0728262191024 11.4303
46.09702070211635 11.3507
46.12121735879483 11.3622
46.14541619080294 11.3648
46.169806278764455 11.333
46.194009483459034 11.2626
46.21821486849841 11.2421
46.24242243555223 11.2145
46.266821333570014 11.1912
46.29103328674601 11.1905
46.31524742696538 11.2045
46.33946375590237 11.1505
46.36387149104216 11.1534
46.38809221957392 11.0859
46.41231514186606 11.097000000000001
46.436540259597464 11.0949
46.460956858999374 11.0881
46.48518638983522 11.0611
46.509418121166966 11.0026
46.533652054678114 10.9607
46.55807754555709 10.9697
46.58231590571962 10.9712
46.60655647313217 10.9494
46.630988654873654 10.8824
46.655233659129024 10.9008
46.67948087571551 10.9225
46.70373030632484 10.8604
46.72817142736393 10.8272
46.752425308428684 10.8405
46.77668140861147 10.7904
46.80093972960865 10.7618
46.82538981736788 10.6947
46.849652602470904 10.7426
46.87391761349769 10.7233
46.8981848521493 10.7146
46.9226439341274 10.6407
46.946915650573224 10.6411
46.97118959976749 10.6103
46.99546578341598 10.5729
47.019933887188216 10.5994
47.04421456235744 10.5857
47.06849747711879 10.5804
47.09278263318286 10.5486
47.11725978640143 10.4937
47.14154944775105 10.4636
47.165841355555656 10.4669
47.1901355115306 10.4315
47.214621741924994 10.4072
47.23892041698887 10.3935
47.26322134538975 10.4001
47.28771440635075 10.4205
47.31201986422527 10.3498
47.33632758061436 10.3267
47.360637557241866 10.3321
47.38513974410611 10.2727
47.40945426407847 10.2523
47.43377104948137 10.2828
47.45809010204344 10.2405
47.48260144275502 10.2122
47.506925052572285 10.1907
47.53125093475548 10.1867
47.55557909103813 10.1622
47.58009961361992 10.1295
47.60443234110732 10.1186
47.62876734791564 10.1092
47.65310463578333 10.0815
47.6776343683373 10.0655
47.7019762413987 10.0322
47.72632040075572 9.99956
47.75066684815169 10.0144
47.77520581885936 9.9975
47.799556865477655 9.9854
47.823910205386 9.99958
47.84826584033272 9.94996
47.87281407745551 9.92447
47.89717432569297 9.91837
47.92153687423484 9.87865
47.94609208429692 9.88392
47.97045925671401 9.8349
47.99482873471275 9.791080000000001
48.01920052005013 9.83634
48.04376504619224 9.787460000000001
48.068141469543484 9.81606
48.09252020552573 9.80689
48.11690125590099 9.78388
48.1414751266064 9.76918
48.16586082917454 9.717319999999999
48.19024885144316 9.70942
48.2146391951793 9.68545
48.239222439012764 9.69053
48.26361744916137 9.63437
48.28801478610016 9.62648
48.31241445160131 9.60229
48.337007097209366 9.6189
48.36141144338331 9.576089999999999
48.38581812345755 9.53248
48.41022713920929 9.55595
48.434829215320704 9.5259
48.45924292604658 9.48125
48.48365897780325 9.49677
48.50807737237308 9.4706
48.532688907799276 9.48219
48.55711201168574 9.47307
48.581537463754074 9.43027
48.60615611725119 9.41288
48.63058628942721 9.401860000000001
48.65501881516546 9.40725
48.6794536962573 9.34031
48.70408185970339 9.34895
48.72852147531801 9.30417
48.75296345168211 9.27995
48.77740779059232 9.28713
48.80204549302823 9.30834
48.82649458091802 9.288030000000001
48.85094603676547 9.22595
48.87539986237231 9.19771
48.90004713292306 9.17113
48.92450572200832 9.20005
48.94896668628025 9.17307
48.97343002754588 9.09811
48.99808689542115 9.12498
49.02255501470614 9.153310000000001
49.04702551642794 9.07092
49.0714984023988 9.09732
49.096164896893235 9.08052
49.120642575466796 9.03065
49.145122643748394 9.03456
49.16960510355558 8.98653
49.19428125404938 8.971789999999999
49.2187685210852 8.97379
49.243258185121555 8.94605
49.26794160167084 8.943060000000001
49.2924360839405 8.92878
49.31693296869764 8.89373
49.34143225776915 8.8733
49.36612538195438 8.88857
49.39062950396021 8.9043
49.41513603578346 8.83215
49.4396449792564 8.81643
49.46434784069503 8.82726
49.488861631846454 8.8047
49.513377840166804 8.76637
49.537896467493745 8.74306
49.56260909589029 8.72522
49.587132585683285 8.70084
49.611658500018365 8.710930000000001
49.636186840738596 8.69764
49.66090926588511 8.6986
49.685442483902584 8.63177
49.70997813385706 8.600610000000001
49.734516217597076 8.64253
49.75924846937352 8.63368
49.7837914452858 8.597489999999999
49.80833686055187 8.55593
49.83288471702571 8.5188
49.85762682540054 8.51224
49.882179588965734 8.513710000000001
49.9067347993235 8.52201
49.93129245833333 8.50128
49.95604445336378 8.47812
49.98060703442832 8.42539
50.005172069746266 8.427480000000001
50.02993150438364 8.420110000000001
50.05450147301533 8.43173
50.07907390151433 8.38604
50.10364879174981 8.3609
50.12841816587289 8.35758
50.1529980044635 8.32653
50.17758031042124 8.346960000000001
50.20216508562089 8.31283
50.22694442953363 8.276019999999999
50.25153416817468 8.30023
50.27612638170508 8.25007
50.300721072005196 8.23039
50.325510416102105 8.19924
50.350110084975064 8.20836
50.37471223628208 8.21344
50.39931687190919 8.20128
50.424116246675766 8.17785
50.44872587605249 8.15058
50.47333799543065 8.13456
50.49795260670191 8.110330000000001
50.52276204271512 8.09961
50.54738166295838 8.09457
50.57200378079314 8.082419999999999
50.596628398116835 8.02711
50.62144792604559 8.05919
50.646077567609396 8.03791
50.670709714377715 8.021
50.69553683636198 8.00966
50.72017401885922 7.973960000000001
50.7448137122895 7.942080000000001
50.76945591856022 7.96254
50.79429318636823 7.931719999999999
50.818940443716784 7.92692
50.84359021965163 7.91638
50.868242516085964 7.93647
50.893089960641895 7.919580000000001
50.917747323549435 7.8665
50.94240721271973 7.89116
50.96706963007175 7.84738
50.99192728239342 7.80805
51.01659478166073 7.817489999999999
51.04126481489051 7.78401
51.06593738400761 7.78832
51.090805275207074 7.732939999999999
51.11548294172845 7.749969999999999
51.14016314993547 7.73033
51.164845901758845 7.71143
51.18972406304274 7.6689
51.21441192780656 7.698580000000001
51.23910234200271 7.662610000000001
51.2637953075678 7.64584
51.288683770237945 7.638839999999999
51.31338186432707 7.605810000000001
51.33808251561888 7.59767
51.362978729967345 7.591660000000001
51.387684521509755 7.55817
51.41239287610203 7.54235
51.437103795691165 7.51433
51.46201036644977 7.521780000000001
51.486726441956634 7.502839999999999
51.51144508832545 7.485360000000001
51.536166307509156 7.47301
51.56108326624387 7.470610000000001
51.58580965706056 7.429139999999999
51.61053862657523 7.414789999999999
51.635270176746864 7.37437
51.66019755512065 7.3758300000000006
51.68493429268881 7.3733
51.70967361681515 7.404560000000001
51.73441552946465 7.344410000000001
51.759353359237934 7.32826
51.7841004750961 7.32137
51.80885018539685 7.289280000000001
51.833602492111254 7.3015
51.8585508051424 7.280360000000001
51.883308330926425 7.26532
51.90806845906181 7.268789999999999
51.932831191525715 7.22231
51.95779001977161 7.19395
51.98255798721516 7.20953
52.00732856494335 7.210780000000001
52.03229530577543 7.155289999999999
52.057071130455945 7.14767
52.081849571391054 7.13143
52.106630630568695 7.10573
52.13160794279417 7.09967
52.15639426492067 7.097989999999999
52.18118321127822 7.0906899999999995
52.205974783860896 7.073119999999999
52.23096269971011 7.0679
52.255759551287994 7.0640600000000004
52.280559035098186 6.994160000000001
52.30536115314103 7.00485
52.33035970494467 6.982060000000001
52.35516711807904 6.977939999999999
52.37997717147198 6.960260000000001
52.40478986713005 6.9618899999999995
52.42979908731974 6.93668
52.454617094216 6.91253
52.47943774942214 6.92484
52.50426105495102 6.92048
52.529280976059844 6.878989999999999
52.554109609024096 6.857539999999999
52.57894089837482 6.85981
52.60377484613117 6.847919999999999
52.62880550079408 6.857469999999999
52.65364479223379 6.78158
52.67848674816189 6.7819899999999995
52.70352547971946 6.77715
52.72837279155837 6.766260000000001
52.753222773982785 6.69872
52.778075429022984 6.745410000000001
52.80312495150885 6.73694
52.827982978797436 6.712389999999999
52.85284368481815 6.69247
52.87770707160767 6.664839999999999
52.90276741793998 6.6355
52.92763619336701 6.6447199999999995
52.952507655698504 6.68618
52.977381806977576 6.6507
53.00245301017842 6.62708
53.02733256653592 6.590139999999999
53.052214817996074 6.60007
53.077099766608484 6.5494
53.102181859804446 6.56894
53.127072229988265 6.5591
53.15196530349892 6.54665
53.17686108239249 6.505719999999999
53.20195409881522 6.50085
53.22685531582556 6.49516
53.25175924441303 6.44537
53.27666588664027 6.45165
53.30176985962693 6.4448
53.3266819565689 6.44343
53.35159677336455 6.41734
53.376514312083096 6.4292
53.40162927507703 6.4276800000000005
53.42655228516116 6.37896
53.45147802340193 6.36335
53.47660125628886 6.3522099999999995
53.50153247842639 6.3269
53.52646643496923 6.3183
53.55140312799818 6.32185
53.576537409691696 6.33549
53.60147960336152 6.23415
53.626424539786164 6.221419999999999
53.65137222105307 6.26203
53.67651758529126 6.23395
53.70147078399681 6.19832
53.72642673383343 6.2229
53.75138543689533 6.18928
53.776541917524526 6.23541
53.801506154876755 6.15442
53.826473151763246 6.15238
53.851442910284916 6.1314400000000004
53.87661054126026 6.09881
53.9015858509782 6.07742
53.92656392866066 6.10925
53.95154477641532 6.1058699999999995
53.976723591801296 6.06332
54.00171000771266 6.06245
54.02669920004598 6.0614300000000005
54.051691170915745 6.0424
54.076881204886796 6.05328
54.101878760928514 6.06811
54.12687910187696 6.009440000000001
54.152077577768296 5.9803
54.1770835166946 5.959630000000001
54.20209224691339 5.89914
54.22710377055121 5.94855
54.25231352511594 5.92235
54.27733066384342 5.88662
54.30235060239643 5.9265300000000005
54.32737334290836 5.87796
54.35259441062629 5.81956
54.377622783395324 5.84654
54.40265396455061 5.85478
54.42768795623251 5.84321
54.45292037169559 5.771380000000001
54.477960012857906 5.79385
54.50300247099511 5.76215
54.52804774825457 5.79062
54.55329154616743 5.72336
54.57834249018678 5.71093
54.6033962597977 5.69426
54.6284528571545 5.66275
54.653708072335164 5.62844
54.67877035378786 5.62868
54.70383546947698 5.62517
54.72890342156389 5.59868
54.7541700889442 5.54691
54.77924374251975 5.5534099999999995
54.8043202390049 5.50544
54.82959552413022 5.46363
54.8546777351945 5.48534
54.87976279569621 5.40449
54.90485070780914 5.46301
54.930137506558005 5.4038699999999995
54.95523115074295 5.4366699999999994
54.98032765308844 5.41193
55.005427015775496 5.36252
55.03072536339621 5.37349
55.05583047570572 5.3247599999999995
55.080938454927676 5.30101
55.10604930325027 5.3097199999999996
55.131359235107396 5.3026
55.15647585066083 5.286980000000001
55.181595341907496 5.19486
55.20671771104285 5.16772
55.232039262617704 5.18236
55.25716741665048 5.13426
55.28229845518636 5.16406
55.30743238042802 5.089169999999999
55.33276558731939 5.05894
55.357905315183636 5.0858
55.383047936390035 5.044230000000001
55.40819345314859 4.98957
55.433538351073295 4.98712
55.458689688238415 5.026669999999999
55.483843927614096 4.96092
55.509197623043605 4.93941
55.53435769621134 4.89445
55.55952067826466 4.81426
55.5846865714265 4.879169999999999
55.61005202069737 4.88143
55.63522376553902 4.85047
55.66039842818645 4.83584
55.68557601087004 4.821969999999999
55.7109532500271 4.72735
55.73613670233794 4.75443
