TT I
1.2716486653135266 7.386430000000001
1.2939594142134223 6.5747
1.3162702121660406 6.34023
1.3385810600174564 6.46248
1.3608919586137629 6.845219999999999
1.383202908801069 6.38224
1.405513911425503 6.39361
1.4278249673332093 6.469130000000001
1.4501343378461518 6.23145
1.4724455028545926 5.65855
1.4947567236847858 5.74273
1.517068001182951 5.8082400000000005
1.5393793361953272 5.36774
1.5616907295681737 5.31695
1.5840021821477681 5.54001
1.60631369478041 4.8377300000000005
1.6286252683124185 4.92071
1.6509369035901333 5.13435
1.6732468618895553 5.30449
1.695558623192809 5.1854
1.7178704487808514 4.67321
1.7401823395001077 5.11178
1.7625012545597203 5.03425
1.7848028405262486 4.88009
1.8071218901122095 4.37871
1.8294236121921872 4.56752
1.8517427996910911 4.3144800000000005
1.8740620574440425 4.36296
1.8963639900671978 4.71877
1.9186833908139995 5.2401
1.9409854680117449 5.45576
1.9633050151394713 5.01445
1.9856246367570705 5.026009999999999
2.0079269371922672 4.68294
2.03024671027244 4.884180000000001
2.0525491637446027 4.6602
2.074869091674931 4.30294
2.097171701569106 4.41697
2.1194917877373847 4.78092
2.141811954326636 4.7127
2.164114805233074 5.37022
2.186435135143035 6.48963
2.208738150935709 15.1607
2.231058647554722 31.1005
2.2533792288321184 23.3649
2.275682498336085 11.0873
2.298003251406138 6.756880000000001
2.3203066942619714 5.7471
2.3426276225136022 5.89917
2.3649486396617507 5.89498
2.387252348930071 6.25012
2.4095735463442893 5.97878
2.4318774374315884 5.88811
2.4541988185014043 6.60047
2.476502894794693 7.30095
2.498824462909887 7.72593
2.521146125856138 8.16077
2.5434504863470337 8.014610000000001
2.5657723414244717 8.08655
2.588076895590662 8.9342
2.610398946189713 8.56665
2.6327210958598384 7.92247
2.6550259469304716 7.85255
2.6773482972090137 8.18743
2.6996533504259 8.476339999999999
2.7219759047039602 8.689210000000001
2.744298562293959 8.75588
2.7666039251246595 8.77241
2.7889267918020164 8.139669999999999
2.8112323652516555 8.76858
2.833555444408179 8.40376
2.8558786311183852 8.26018
2.8781845268938557 8.93543
2.9005079311721484 9.23479
2.9228140460410397 8.943
2.9451376712799635 9.214939999999999
2.967444008632326 9.181280000000001
2.9897678582247247 10.0522
3.0120918213106695 10.5865
3.0343984987899373 10.8256
3.0567226913198637 11.1977
3.079029599759726 12.017000000000001
3.101354025127254 12.6246
3.123678568232338 13.7869
3.145985829517914 12.731
3.16831061055229 13.8723
3.1906181112775593 14.3492
3.212943133635653 15.2483
3.2352682779763207 15.3676
3.2575761442691227 15.3368
3.2799015350264273 15.6128
3.302209649240067 16.2496
3.3245352898092655 16.1754
3.3468436553365257 17.1025
3.369169549113219 18.0242
3.3914955708171384 18.8224
3.413804319727358 18.8499
3.4361305997334863 18.9086
3.4584396084414553 19.6576
3.4807661501462652 20.1728
3.503092824025881 21.014
3.5254022288463154 21.180999999999997
3.5477291695206588 21.8138
3.5700388426251948 22.5114
3.5923660534916446 23.7622
3.6146934007816114 40.1119
3.637003482731501 95.9795
3.6593311053109985 109.396
3.681641464033634 61.9504
3.7039693653009733 31.891
3.726297407241705 26.2417
3.7486081875460804 25.5328
3.7709365132734978 26.2697
3.793247578841633 26.5906
3.8155761917550093 26.4453
3.8378875459837216 27.2571
3.8602164494827234 27.4586
3.882545499606844 28.3294
3.9048572932539183 28.9292
3.9271866390645718 28.6962
3.9494987298666713 29.4601
3.971828374764527 30.2147
3.9941581705403255 30.7499
4.016470713506008 31.239
4.038800813471445 31.6465
4.061113662089144 32.3792
4.0834440696459176 33.574
4.105774632334751 33.8057
4.128087945865126 34.6991
4.150418821249301 35.7339
4.172732448931298 36.7417
4.195063640413578 38.8076
4.2173775856475215 43.2338
4.239709096631102 76.6861
4.262040768704612 261.97
4.284355196706267 357.904
4.306687193387355 234.055
4.329001947444346 87.5501
4.35133427213731 48.762
4.373666762177566 44.4321
4.395982011761091 44.025
4.418314834921175 45.1777
4.44063041906622 54.1977
4.4629635787515625 66.3204
4.4852969080429785 66.4685
4.5076130004776225 54.2669
4.529946671403969 49.9127
4.552263106909177 49.4658
4.574597122877047 50.1905
4.596931312711224 51.3925
4.619248269273446 52.4714
4.6415828092605835 53.4822
4.663900117405352 54.6838
4.686235010953232 56.1813
4.708552674085913 56.9907
4.730887924602802 58.5649
4.753223354952695 59.6557
4.775541557023902 60.6763
4.797877349456786 62.4919
4.820195915032126 64.5107
4.842532072957498 65.985
4.864868414979744 67.8118
4.88718753227192 69.8209
4.909524244902505 71.3073
4.931843734218147 73.2982
4.954180820867835 75.1614
4.976518095879839 78.0273
4.998838149695359 80.5804
5.021175803844231 83.9222
5.043496238205739 86.9211
5.065834274903528 90.6315
5.088172504230693 95.387
5.1104935158799565 100.35799999999999
5.132832132875765 121.81200000000001
5.155153533596801 165.132
5.1774925416746225 194.795
5.199814334878411 270.931
5.2221537374521505 720.24
5.244493338631803 2278.73
5.266815727034316 7305.78
5.289155727832427 13475.2
5.311478517248165 9138.41
5.333818921080011 2785.92
5.356159527788849 510.25300000000004
5.3784829252032536 173.253
5.400823940070432 137.641
5.423147747031976 123.566
5.445489173474152 114.713
5.467830807066149 109.835
5.490155234831516 106.103
5.512497285125229 103.34899999999999
5.534822130975162 101.163
5.557164601388673 98.929
5.579489868738879 96.7338
5.601832762690846 96.369
5.6241758697774475 95.4729
5.646501775867269 93.9843
5.668845311622074 92.6959
5.691171647754637 91.8652
5.713515615597765 90.4619
5.735859800852677 89.6883
5.758186788542988 89.13
5.780531411018185 88.6891
5.802858837297399 88.3003
5.825203900414495 88.2577
5.8475491852224 88.4674
5.869877275883075 88.8554
5.892223006467101 89.3176
5.914551544266608 89.9621
5.936897724049891 91.4809
5.959244129804903 95.1496
5.981573344815301 106.071
6.0039202049061 165.28
6.026249875609095 345.43300000000005
6.04859719346037 768.6519999999999
6.070927323278297 2040.83
6.093275102315365 4584.55
6.115623113320588 5393.47
6.137953938319995 3296.0
6.160302415650845 936.38
6.182633708324452 215.84799999999998
6.2049826554078376 108.47
6.227331838745022 89.06
6.249663839443684 82.818
6.27201349767565 80.8047
6.294345974611799 88.0607
6.316696111167083 102.17200000000001
6.339046488263839 96.4067
6.361379686074702 79.9037
6.383730546639482 71.0054
6.406064229255215 67.7857
6.428415576718203 67.4084
6.450749747566656 66.2317
6.47310158535871 65.0542
6.495453669698332 64.3793
6.517788579421056 63.7866
6.540141159237969 62.6153
6.562476565766648 62.3637
6.5848296444934045 62.0433
6.607182974060425 61.6759
6.6295191323281015 61.5898
6.651872965955752 65.8704
6.6742096296068985 94.4334
6.6965639707294615 147.814
6.71891856698715 148.947
6.741255995248479 99.6864
6.763611104154477 69.0457
6.785949046381137 59.8266
6.808304671371482 57.4426
6.8306605557940046 57.3102
6.852999275508618 56.393
6.875355681171544 56.4082
6.897694923437771 55.7559
6.92005185377892 55.7331
6.9423916220322655 55.3117
6.964749080490181 54.9101
6.987106804399774 55.0254
7.009447368180821 55.022
7.031805625367033 54.7767
7.054146723727803 54.2639
7.076505517631004 54.4362
7.098864581288365 54.7341
7.121206488070854 54.538999999999994
7.143566093607822 54.0395
7.165908543567245 54.3456
7.188268694426048 54.7578
7.2106291193438095 55.003
7.232972390625943 56.8338
7.255333366030969 71.1077
7.277677189091925 132.901
7.300038718428332 188.13299999999998
7.322400526130865 157.609
7.344745183422596 94.5598
7.367107550224791 62.7797
7.389452767901992 56.1383
7.411815697249891 54.7032
7.434161478756298 53.6541
7.456524974096713 53.5633
7.478888753837185 53.7283
7.501235387657368 54.2203
7.523599738562711 53.7933
7.545946944825532 54.2924
7.568311870344528 54.7412
7.5906770845765665 54.5718
7.613025156078678 56.3433
7.635390950099687 57.7155
7.657739602662809 56.8414
7.680105979923558 55.1976
7.702472650212829 55.4066
7.724822180948224 55.1713
7.747189439655568 55.5047
7.769539560075357 55.1555
7.791907410653562 55.8152
7.81425812420825 55.6161
7.836626570110925 56.0969
7.858995315087906 56.7992
7.881346924933401 56.8656
7.903716270417482 57.3942
7.926068482028405 57.864
7.948438431475253 58.1705
7.9708086843180235 58.7178
7.993161805171116 59.5339
8.015532667162402 59.5953
8.037886398416653 60.4524
8.060257873014221 60.7172
8.082629655331942 61.6973
8.104984308787587 62.3309
8.127356708900503 66.2211
8.149711981398308 72.7358
8.172085002766314 74.9324
8.194458336181368 71.15
8.216814543847752 68.2611
8.23918850371002 67.9385
8.26154533906492 68.5566
8.283919928836452 70.118
8.306277395339652 71.10600000000001
8.328652618483376 72.0939
8.351028159736202 73.9588
8.373386579575245 76.1867
8.395762759396959 77.9296
8.418121819038275 82.6683
8.440498640894003 96.7687
8.462875785192262 111.06
8.485235811156207 117.346
8.507613602688501 140.244
8.529974277114228 206.162
8.552352719347912 319.875
8.574731488360351 555.04
8.59709314210385 1116.74
8.619472567021075 1892.28
8.64183487789147 2312.03
8.664214962183097 1856.27
8.686577933647762 924.5110000000001
8.708958680784317 349.837
8.731339760774953 160.4
8.753703729764451 108.17299999999999
8.77608547780821 96.2363
8.798450116065078 92.6631
8.820832535634787 90.13799999999999
8.843215292401656 88.6512
8.865580941199045 87.9919
8.887964374703538 86.6536
8.910330701447199 87.9976
8.932714815164482 90.677
8.955099270424924 90.4649
8.977466620733543 86.6676
8.999851761421976 83.5942
9.022219798361645 81.764
9.04460562795561 81.6209
9.066991803441677 80.789
9.089360876979615 80.8552
9.111747746589993 80.667
9.13411751544971 80.2032
9.156505082664324 79.9178
9.178875550323522 80.3291
9.20126381862328 80.7315
9.223652438908596 81.0589
9.246023961427412 80.8039
9.26841328802173 79.9045
9.290785518039224 79.9127
9.313175554425882 80.2601
9.335565947154315 80.7141
9.357939245086508 80.8497
9.380330352834827 81.2195
9.40270436697103 81.2272
9.425096193225055 81.0547
9.447488380180165 81.7212
9.469863475295412 82.3156
9.492256385987508 82.5784
9.514632206018318 83.2837
9.537025843935714 83.5707
9.559402392368193 84.2619
9.581796761000229 85.0209
9.604191496441521 86.0011
9.626569144158516 90.3165
9.648964615551032 95.5707
9.671343000390081 97.3839
9.693739211225699 94.5836
9.716135793237463 92.0536
9.738515290448102 91.1488
9.760912617143402 91.8853
9.783292860202891 93.1538
9.805690935076182 93.9352
9.828089385495742 94.8666
9.850470754023561 97.3789
9.872869957865444 105.68799999999999
9.89525208097539 121.94200000000001
9.917652041736662 134.985
9.940052382417589 133.599
9.962435644102392 131.203
9.984836746950979 151.87
10.007220771957746 201.922
10.029622640473708 289.373
10.052007432299963 459.389
10.074410069984072 746.485
10.096813093716005 1251.67
10.119199042482517 1766.5
10.141602840636468 2044.02
10.163989564971628 1561.72
10.186394141051062 860.8389999999999
10.208799107559706 370.374
10.231187001965623 179.04
10.253592751657669 122.43299999999999
10.275981430388155 110.24600000000001
10.298387966769793 110.693
10.320794897965431 113.695
10.343184759907361 112.57799999999999
10.36559248305461 107.12
10.387983138083852 101.91799999999999
10.410391656691655 102.42
10.432800574501677 109.741
10.455192425893369 121.834
10.47760214443012 143.635
10.499994797678786 184.99099999999999
10.522405320453982 266.082
10.54479877906917 401.621
10.567210109595656 530.369
10.5896218454736 600.745
10.612016518879773 509.881
10.634429067781074 345.01599999999996
10.656824555333241 198.493
10.679237920773568 122.447
10.701651695961992 94.715
10.724048411481384 87.3559
10.746463008485165 84.5553
10.768860546937125 83.1211
10.791275969274796 81.2969
10.81369180576079 80.3393
10.836090585366925 79.3935
10.858507252467449 78.1652
10.88090686379991 77.3803
10.903324365036394 76.8457
10.925724811614439 77.1234
10.948143150509463 78.3007
10.970561909719066 77.6742
10.992963615930844 75.5077
11.015383218085756 73.3892
11.037785768347074 72.0232
11.06020621697282 71.1457
11.082627090322113 70.6768
11.105030913430326 70.3051
11.12745263854165 71.4688
11.149857314510728 75.0135
11.172279894912576 81.9116
11.194702904450653 82.8753
11.217108866490921 78.6002
11.239532736615194 73.5622
11.26193956033512 71.1029
11.284364294577085 69.3508
11.306789462371718 67.133
11.329197585398376 65.8625
11.351623622610898 65.5129
11.37403261614354 64.5955
11.396459526308487 64.7154
11.418869393879497 64.2997
11.441297180532617 63.998999999999995
11.463725406927658 63.6839
11.486136592353875 63.6219
11.508565700543707 64.2771
11.530977768845315 66.2764
11.553407762368774 67.1388
11.575838200059769 66.6765
11.598251599479612 64.3125
11.620682927815501 62.8967
11.64309721895548 62.6522
11.665529441478206 61.9725
11.687962112597958 61.3731
11.710377748130886 61.8871
11.732811318753434 61.7423
11.755227854859067 61.5143
11.777662328529495 61.5801
11.800079768750786 61.2028
11.822515149015453 61.0517
11.844950984084935 61.303999999999995
11.867369787303163 61.0486
11.889806534289491 61.1935
11.912226250487029 61.1636
11.934663912939751 61.2848
11.9571020346363 61.3875
11.979523127133968 61.3674
12.001962169624331 62.0303
12.024384183972964 62.3849
12.046824150809913 64.7022
12.069264581333726 68.7736
12.091687985297767 74.4849
12.11412934550045 82.7872
12.136553680195208 97.1093
12.158995973632788 119.523
12.181438735204349 150.39700000000002
12.20386447284199 184.225
12.226308172985636 203.87599999999998
12.24873485024193 198.80599999999998
12.271179492516982 163.13299999999998
12.293607112949127 124.014
12.316052700916226 95.3072
12.338498763250042 77.7057
12.360927805303868 69.4622
12.383374818673879 65.3517
12.405804812803074 63.5805
12.428252780773262 63.0412
12.45070122756722 62.9931
12.473132656675375 62.7984
12.49558206341869 62.7446
12.518014453510101 62.978
12.540464823770117 63.3686
12.562915677315177 63.5336
12.58534951575545 64.3284
12.607801338171472 66.7054
12.630236146511358 72.4717
12.652688941369085 77.8907
12.675124723177234 78.2571
12.697578494048786 73.9461
12.720032754458185 68.8668
12.742470003354093 67.0192
12.764925245138771 66.546
12.787363476431278 66.6003
12.809819703166806 66.7724
12.83227642391173 67.3629
12.854716135692716 67.9779
12.877173846755147 69.2219
12.899614549869717 69.3285
12.9220732548287 70.0502
12.94453245827299 70.2963
12.966974655289818 71.2651
12.989434858002571 72.215
13.011878055298721 72.8992
13.034339260862497 73.6417
13.056800969391883 74.9562
13.079245674017244 76.5803
13.101708390774869 78.1984
13.12415410463411 83.2608
13.146617833206086 92.5224
13.169064559883248 102.649
13.191529303857127 115.559
13.213994557076367 135.98
13.236442809902437 170.766
13.258909083908291 227.514
13.28135835851934 300.937
13.30382565690295 377.959
13.326293469022952 435.67400000000004
13.348744283242008 428.111
13.371213125129904 350.20099999999996
13.39366497011003 250.19
13.416134845360597 167.972
13.438605238843131 120.09299999999999
13.46105863690397 101.022
13.483530069144786 99.3337
13.505984506951902 102.70100000000001
13.528456981549432 111.37200000000001
13.550929978879088 125.01100000000001
13.573385983253365 147.384
13.595860028340867 186.37900000000002
13.618317081455832 243.063
13.64079217790333 307.819
13.663250283359057 358.463
13.685726434770173 379.015
13.708203115221277 334.966
13.730662806148091 254.003
13.75314054697177 178.206
13.775601299246777 123.87700000000001
13.798080104050406 94.69200000000001
13.820559442405358 83.5455
13.843021793671388 79.9122
13.865502201420897 78.3987
13.887965623051947 77.7289
13.910447103807167 76.4778
13.932929122629764 75.1703
13.955394156785959 75.1229
13.977877254034569 74.1077
14.000343367582113 73.4569
14.022827546871707 72.7786
14.045294743423524 72.1576
14.06778000837062 71.4216
14.090265817715476 71.1921
14.112734645763819 71.2138
14.13522154619454 70.9079
14.157691466286913 71.1262
14.180179461423874 70.7165
14.202668005486178 69.9294
14.22513957064374 69.4275
14.247629214846473 68.8171
14.270101881097517 68.4691
14.29259262906496 69.0365
14.315083930490205 69.9661
14.337558255389705 70.2901
14.360050666019726 69.9628
14.382526101071944 68.7633
14.405019624534942 67.9891
14.427513705993134 67.2845
14.449990813291825 67.1126
14.47248601302899 66.8401
14.49496423954951 67.2746
14.517460561197822 67.2217
14.539939910570322 66.9284
14.562437357763558 67.5674
14.58493536931253 68.7771
14.607416409993311 69.5977
14.62991555254159 70.2806
14.652397725157423 70.0564
14.674898002342799 69.35
14.697398848433282 68.5628
14.719882725991326 69.2423
14.74238471217934 69.5798
14.764869730765593 71.8984
14.787372860692983 74.3236
14.809876564079925 78.2442
14.83236330125751 83.2623
14.854868153850365 90.9913
14.877356041159485 103.762
14.899862046604186 122.571
14.922351087688757 149.874
14.944858249632887 183.201
14.967365991421232 213.112
14.989856770231246 230.032
15.012365673994204 218.623
15.03485761569738 188.612
15.05736768508665 148.278
15.07987833888692 112.42200000000001
15.102372032001655 88.1982
15.124883856909658 75.1684
15.14737872204565 70.899
15.169891721717274 69.2308
15.192405310371893 68.955
15.214901940621196 69.5314
15.237416709527137 69.5965
15.259914520936249 69.8698
15.282430473753607 69.1274
15.304947020131227 67.7408
15.327446610371178 66.7487
15.349964346154254 65.8651
15.372465126703139 65.3984
15.394984055556009 64.9042
15.417486030076159 64.7589
15.44000615566487 64.6759
15.462526881230803 64.5644
15.485030653812652 64.9677
15.507552581617434 64.9899
15.530057557334603 64.8681
15.55258069104857 64.7128
15.575104429329837 64.5885
15.597611216864632 64.2653
15.620136166564563 64.1926
15.6426441664095 64.5496
15.665170331202765 65.9173
15.687697105158826 68.4592
15.710206930593545 71.5387
15.732734925158933 74.9936
15.755245972089478 80.3879
15.77777519094324 89.2725
15.800287463046663 102.3
15.822817909869592 121.431
15.84534897229804 146.101
15.867863089299354 172.245
15.890395385222186 192.15900000000002
15.912910736597423 197.805
15.935444269699861 182.858
15.957978423016485 153.388
15.980495633101265 120.97399999999999
16.003031029129367 94.4008
16.02554948280019 76.2243
16.048086125229432 66.9566
16.070623392487107 64.4095
16.09314371869582 63.471000000000004
16.11568223789321 62.6622
16.13820381691126 61.4781
16.160743591742527 60.3944
16.183283996022084 59.5066
16.205807461423195 58.4646
16.228349126881973 57.7391
16.25087385432698 57.8321
16.27341678466365 57.3238
16.29594277784926 57.0969
16.31848697676433 57.5429
16.341031811604868 57.9546
16.36355971058487 58.2665
16.3861058195587 57.9189
16.40863499352978 56.9151
16.431182380342005 55.9421
16.453730407713202 55.2666
16.476261501364792 54.7973
16.498810812136167 54.5028
16.52134319004079 54.629
16.54389378792203 54.3505
16.566445031001553 54.1105
16.588979342490088 53.9313
16.61153187824822 53.9715
16.634067483263312 53.7433
16.656621315414416 53.5678
16.679175797408888 53.378
16.701713349928728 53.4896
16.72426913389191 53.8562
16.74680798922351 53.95
16.76936507887444 53.7908
16.791905240734874 53.9135
16.814463639794468 53.6068
16.837022695210294 53.6006
16.859564824093756 54.0319
16.882125194503903 54.7736
16.904668639217885 55.6872
16.927230328348003 55.85
16.949792678493612 55.8122
16.972338104193863 55.2602
16.994901778652235 54.6084
17.017448529496576 54.5132
17.040013531998152 54.2956
17.06257920018044 54.7912
17.0851279459922 55.2404
17.107694947817667 55.9519
17.130245028099072 56.9308
17.15281336730298 58.1475
17.17536478578733 59.6989
17.19793446610687 61.7967
17.220504818648422 64.7854
17.243058251703697 68.4001
17.265629950971032 72.9989
17.288184731571736 78.036
17.310757781306908 82.6272
17.33333150794385 82.5007
17.355888317140174 80.4487
17.37846339986244 74.9899
17.401021565958885 68.84
17.42359800851343 63.6366
17.44617513265564 60.3639
17.468735341390783 58.5995
17.491261035594565 57.7464
17.51396340099364 57.6122
17.536490463869136 57.843
17.559018209820174 57.7994
17.58154663977963 57.7943
17.604251766089718 57.8734
17.626781572227713 58.0792
17.64931206518155 58.464
17.671843245885103 58.9146
17.69455114821572 59.1836
17.717083712612634 59.4357
17.739616967569667 59.5897
17.762150914021706 59.7219
17.78486160749854 59.6594
17.807396945166804 60.158
17.829932977143503 61.0595
17.85246970436452 62.0131
17.875183204129467 63.4191
17.897721330097664 65.4337
17.920260154126645 67.5055
17.942799677153296 70.345
17.9655159983646 73.8976
17.988056927677544 78.74600000000001
18.010598558807683 86.3218
18.033140892692916 96.5904
18.05586005052525 108.896
18.07840379824407 120.927
18.10094825154059 131.222
18.12366954819864 138.58700000000002
18.146215420998306 136.497
18.16876200220057 125.945
18.191309292745153 112.712
18.214033452627167 99.6165
18.236582170236648 88.5344
18.259131600016456 83.2859
18.281681742907335 84.025
18.304408781233683 88.939
18.32696035875955 94.64
18.349512652227624 100.405
18.372065662579683 105.11
18.394795594587553 106.101
18.41735004715306 102.06
18.43990521943684 94.4674
18.46246111238171 84.8015
18.485193953325208 75.6184
18.507751296070428 68.7116
18.530309362314178 64.8025
18.552868153000343 62.403
18.57560391815056 61.0245
18.59816416623245 60.3455
18.620725141597372 59.8847
18.643286845190268 59.5921
18.666025549835414 59.0963
18.688588718427933 58.672
18.711152618092243 58.6009
18.73389353884365 57.9858
18.75645890921984 57.5437
18.77902501351406 57.4821
18.801591852673102 57.5318
18.824335739722738 56.8275
18.846904057212626 56.7064
18.8694731124168 56.4985
18.89204290628315 56.5854
18.914789774966803 56.2071
18.937361054791623 55.8653
18.959933076131318 55.7198
18.982505839934877 55.7422
19.00525570560582 55.7823
19.027829963004184 55.6595
19.05040496572238 55.8968
19.072980714710468 55.6464
19.095733592739563 55.716
19.11831084296757 56.0546
19.140888842324735 56.4654
19.16346759176222 56.6137
19.18622349753803 57.0503
19.208803755869358 57.8423
19.231384767143577 58.8427
19.253966532312948 60.2533
19.276725481241822 62.3139
19.29930876296784 65.2009
19.3218928014549 68.5368
19.34465404436217 71.8582
19.36723960516257 74.8976
19.389825925592426 75.3387
19.412413006605938 74.3539
19.43517731967805 70.4842
19.457765930683355 65.9421
19.48035530514408 61.2809
19.50294544401556 57.7284
19.525712842708348 55.5357
19.54830451925909 54.1413
19.570896963095727 53.0025
19.593490175174704 52.8549
19.616260674962184 52.722
19.638855432416964 52.2648
19.661450960992624 52.7008
19.68404726164677 52.5874
19.706820878021247 52.0904
19.729418731756834 52.3597
19.752017360452857 52.1909
19.77461676506804 52.426
19.797393513540218 52.531000000000006
19.819994478951667 52.5886
19.84259622316767 52.9852
19.8651987471481 53.505
19.887978643247177 53.5349
19.91058273574792 53.977
19.933187610901943 54.7916
19.955969879466828 55.8698
19.97857632894404 57.3031
20.00118356396599 58.8919
20.023791585494575 60.9239
20.046577028914875 64.0602
20.069186632506966 66.2978
20.091797025500632 68.234
20.114408208858933 68.9299
20.137196842715273 68.1682
20.159809615886765 66.2646
20.18242318232135 63.6746
20.20503754298326 61.7503
20.227829382875154 60.7004
20.250445341109344 60.6983
20.27306209647285 61.9619
20.29567964993108 63.3311
20.31847471147704 64.111
20.34109387027612 64.9671
20.363713830075454 64.6912
20.386334591841646 62.9738
20.409132890679302 60.3024
20.431755265564437 57.2097
20.454378445325528 54.2834
20.477002430930366 52.7095
20.499803982716553 51.386
20.522429589228004 50.738
20.54505600449589 50.3102
20.567683229489194 50.074
20.590488049900088 49.6537
20.61311690359731 49.218999999999994
20.63574656993626 48.872
20.658553853717297 48.6846
20.681185154618298 48.506
20.703817271080066 48.5581
20.72645020407368 48.1777
20.749260783967177 48.0659
20.771895359337133 48.0938
20.794530754161617 48.0136
20.817166969412938 47.9713
20.83998086114876 47.8893
20.86261872660049 47.7677
20.885257415405402 47.7493
20.90789692853701 47.4604
20.930714147864748 47.4793
20.953355319030678 47.5411
20.97599731745334 47.8449
20.99864014410749 47.4518
21.021460706796564 47.6545
21.044105199328826 47.9432
21.06675052302631 47.9505
21.089396678865015 48.1188
21.112220600704806 48.2756
21.134868430275347 48.7471
21.15751709492456 48.9402
21.180166595629693 49.3715
21.202993892429635 49.9073
21.22564507473034 50.3519
21.24829709602816 50.5202
21.27112693608965 50.4331
21.293780644891275 50.2454
21.316435195634053 49.7397
21.339090589297417 49.0332
21.361923832041875 48.4004
21.384580921090404 47.8816
21.407238856007325 47.4101
21.429897637773326 47.3838
21.45273429906592 47.3176
21.475394784108598 47.4204
21.498056118951983 47.4621
21.520718304578022 47.5271
21.543558400304388 47.5765
21.566222297108816 47.6912
21.58888704765135 47.7334
21.61155265291521 47.9484
21.63439619898156 48.3098
21.657063523335786 48.5491
21.67973170537063 48.986999999999995
21.7024007460706 49.3753
21.72524775840385 50.0335
21.747918526116475 51.2016
21.770590155457388 52.2401
21.79326264741238 53.9257
21.816113141960237 55.8027
21.838787368860547 57.9628
21.861462461341976 59.986999999999995
21.884315579735777 62.0195
21.90699241312273 63.1627
21.92967011506078 63.5905
21.95234868653799 62.9033
21.9752053151131 61.8207
21.997885635446785 59.8137
22.020566828293532 58.0254
22.04324889464272 56.4537
22.066109049404666 55.5117
22.088792872571794 55.0439
22.111477572219204 55.364
22.1341631493376 55.4185
22.157026846313123 54.9413
22.179714188221507 54.1721
22.202402410582668 53.1709
22.22509151438863 51.5119
22.24795876962584 50.2418
22.270649646204486 49.4176
22.293341407213727 48.949
22.316034053646906 48.4741
22.338904883215342 48.1274
22.36159931041458 48.1512
22.38429462602756 48.1775
22.40699083104897 47.8924
22.429865251039757 47.9625
22.452563244831367 47.9206
22.47526213102522 47.9528
22.49813925616515 47.8111
22.520839937143307 47.5286
22.543541513520587 47.6679
22.56624398629403 47.5307
22.589124730075895 47.4211
22.611829005656723 47.625
22.63453418063466 47.4444
22.657240256008077 47.6661
22.680124634582935 47.8082
22.70283252079775 48.2145
22.725541310413075 48.3124
22.74825100442868 48.4438
22.771139033969575 48.9947
22.79385054687155 49.2599
22.81656296718292 49.8235
22.83927629590484 50.6227
22.862167992606945 51.5509
22.88488314827121 52.9622
22.907599215359284 54.1345
22.93031619487366 55.556000000000004
22.953211574954405 56.3615
22.975930389478226 57.1434
22.998650119445763 57.3521
23.02137076586092 56.3517
23.044269845560063 55.1899
23.06699233506288 53.396
23.089715744034912 51.598
23.112617610931565 50.074
23.135342869061212 49.0015
23.158069049684816 48.1249
23.1807961538087 47.948
23.20370174880544 47.8567
23.226430710184808 47.7396
23.249160598093425 47.7514
23.271891413539002 47.5719
23.294800752937697 47.4687
23.31753343374794 47.7218
23.340267045128353 47.8512
23.36300158808808 48.2651
23.38591468821339 48.5506
23.408651104658304 48.9103
23.431388455719986 49.5196
23.454126742409 50.4639
23.4770436196085 51.4851
23.499783787914662 52.8886
23.522524894889884 54.1742
23.54526694154616 55.3703
23.56818761219047 56.5107
23.59093154860734 56.8957
23.613676427751283 57.0804
23.636422250635754 56.1641
23.659346731118656 54.4384
23.68209445191868 52.6276
23.704843119509587 50.4562
23.72759273490623 48.7249
23.750521041644767 47.3638
23.77327256312355 46.308
23.796025035462787 45.8109
23.818956224555475 45.31399999999999
23.841710609113413 45.1398
23.86446594758979 44.8922
23.887222241002014 44.5849
23.910157285144578 44.3413
23.932915498962537 44.3244
23.955674670778713 44.1464
23.978434801611975 44.0134
24.001373717286125 43.7833
24.024135776723917 43.872
24.046898798245582 43.7087
24.06966278287146 43.5435
24.092605586582614 43.4444
24.115371508023642 43.3505
24.1381383956401 43.3397
24.16090625045381 43.2431
24.183852958731244 43.1549
24.206622758582608 43.1342
24.229393528706886 42.7251
24.252165270127392 42.7802
24.27511589952438 42.713
24.297889594216997 42.6386
24.32066426328598 42.4267
24.34343990775613 42.4459
24.36639447485003 42.4378
24.38917208083877 42.2527
24.41195066531332 42.2282
24.43490819850244 42.3129
24.457688750692377 42.137
24.48047028445616 42.0407
24.503252800821233 42.2079
24.526214300784112 42.3114
24.548998793132213 42.1993
24.57178427117417 42.1085
24.59457073593893 42.303000000000004
24.617536219319863 42.1083
24.64032466834748 42.1876
24.663114107195035 42.0643
24.685904536893013 41.7995
24.708874020360852 41.635
24.731666442613744 41.5658
24.754459858818787 41.477
24.777254270007962 41.5278
24.80022777025625 41.3021
24.82302418230472 41.3695
24.845821592443674 41.2534
24.86862000170663 41.1978
24.891597535453727 41.158
24.914397953892728 41.4401
24.93719937456671 41.376999999999995
24.96000179851076 41.3623
24.98298338249997 41.6694
25.00578782394922 41.9317
25.028593271784167 42.0426
25.05157790644186 42.1926
25.07438537804115 42.3356
25.097193859145293 42.7139
25.120003350792075 42.8545
25.142992065061257 43.1377
25.165803588823465 43.4936
25.18861612625217 43.7835
25.211429678386736 43.8781
25.234422489079968 43.8124
25.257238081693636 43.9172
25.280054692141732 44.0501
25.3028723214652 44.1855
25.325869245420463 44.3277
25.348688923599397 44.246
25.371509623787006 44.0299
25.394331347025812 43.7562
25.41733240110666 43.2168
25.440156181590016 42.5234
25.46298098826268 42.0778
25.48580682216873 41.6155
25.50881202326435 40.9979
25.53163992281684 40.6858
25.55446885274561 40.3568
25.577298814096377 40.104
25.600308179121807 39.9774
25.623140214533745 40.0881
25.64597328451537 39.923
25.66898578564376 39.7665
25.691820936010206 39.8745
25.714657124097695 39.7342
25.737494350954734 39.6705
25.760511045684957 39.7439
25.783350361364224 39.6673
25.806190718969255 39.6374
25.82903211955018 39.8739
25.852053024868923 39.7847
25.874896522722523 39.8084
25.897741066713106 39.7832
25.920586657892454 39.8727
25.943611790812668 40.0287
25.966459487728237 40.0947
25.989308234998564 40.2854
26.01215803367705 40.6848
26.03518741123814 40.7812
26.05803932412957 40.9886
26.080892291600094 40.8211
26.10374631470478 40.9199
26.12677995397268 41.023
26.14963609978026 40.9669
26.172493304397875 40.6692
26.19535156888223 40.4245
26.218389486949604 39.8831
26.241249882640123 39.7221
26.26411134137826 39.474000000000004
26.28715248187403 39.4609
26.31001607820869 39.3573
26.3328807407756 39.0675
26.35574647063438 39.2002
26.37879191991473 39.2857
26.401659795896734 39.3798
26.424528742360263 39.2986
26.447398760366614 39.434
26.470448535598294 39.8111
26.49332070826805 39.9365
26.516193955675355 40.2642
26.53906827888316 40.5361
26.562122397260108 40.5076
26.584998883685063 40.9738
26.607876449110325 41.1923
26.63075509460056 41.2438
26.65381357334404 41.4469
26.67669439061878 41.4617
26.699576291163382 41.3088
26.722459276044212 41.25899999999999
26.745522132402975 40.9734
26.768407297649354 40.6247
26.791293550442003 40.3164
26.814180891848974 40.0072
26.837248143099337 39.7192
26.860137673466657 39.6982
26.88302829566349 39.2573
26.90592001075963 39.1846
26.92899167420566 39.2501
26.951885586870763 38.7402
26.974780595655517 38.5733
26.99785558178161 38.4798
27.020752794605112 38.2273
27.043651106772522 37.9303
27.06655051935668 38.0465
27.089629948036183 37.946
27.112531573292053 37.9507
27.135434302194138 38.0038
27.158338135817015 37.7918
27.181422024430987 37.8621
27.204328079372566 37.7411
27.22723524226965 37.7909
27.250143514198573 37.9137
27.273231880156334 37.8453
27.296142382065014 37.6695
27.319053996245536 37.5438
27.341966723775965 37.5644
27.365059584515222 37.7383
27.38797455070062 37.8335
27.410890633481237 37.6754
27.433807833936918 37.5881
27.456905206923906 37.7986
27.47982465472398 37.8065
27.502745223449743 37.8447
27.525666914182825 37.8864
27.548768816912457 37.869
27.571692763693633 37.711
27.59461783573812 37.6383
27.617723149491244 37.4938
27.640650484125285 37.4585
27.66357894728264 37.3932
27.686508540048052 37.3605
27.709618414237887 37.2866
27.732550278321757 37.171
27.755483275279115 37.0099
27.778417406196485 37.052
27.801531858397514 37.1274
27.824468269376716 37.0152
27.847405817586786 37.0568
27.870344504116094 37.1937
27.893463551932008 37.2655
27.916404527281053 37.5738
27.93934664422563 37.7276
27.962289903855886 37.7871
27.98541356491974 37.9795
28.00835912214229 38.0192
28.03130582533231 38.2994
28.054253675581805 38.2756
28.077381967556104 38.2942
28.100332124185126 38.2943
28.123283431160893 38.2627
28.146235889577238 38.0938
28.169368830154156 37.893
28.192323603752033 37.7452
28.215279532083304 37.3608
28.238415973016764 37.1979
28.261374223145094 37.1062
28.284333631303806 36.8667
28.307294198589954 36.8102
28.330435319167677 36.4514
28.353398217078915 36.1664
28.376362277420153 35.9252
28.39932750129032 35.8586
28.422473319286713 35.7151
28.44544088262495 35.6729
28.468409612800283 35.6134
28.491379510913497 35.4294
28.51453004413313 35.2547
28.53750229057244 35.2479
28.56047570826344 35.2046
28.583450298308804 35.2286
28.606605564586562 35.016999999999996
28.629582511831156 34.9949
28.65256063474956 35.016999999999996
28.675539934446338 34.9356
28.698699951647605 34.8583
28.72168161743193 34.7973
28.74466446331978 34.8875
28.767648490417624 34.7753
28.790813276438353 34.7263
28.813799678527303 34.6993
28.836787265157085 34.7379
28.859955641890075 34.7681
28.882945610203045 34.7652
28.905936766392035 34.7457
28.928929111566863 34.7587
28.952102288520145 34.699
28.975097024308607 34.5947
28.998092952423807 34.2801
29.021090073977508 34.1272
29.04426806913204 34.1001
29.067267590245258 33.958
29.090268308143695 33.9573
29.11327022394099 33.9069
29.13645305530891 33.7807
29.159457379627167 33.6928
29.18246290519685 33.8055
29.20546963313352 33.5891
29.22865731875826 33.7117
29.25166646419296 33.6895
29.27467681535305 33.5422
29.29768837335608 33.6341
29.320880931312562 33.7065
29.34389491580634 33.6602
29.366910110507334 33.6252
29.38992651653503 33.6673
29.41312396492981 33.5525
29.436142806456754 33.3975
29.45916286268059 33.4426
29.48236399319994 33.2244
29.50538649169417 33.1017
29.528410208259935 33.0685
29.55143514402014 32.8556
29.574641196749695 32.7696
29.597668583816574 32.7678
29.6206971934585 32.4679
29.64372702680042 32.5995
29.666938019934474 32.4888
29.689970313635285 32.3623
29.713003834422636 32.4012
29.73603858342347 32.3329
29.759254535188578 32.306
29.78229175361658 32.2033
29.80533020365064 32.2083
29.82836988641968 32.275999999999996
29.85159081507472 32.1034
29.874632976355343 32.1123
29.89767637376955 32.1253
29.920721008448314 31.9685
29.9439469322847 32.0398
29.96699405457564 31.8424
29.9900424175358 31.7809
30.013092022298157 31.8014
30.03632295963995 31.8036
30.059375061131373 31.9528
30.08242840783577 31.925
30.105483000888153 31.8803
30.128718970092244 31.84
30.151776069006917 31.8513
30.17483441768648 31.8717
30.198074175317235 31.7665
30.221135036724256 31.778000000000002
30.24419715131772 31.705
30.267260520236203 31.6735
30.290505341942243 31.6716
30.313571232750228 31.7671
30.336638381310948 31.6962
30.35970678876503 31.66
30.38295669299435 31.5227
30.40602763151657 31.5408
30.429099832366074 31.5137
30.452173296685572 31.4261
30.47542830191959 31.5109
30.498504306502497 31.4383
30.521581577995562 31.6017
30.544660117543582 31.5728
30.56792024229725 31.4274
30.59100133132069 31.4199
30.614083691845494 31.5477
30.637167325018545 31.5545
30.660432587840603 31.7239
30.683518779717886 31.6135
30.70660624769615 31.6614
30.729694992924372 31.6369
30.75296541239743 31.6868
30.77605672557558 31.5439
30.799149319462742 31.5007
30.8224236211637 31.3813
30.845518789950724 31.2623
30.868615242910597 31.2655
30.891712981195973 31.0108
30.91499247215866 30.9616
30.938092794619365 31.000999999999998
30.96119440587579 30.8458
30.984297307082752 30.8979
31.00758200598383 30.7417
31.030687500658694 30.6925
31.053794288760695 30.6083
31.076902371446767 30.5008
31.100192296997445 30.5567
31.12330298246119 30.4305
31.14641496599209 30.4269
31.169528248749216 30.4274
31.19282341969534 30.2818
31.215939314557186 30.3724
31.239056512134788 30.3076
31.262175013589378 30.3037
31.28547544871168 30.2463
31.30859657161541 30.2754
31.331719001892175 30.2268
31.35484274070538 30.3376
31.378148458819545 30.3534
31.401274828443725 30.3796
31.424402510106933 30.3162
31.447712205419993 30.2919
31.470842524931633 30.2262
31.493974159989783 30.1664
31.51710711176168 30.1659
31.54042212308802 30.243000000000002
31.563557722100917 30.1404
31.586694641341655 30.0104
31.609832881979628 29.9705
31.63315322823208 29.8264
31.656294125521327 29.7448
31.679436347728515 29.8652
31.70257989602529 29.723000000000003
31.725905596152327 29.6069
31.74905181052835 29.4951
31.772199354521323 29.5106
31.79534822930507 29.557
31.818679302290967 29.6506
31.84183085259981 29.5353
31.864983737233473 29.5317
31.88813795736804 29.6039
31.911474422233013 29.489
31.934631327356435 29.5424
31.9577895715215 29.5228
31.980949155906522 29.5351
32.004291031706956 29.4433
32.027453310562606 29.3515
32.05061693318573 29.244
32.07396288236386 29.2492
32.09712920658542 29.2787
32.12029687812702 29.0995
32.14346589817093 28.9593
32.166817291729984 29.0377
32.18998902288583 28.8388
32.21316210610336 28.7557
32.23633654256711 28.6875
32.259693399663725 28.6757
32.282870556771144 28.6811
32.30604907069099 28.6442
32.329228942610065 28.5172
32.35259128243769 28.4271
32.375773884550505 28.4017
32.398957848235646 28.3668
32.422143174682176 28.3048
32.445511016471215 28.2398
32.468699082679954 28.1154
32.49188851523011 28.0618
32.51507931531304 28.0422
32.538452678331 28.1231
32.56164622776311 27.9731
32.58484114831493 27.9613
32.60803744118015 28.0119
32.631416344731896 27.9976
32.654615396551876 27.9438
32.67781582427913 27.9163
32.701198898634416 27.7755
32.72440209253756 27.6543
32.747606665947124 27.6961
32.77081262006088 27.6022
32.79420126883317 27.6258
32.81740999876112 27.6528
32.840620112999424 27.485
32.86383161274818 27.4096
32.88722585534586 27.518
32.91044014056596 27.4118
32.933655814909734 27.3908
32.95687287957963 27.4905
32.98027273544904 27.4202
33.00349259526636 27.3788
33.026713849030116 27.3799
33.04993649794511 27.3549
33.073341986570746 27.2772
33.09656744032826 27.2876
33.11979429286444 27.2394
33.14302254538647 27.3078
33.166433686291185 27.1839
33.18966475336992 27.1584
33.212897224069096 27.1178
33.23613109959831 27.0519
33.259547912343415 26.9556
33.2827846121627 27.0113
33.306022720453775 26.9891
33.32926223842861 26.8308
33.352684742614166 26.8323
33.37592709463173 26.8372
33.399170859982064 26.7914
33.422597648419426 26.701
33.44584425514446 26.6924
33.46909227885668 26.5637
33.4923417207723 26.3841
33.51577423505344 26.5072
33.539026528130385 26.5119
33.56228024307245 26.4559
33.585535381098246 26.2916
33.60897364093058 26.2538
33.63223163992385 26.326999999999998
33.6554910656699 26.1262
33.678751919389796 26.1522
33.702195944520106 26.0435
33.72545966903325 26.1049
33.74872482519663 25.9906
33.771991414233746 26.0336
33.79544122444841 26.0133
33.81871069412428 25.8934
33.84198160035767 25.9054
33.86525394437455 25.9676
33.88870955949969 25.818
33.911984794020626 25.8043
33.93526147001624 25.7649
33.958539588715006 25.7378
33.98200102861669 25.6749
34.0052820477047 25.5632
34.02856451319451 25.5695
34.05203033759056 25.4975
34.07531571090147 25.5578
34.09860253431845 25.4592
34.121890809074316 25.4616
34.145362493118924 25.444000000000003
34.16865368561615 25.2937
34.191946333164054 25.2745
34.21524043699793 25.2796
34.23871800066799 25.3744
34.26201503218366 25.2075
34.28531352370466 25.21
34.30861347646881 25.141
34.33209693978188 25.1269
34.3553998301885 25.1181
34.378704185565205 24.9914
34.402010007152356 24.8752
34.42549939016683 24.9153
34.44880815937748 24.7974
34.472118398533134 24.7864
34.49543010887669 24.6927
34.51892543169198 24.7109
34.54224009966052 24.68
34.56555624255917 24.705
34.58887386163339 24.5126
34.61237514439016 24.5362
34.6356957311114 24.5478
34.65901779775809 24.5652
34.68252356662995 24.4647
34.705848608458616 24.4371
34.72917513396849 24.3681
34.75250314440949 24.357
34.77601490857862 24.2748
34.799345904259795 24.1697
34.82267838863559 24.189
34.846012362958525 24.1564
34.869530142679984 24.1417
34.89286711232212 24.1811
34.91620557568269 24.0885
34.93954553401677 24.0
34.9630693495876 24.0099
34.986412313340814 24.1321
35.00975677584668 24.0324
35.033102738362956 24.0244
35.05663261012228 23.8755
35.0799815881786 23.8502
35.10333207003229 23.8342
35.12668405694369 23.8181
35.150220005273056 23.8317
35.17357501786656 23.7626
35.19693153931268 23.726
35.220289570874385 23.7016
35.24383161619786 23.7082
35.267192683604904 23.6825
35.290555264930376 23.6939
35.314101899412165 23.6825
35.33746752422433 23.6235
35.36083466676374 23.6339
35.38420332829803 23.6274
35.407756095629054 23.6157
35.43112781085063 23.519000000000002
35.45450104888391 23.5153
35.477875810999194 23.566999999999997
35.50143473172161 23.4207
35.52481255774625 23.4605
35.54819191167777 23.4138
35.57157279478914 23.4038
35.595137889488406 23.2371
35.61852184675279 23.2546
35.641907337029984 23.2068
35.665294361595684 23.1768
35.68886565090076 23.0728
35.7122557598848 23.0812
35.73564740699838 23.1696
35.759040593519934 23.0471
35.78261809810353 23.000999999999998
35.80601437933051 22.9317
35.829412203814705 22.8541
35.85281157283719 22.7956
35.876395313415884 22.9029
35.8997977874528 22.8684
35.92320180988546 22.771
35.946790244133936 22.6894
35.97019737933222 22.6558
35.993606066789866 22.7062
36.01701630779276 22.6649
36.04061101440684 22.6131
36.06402437852291 22.6177
36.08743930005611 22.5878
36.1108557802951 22.4792
36.13445678011326 22.4528
36.15787639383515 22.4358
36.18129757014299 22.3234
36.20472031032821 22.3556
36.22832762423364 22.2735
36.25175350829375 22.2564
36.275180960119776 22.2392
36.298609981005924 22.2858
36.32222362992669 22.2434
36.34565580510207 22.1597
36.36908955323448 22.1471
36.39252487562093 21.9639
36.416144880530226 22.0008
36.43958336764275 22.0215
36.463023432914625 22.0003
36.486465077645676 21.8929
36.51009145956204 22.0334
36.53353627947859 22.0186
36.55698268276811 21.8856
36.58043067073321 21.8134
36.60406345072071 21.7694
36.62751462435344 21.7612
36.65096738658405 21.77
36.67460498210655 21.7684
36.69806093788647 21.678
36.72151848619297 21.6448
36.744977628333636 21.6391
36.76862165890998 21.5743
36.79208400512205 21.5997
36.81554794910557 21.6156
36.83901349217101 21.4739
36.862663978991606 21.3856
36.88613273667352 21.4596
36.90960309738324 21.4529
36.933075062434064 21.3002
36.95673202673572 21.2296
36.98020721697122 21.2535
37.003684015502365 21.2307
37.027162423645365 21.171
37.050825886711465 21.1701
37.07430753063053 21.1021
37.09779078812467 21.095
37.121275660513014 21.0722
37.144945643673694 21.0067
37.16843376245278 21.0401
37.19192350009803 21.0039
37.215414857931435 20.974
37.239091382563885 20.9155
37.262585997426164 20.8144
37.28608223645736 20.8463
37.309763684451696 20.8133
37.33326318851098 20.7735
37.356764320726555 20.7764
37.380267082425526 20.7615
37.40395510942588 20.7294
37.42746114683234 20.7132
37.45096881771841 20.6397
37.474478123414166 20.6218
37.49817275092816 20.5171
37.52168534303452 20.5156
37.54519957395567 20.4746
37.568715445024665 20.3771
37.592416694607714 20.4414
37.61593586281424 20.4084
37.63945667518264 20.4092
37.66297913304891 20.3397
37.68668702630454 20.2593
37.710212792059274 20.2493
37.733740207334854 20.2639
37.757269273470364 20.1548
37.780983832050374 20.1695
37.80451621684926 20.1213
37.82805025654007 20.129
37.851585952464795 20.084
37.8753071980695 20.0022
37.89884622345676 19.9614
37.92238690911902 19.9928
37.94611318753442 19.9474
37.969657210779765 19.8953
37.99320289834801 19.8916
38.016750251586465 19.8254
38.04048325513017 19.7758
38.06403395679343 19.7546
38.087586328183946 19.7087
38.11114037065203 19.7833
38.13488012115898 19.7473
38.1584375229181 19.6451
38.181996599821 19.5614
38.205557353221124 19.5811
38.229303872575656 19.5333
38.2528679961576 19.5457
38.27643380031219 19.5393
38.30000128639589 19.3992
38.32375459653193 19.4292
38.34732546371299 19.4336
38.37089801690786 19.3525
38.39447225747609 19.3297
38.418232380377425 19.3298
38.441810012983396 19.3497
38.46538933705673 19.3265
38.488970353960084 19.295
38.51273731166058 19.2107
38.536321731567014 19.1159
38.55990784840681 19.1051
38.58367995004091 19.0843
38.60726947812959 19.009
38.63086070726198 19.1112
38.654453638806274 19.0463
38.678232613930824 19.0128
38.70182896773327 18.905
38.72542702806741 18.8824
38.7490267963045 18.8674
38.77281266709232 18.828
38.79641586862214 18.8268
38.8200207821842 18.8086
38.843627409152944 18.8691
38.86742019782782 18.8382
38.891030269149255 18.6946
38.914642058016156 18.6913
38.938255565806124 18.6463
38.96205529464307 18.6348
38.98567225787121 18.629
39.00929094417078 18.6
39.03291135492255 18.5617
39.05671804624804 18.4816
39.080341923549106 18.4656
39.103967529460334 18.4055
39.127594865365744 18.3689
39.15140854155791 18.3724
39.17503935514948 18.3953
39.19867190290282 18.3511
39.22249083587951 18.2836
39.24612686969409 18.344
39.269764641845306 18.2549
39.293404153722804 18.2277
39.317230110864074 18.1655
39.34087311998506 18.1584
39.36451787301696 18.0912
39.388164371352595 18.082
39.41199737518003 17.9958
39.43564738196752 18.0754
39.45929913825317 17.9917
39.48295264543308 18.0086
39.506792718520884 17.988
39.530449745387216 17.9265
39.55410852735203 17.9247
39.57776906581474 17.8538
39.60161623079 17.86
39.625280300200025 17.8109
39.64894613032202 17.7916
39.67261372255866 17.7797
39.6964680021016 17.7665
39.72013913657293 17.7319
39.74381203738292 17.6655
39.76748670593756 17.6675
39.79134812278169 17.6315
39.81502634488497 17.6158
39.83870633896685 17.5345
39.862388106436654 17.5081
39.88625668336918 17.4812
39.90994201572829 17.4781
39.933629125719285 17.4354
39.957503091207826 17.3864
39.9811937746168 17.3685
40.00488623990914 17.4109
40.02858048850006 17.3678
40.05246165409549 17.3622
40.076159487492085 17.2874
40.099859108448875 17.2989
40.123560518384345 17.215999999999998
40.1474489070226 17.2424
40.171153913178564 17.1818
40.194860712584955 17.1624
40.2185693066637 17.0605
40.242464941335314 17.0384
40.26617714307655 17.0254
40.289891143772046 17.0743
40.3136069448471 17.0413
40.33750984859743 17.0282
40.3612292688043 16.983
40.3849504936829 16.9047
40.40867352466194 16.9072
40.43258372059144 16.8639
40.45631038219906 16.904
40.48003885420956 16.8635
40.503769138055105 16.7901
40.52768664931955 16.8312
40.55142057531802 16.7983
40.57515631746428 16.7476
40.599079334038514 16.7456
40.62281872700477 16.69
40.64655994043941 16.6331
40.67030297578061 16.6098
40.69423334835778 16.5215
40.71798004609188 16.5567
40.74172857006355 16.5304
40.76547892171441 16.492
40.7894166736039 16.3816
40.813170699248566 16.4525
40.83692655691388 16.4259
40.86068424804498 16.428
40.884629402612525 16.39
40.908390779366385 16.3601
40.932153993938 16.3601
40.95591904777605 16.3483
40.979871628443995 16.2915
41.003640379561936 16.2213
41.02741097430883 16.2308
41.05118341413683 16.1784
41.075143444384416 16.2092
41.098919593177826 16.1612
41.1226975914255 16.1463
41.14647744058318 16.0739
41.170444943946755 16.0549
41.19422851378379 16.0571
41.218013938914645 16.0482
41.24198706625173 15.9631
41.26577622087193 15.9659
41.289567235177785 15.8876
41.31336011063129 15.9746
41.337340752422875 15.9505
41.361137369129835 15.8719
41.38493585138705 15.8697
41.40873620066004 15.8065
41.43272438060107 15.7552
41.45652848292052 15.6781
41.48033445666918 15.6322
41.50414230331616 15.6856
41.528138045159764 15.6256
41.551949656675205 15.6087
41.575763145513235 15.6632
41.59957851314666 15.6201
41.62358184070442 15.5726
41.64740098505737 15.5487
41.6712220126409 15.4517
41.69504492493139 15.465
41.71905586207357 15.4651
41.74288256296395 15.4196
41.766711153007456 15.3853
41.79054163368412 15.3636
41.814560204340054 15.3636
41.838394485526365 15.3595
41.86223066180303 15.3175
41.88625497706819 15.3342
41.910094962812 15.3022
41.93393684811168 15.2321
41.95778063445365 15.1759
41.981812625263366 15.1746
42.00566023303407 15.1185
42.029509746323676 15.1064
42.05336116662236 15.1274
42.077400857069705 15.0978
42.10125611078846 15.0076
42.12511327600405 15.0276
42.14897235421036 15.0081
42.173019768448455 15.0225
42.19688269209613 14.9457
42.22074753323349 14.9278
42.24461429335818 14.9285
42.268669455600495 14.8396
42.292540073217886 14.897
42.31641261433284 14.8508
42.34028708044675 14.8365
42.36435001496739 14.8045
42.38822835065557 14.7583
42.41210861586426 14.7082
42.4359908120986 14.6709
42.46006154323262 14.6511
42.48394762115317 14.6607
42.507835634632315 14.6837
42.531912233047436 14.6391
42.55580413732265 14.6042
42.579697981698 14.5906
42.60359376768525 14.5242
42.62767820545945 14.5225
42.65157789440821 14.497
42.67547952952185 14.4357
42.699383112316 14.4519
42.72347541395347 14.3906
42.74738291190531 14.3281
42.771292362102166 14.3422
42.795203766063516 14.3032
42.819303956130405 14.332
42.843219287476536 14.2996
42.86713657716324 14.2751
42.89105582671383 14.2665
42.91516392983864 14.2125
42.939087119032166 14.1995
42.963012272677304 14.152000000000001
42.98693939230129 14.165
43.01105543317513 14.0906
43.034986504731386 14.09
43.05891954686589 14.0621
43.08285456110972 14.05
43.10697856448665 13.982999999999999
43.130917542983475 13.9678
43.15485849820081 13.9768
43.17880143167367 13.9446
43.20293342237094 13.9305
43.226880332449 13.9051
43.25082922540554 13.8822
43.27496722682525 13.8217
43.29892010567796 13.8627
43.32287497204102 13.8437
43.34683182745632 13.7536
43.370977859791836 13.7276
43.39493871351105 13.7656
43.41890156092628 13.7296
43.44286640358341 13.7069
43.46702049182749 13.6779
43.49098934522816 13.6145
43.51496019852649 13.6328
43.5389330532723 13.6093
43.56309522248204 13.5621
43.58707210044314 13.5472
43.61105098451946 13.5065
43.63503187626491 13.4899
43.659202151562134 13.458
43.68318707902681 13.5029
43.70717401884041 13.4802
43.731162972560874 13.357999999999999
43.75534137913236 13.3291
43.779334381108384 13.345999999999998
43.803329401683186 13.308
43.82732644241872 13.2964
43.8515130055166 13.2689
43.87551410707659 13.2184
43.89951723350145 13.2054
43.923709934595614 13.2166
43.94771713129917 13.2207
43.97172635758096 13.152000000000001
43.99573761501002 13.1548
44.0199385169922 13.1248
44.04395385732619 13.0925
44.067971233533086 13.0624
44.09199064718605 13.0753
44.11619977548961 12.9972
44.14022328470671 13.0207
44.16424883610785 12.9996
44.18827643127035 12.9627
44.21249381139513 12.9511
44.236525514814076 12.9145
44.26055926674478 12.9144
44.28459506876863 12.8897
44.3088207262813 12.8194
44.33286064928722 12.8285
44.35690262714919 12.7943
44.38094666145278 12.7661
44.4051806219871 12.7493
44.42922879003185 12.739
44.45327901929361 12.7057
44.477331311362136 12.7147
44.501573600619416 12.7093
44.525630039221795 12.7014
44.54968854541895 12.67
44.573937102200176 12.6155
44.5979997645541 12.5802
44.622064499300315 12.5729
44.64613130803592 12.5203
44.67038823869318 12.5213
44.69445921643748 12.4765
44.718532272981385 12.4723
44.742607409926194 12.4668
44.76687274034801 12.4042
44.79095205918753 12.3414
44.81503346325094 12.3989
44.839116954143876 12.3826
44.86339071028742 12.3821
44.88747839599524 12.3185
44.91156817336837 12.2866
44.93566004401666 12.2978
44.959942251908146 12.2829
44.984038330325966 12.279000000000002
45.00813650686762 12.2141
45.03223678314731 12.2158
45.05652746888232 12.1864
45.08063196592069 12.1666
45.104738567558705 12.1344
45.128847275414856 12.1028
45.15314646515866 12.0736
45.17725940679741 12.0785
45.20137445952892 12.0661
45.22568004865265 12.0667
45.24979934496396 11.9973
45.27392075725247 11.9854
45.29804428714431 11.9615
45.322358426247604 11.9212
45.346486212804315 11.9367
45.370616121861914 11.917
45.39474815505086 11.866
45.41907087049246 11.8514
45.4432071734666 11.8326
45.46734560548283 11.7832
45.49148616817604 11.7995
45.51581748638564 11.7919
45.5399623320197 11.7427
45.56410931325473 11.7442
45.58825843173002 11.7373
45.61259837920865 11.7138
45.636751793816 11.7366
45.66090735060093 11.665
45.68506505120716 11.6429
45.7094136545275 11.6003
45.73357566449271 11.5917
45.75773982322992 11.5638
45.78190613238733 11.5668
45.806263418194064 11.4775
45.83043404997326 11.5372
45.85460683713677 11.5032
45.87897065658495 11.519
45.90314777634752 11.4685
45.92732705646868 11.4324
45.9515084986045 11.4301
45.97588104735473 11.4335
46.00006683541565 11.3852
46.02425479047904 11.3614
46.04844491420549 11.3436
46.0728262191024 11.2903
46.09702070211635 11.2873
46.12121735879483 11.321
46.14541619080294 11.2826
46.169806278764455 11.2424
46.194009483459034 11.2107
46.21821486849841 11.1516
46.24242243555223 11.2341
46.266821333570014 11.1288
46.29103328674601 11.1003
46.31524742696538 11.1129
46.33946375590237 11.0596
46.36387149104216 11.065999999999999
46.38809221957392 11.0354
46.41231514186606 11.0057
46.436540259597464 11.0304
46.460956858999374 10.9776
46.48518638983522 10.9883
46.509418121166966 10.8857
46.533652054678114 10.9261
46.55807754555709 10.9067
46.58231590571962 10.8983
46.60655647313217 10.8577
46.630988654873654 10.8692
46.655233659129024 10.8106
46.67948087571551 10.8019
46.70373030632484 10.7921
46.72817142736393 10.7701
46.752425308428684 10.7987
46.77668140861147 10.728
46.80093972960865 10.6903
46.82538981736788 10.6467
46.849652602470904 10.6602
46.87391761349769 10.6271
46.8981848521493 10.6117
46.9226439341274 10.6011
46.946915650573224 10.5388
46.97118959976749 10.5885
46.99546578341598 10.5538
47.019933887188216 10.5355
47.04421456235744 10.534
47.06849747711879 10.4725
47.09278263318286 10.4527
47.11725978640143 10.4062
47.14154944775105 10.4181
47.165841355555656 10.4068
47.1901355115306 10.3898
47.214621741924994 10.3736
47.23892041698887 10.3639
47.26322134538975 10.3442
47.28771440635075 10.3122
47.31201986422527 10.3421
47.33632758061436 10.2965
47.360637557241866 10.2517
47.38513974410611 10.2624
47.40945426407847 10.227
47.43377104948137 10.2049
47.45809010204344 10.232999999999999
47.48260144275502 10.19
47.506925052572285 10.1346
47.53125093475548 10.1004
47.55557909103813 10.0831
47.58009961361992 10.0591
47.60443234110732 10.0255
47.62876734791564 10.0364
47.65310463578333 10.0432
47.6776343683373 10.0365
47.7019762413987 10.0121
47.72632040075572 9.98192
47.75066684815169 9.960410000000001
47.77520581885936 9.94426
47.799556865477655 9.93035
47.823910205386 9.91695
47.84826584033272 9.87996
47.87281407745551 9.861410000000001
47.89717432569297 9.86663
47.92153687423484 9.861930000000001
47.94609208429692 9.81846
47.97045925671401 9.81991
47.99482873471275 9.754480000000001
48.01920052005013 9.76024
48.04376504619224 9.735560000000001
48.068141469543484 9.75296
48.09252020552573 9.70449
48.11690125590099 9.70655
48.1414751266064 9.68587
48.16586082917454 9.63518
48.19024885144316 9.63946
48.2146391951793 9.65479
48.239222439012764 9.63402
48.26361744916137 9.57725
48.28801478610016 9.55945
48.31241445160131 9.53235
48.337007097209366 9.52111
48.36141144338331 9.49559
48.38581812345755 9.47053
48.41022713920929 9.49372
48.434829215320704 9.46342
48.45924292604658 9.49688
48.48365897780325 9.4717
48.50807737237308 9.44966
48.532688907799276 9.425419999999999
48.55711201168574 9.34688
48.581537463754074 9.37615
48.60615611725119 9.36916
48.63058628942721 9.32272
48.65501881516546 9.313989999999999
48.6794536962573 9.30573
48.70408185970339 9.305489999999999
48.72852147531801 9.27484
48.75296345168211 9.242
48.77740779059232 9.25628
48.80204549302823 9.2143
48.82649458091802 9.21167
48.85094603676547 9.19267
48.87539986237231 9.14355
48.90004713292306 9.141760000000001
48.92450572200832 9.12298
48.94896668628025 9.10609
48.97343002754588 9.08743
48.99808689542115 9.09246
49.02255501470614 9.08573
49.04702551642794 9.05187
49.0714984023988 9.03848
49.096164896893235 9.00752
49.120642575466796 8.976980000000001
49.145122643748394 8.97991
49.16960510355558 8.91969
49.19428125404938 8.94615
49.2187685210852 8.935130000000001
49.243258185121555 8.88992
49.26794160167084 8.87055
49.2924360839405 8.839269999999999
49.31693296869764 8.848419999999999
49.34143225776915 8.85133
49.36612538195438 8.79546
49.39062950396021 8.76975
49.41513603578346 8.7505
49.4396449792564 8.75097
49.46434784069503 8.737810000000001
49.488861631846454 8.72938
49.513377840166804 8.69534
49.537896467493745 8.70357
49.56260909589029 8.66871
49.587132585683285 8.70452
49.611658500018365 8.619539999999999
49.636186840738596 8.59261
49.66090926588511 8.62298
49.685442483902584 8.60017
49.70997813385706 8.5509
49.734516217597076 8.54257
49.75924846937352 8.55402
49.7837914452858 8.53303
49.80833686055187 8.494439999999999
49.83288471702571 8.49721
49.85762682540054 8.485330000000001
49.882179588965734 8.45843
49.9067347993235 8.44386
49.93129245833333 8.42729
49.95604445336378 8.42181
49.98060703442832 8.3891
50.005172069746266 8.38495
50.02993150438364 8.35798
50.05450147301533 8.3553
50.07907390151433 8.34655
50.10364879174981 8.3175
50.12841816587289 8.29049
50.1529980044635 8.291319999999999
50.17758031042124 8.2697
50.20216508562089 8.25083
50.22694442953363 8.24666
50.25153416817468 8.218069999999999
50.27612638170508 8.198839999999999
50.300721072005196 8.15424
50.325510416102105 8.14851
50.350110084975064 8.15061
50.37471223628208 8.15524
50.39931687190919 8.163310000000001
50.424116246675766 8.12648
50.44872587605249 8.096169999999999
50.47333799543065 8.088239999999999
50.49795260670191 8.06975
50.52276204271512 8.05715
50.54738166295838 8.02352
50.57200378079314 8.027569999999999
50.596628398116835 8.017660000000001
50.62144792604559 7.9988399999999995
50.646077567609396 7.971610000000001
50.670709714377715 7.9455
50.69553683636198 7.9485399999999995
50.72017401885922 7.934410000000001
50.7448137122895 7.93042
50.76945591856022 7.883960000000001
50.79429318636823 7.890739999999999
50.818940443716784 7.87148
50.84359021965163 7.83732
50.868242516085964 7.813210000000001
50.893089960641895 7.81283
50.917747323549435 7.78512
50.94240721271973 7.79632
50.96706963007175 7.772869999999999
50.99192728239342 7.751639999999999
51.01659478166073 7.7309399999999995
51.04126481489051 7.72196
51.06593738400761 7.703110000000001
51.090805275207074 7.735410000000001
51.11548294172845 7.680789999999999
51.14016314993547 7.66442
51.164845901758845 7.652010000000001
51.18972406304274 7.61269
51.21441192780656 7.61682
51.23910234200271 7.61827
51.2637953075678 7.60796
51.288683770237945 7.57856
51.31338186432707 7.539789999999999
51.33808251561888 7.522989999999999
51.362978729967345 7.5251
51.387684521509755 7.52693
51.41239287610203 7.523739999999999
51.437103795691165 7.51093
51.46201036644977 7.46853
51.486726441956634 7.468
51.51144508832545 7.47388
51.536166307509156 7.42208
51.56108326624387 7.38558
51.58580965706056 7.41565
51.61053862657523 7.376860000000001
51.635270176746864 7.34788
51.66019755512065 7.34083
51.68493429268881 7.34547
51.70967361681515 7.365939999999999
51.73441552946465 7.300210000000001
51.759353359237934 7.31602
51.7841004750961 7.286339999999999
51.80885018539685 7.26195
51.833602492111254 7.2479
51.8585508051424 7.2127300000000005
51.883308330926425 7.186030000000001
51.90806845906181 7.215610000000001
51.932831191525715 7.19592
51.95779001977161 7.16793
51.98255798721516 7.144480000000001
52.00732856494335 7.104260000000001
52.03229530577543 7.1321699999999995
52.057071130455945 7.1001
52.081849571391054 7.07555
52.106630630568695 7.0806
52.13160794279417 7.047439999999999
52.15639426492067 7.060919999999999
52.18118321127822 7.07342
52.205974783860896 7.013089999999999
52.23096269971011 7.03388
52.255759551287994 7.01213
52.280559035098186 6.9744399999999995
52.30536115314103 6.9820199999999994
52.33035970494467 6.956910000000001
52.35516711807904 6.915660000000001
52.37997717147198 6.9263699999999995
52.40478986713005 6.948639999999999
52.42979908731974 6.9057
52.454617094216 6.9149899999999995
52.47943774942214 6.84593
52.50426105495102 6.836460000000001
52.529280976059844 6.85832
52.554109609024096 6.8227899999999995
52.57894089837482 6.791
52.60377484613117 6.81802
52.62880550079408 6.798780000000001
52.65364479223379 6.743460000000001
52.67848674816189 6.744789999999999
52.70352547971946 6.7172
52.72837279155837 6.74575
52.753222773982785 6.69195
52.778075429022984 6.709230000000001
52.80312495150885 6.67955
52.827982978797436 6.67335
52.85284368481815 6.653969999999999
52.87770707160767 6.6262300000000005
52.90276741793998 6.61825
52.92763619336701 6.63571
52.952507655698504 6.61861
52.977381806977576 6.612939999999999
53.00245301017842 6.61573
53.02733256653592 6.57183
53.052214817996074 6.54593
53.077099766608484 6.557519999999999
53.102181859804446 6.54338
53.127072229988265 6.53214
53.15196530349892 6.48355
53.17686108239249 6.49198
53.20195409881522 6.43358
53.22685531582556 6.5035099999999995
53.25175924441303 6.42264
53.27666588664027 6.42059
53.30176985962693 6.38037
53.3266819565689 6.41325
53.35159677336455 6.36022
53.376514312083096 6.3871
53.40162927507703 6.38364
53.42655228516116 6.33913
53.45147802340193 6.33932
53.47660125628886 6.30361
53.50153247842639 6.27497
53.52646643496923 6.2613900000000005
53.55140312799818 6.28009
53.576537409691696 6.30589
53.60147960336152 6.20486
53.626424539786164 6.16975
53.65137222105307 6.18206
53.67651758529126 6.1961
53.70147078399681 6.19318
53.72642673383343 6.17892
53.75138543689533 6.178719999999999
53.776541917524526 6.1313699999999995
53.801506154876755 6.10067
53.826473151763246 6.10487
53.851442910284916 6.10089
53.87661054126026 6.06976
53.9015858509782 6.09261
53.92656392866066 6.06467
53.95154477641532 6.07125
53.976723591801296 6.01614
54.00171000771266 6.01242
54.02669920004598 6.022819999999999
54.051691170915745 5.996230000000001
54.076881204886796 5.9804699999999995
54.101878760928514 5.967169999999999
54.12687910187696 5.97818
54.152077577768296 5.97379
54.1770835166946 5.9526699999999995
54.20209224691339 5.92796
54.22710377055121 5.93464
54.25231352511594 5.91625
54.27733066384342 5.86224
54.30235060239643 5.86241
54.32737334290836 5.83627
54.35259441062629 5.804119999999999
54.377622783395324 5.79392
54.40265396455061 5.79864
54.42768795623251 5.79788
54.45292037169559 5.73562
54.477960012857906 5.73947
54.50300247099511 5.75295
54.52804774825457 5.74885
54.55329154616743 5.65302
54.57834249018678 5.647130000000001
54.6033962597977 5.6611
54.6284528571545 5.6607199999999995
54.653708072335164 5.60933
54.67877035378786 5.57902
54.70383546947698 5.552569999999999
54.72890342156389 5.5544400000000005
54.7541700889442 5.52065
54.77924374251975 5.51727
54.8043202390049 5.46825
54.82959552413022 5.40334
54.8546777351945 5.47981
54.87976279569621 5.36589
54.90485070780914 5.42152
54.930137506558005 5.3890400000000005
54.95523115074295 5.3873
54.98032765308844 5.33921
55.005427015775496 5.3472
55.03072536339621 5.3264
55.05583047570572 5.29535
55.080938454927676 5.25943
55.10604930325027 5.24505
55.131359235107396 5.28983
55.15647585066083 5.19265
55.181595341907496 5.18036
55.20671771104285 5.17045
55.232039262617704 5.18695
55.25716741665048 5.11685
55.28229845518636 5.094869999999999
55.30743238042802 5.084
55.33276558731939 5.06732
55.357905315183636 5.07065
55.383047936390035 5.03469
55.40819345314859 5.01215
55.433538351073295 4.9768300000000005
55.458689688238415 5.00601
55.483843927614096 4.915019999999999
55.509197623043605 4.86714
55.53435769621134 4.87103
55.55952067826466 4.85515
55.5846865714265 4.793769999999999
55.61005202069737 4.80922
55.63522376553902 4.83319
55.66039842818645 4.81313
55.68557601087004 4.79151
55.7109532500271 4.68392
55.73613670233794 4.74231
