TT I
1.2716486653135266 7.385660000000001
1.2939594142134223 6.99987
1.3162702121660406 6.7589999999999995
1.3385810600174564 6.89217
1.3608919586137629 6.59115
1.383202908801069 6.10135
1.405513911425503 5.98578
1.4278249673332093 5.98444
1.4501343378461518 5.64521
1.4724455028545926 5.83481
1.4947567236847858 5.9549
1.517068001182951 6.07544
1.5393793361953272 6.011430000000001
1.5616907295681737 5.74715
1.5840021821477681 5.345
1.60631369478041 5.008769999999999
1.6286252683124185 5.62737
1.6509369035901333 4.90614
1.6732468618895553 5.36393
1.695558623192809 4.94364
1.7178704487808514 4.7624699999999995
1.7401823395001077 4.95211
1.7625012545597203 5.25035
1.7848028405262486 5.71531
1.8071218901122095 4.96517
1.8294236121921872 4.31661
1.8517427996910911 4.71819
1.8740620574440425 4.5406699999999995
1.8963639900671978 5.04306
1.9186833908139995 5.41159
1.9409854680117449 4.7794099999999995
1.9633050151394713 4.57366
1.9856246367570705 4.391859999999999
2.0079269371922672 4.37076
2.03024671027244 4.79882
2.0525491637446027 4.12831
2.074869091674931 4.38579
2.097171701569106 4.17201
2.1194917877373847 4.2272300000000005
2.141811954326636 5.39248
2.164114805233074 5.16751
2.186435135143035 5.8007
2.208738150935709 12.8333
2.231058647554722 26.9497
2.2533792288321184 20.7124
2.275682498336085 9.16722
2.298003251406138 5.4162
2.3203066942619714 5.75887
2.3426276225136022 4.72372
2.3649486396617507 4.82605
2.387252348930071 5.66828
2.4095735463442893 6.032019999999999
2.4318774374315884 6.2837
2.4541988185014043 5.74841
2.476502894794693 7.09293
2.498824462909887 7.46091
2.521146125856138 6.515619999999999
2.5434504863470337 6.5711699999999995
2.5657723414244717 7.78654
2.588076895590662 7.6322600000000005
2.610398946189713 7.46855
2.6327210958598384 7.7706800000000005
2.6550259469304716 7.21851
2.6773482972090137 7.9334
2.6996533504259 8.05481
2.7219759047039602 8.52338
2.744298562293959 8.26499
2.7666039251246595 7.50616
2.7889267918020164 8.30602
2.8112323652516555 8.28275
2.833555444408179 8.37393
2.8558786311183852 8.048119999999999
2.8781845268938557 8.02368
2.9005079311721484 9.1646
2.9228140460410397 8.54226
2.9451376712799635 9.47178
2.967444008632326 9.51347
2.9897678582247247 10.0371
3.0120918213106695 10.1692
3.0343984987899373 11.1083
3.0567226913198637 11.3371
3.079029599759726 11.4302
3.101354025127254 12.064
3.123678568232338 12.9402
3.145985829517914 13.2001
3.16831061055229 13.2111
3.1906181112775593 14.0642
3.212943133635653 14.7528
3.2352682779763207 15.0188
3.2575761442691227 15.5032
3.2799015350264273 15.8359
3.302209649240067 16.4885
3.3245352898092655 16.8277
3.3468436553365257 17.445
3.369169549113219 18.0021
3.3914955708171384 18.8934
3.413804319727358 19.4678
3.4361305997334863 19.3927
3.4584396084414553 20.2264
3.4807661501462652 20.1928
3.503092824025881 20.9283
3.5254022288463154 20.8571
3.5477291695206588 21.59
3.5700388426251948 22.6621
3.5923660534916446 24.226999999999997
3.6146934007816114 38.021
3.637003482731501 85.6641
3.6593311053109985 96.4389
3.681641464033634 55.4668
3.7039693653009733 30.6993
3.726297407241705 26.3501
3.7486081875460804 25.6211
3.7709365132734978 25.9936
3.793247578841633 26.5863
3.8155761917550093 26.7148
3.8378875459837216 27.4668
3.8602164494827234 27.2821
3.882545499606844 28.2934
3.9048572932539183 29.2001
3.9271866390645718 29.281999999999996
3.9494987298666713 30.0564
3.971828374764527 30.0129
3.9941581705403255 30.7323
4.016470713506008 31.3308
4.038800813471445 32.2609
4.061113662089144 33.0474
4.0834440696459176 33.8515
4.105774632334751 34.0279
4.128087945865126 35.4477
4.150418821249301 35.705
4.172732448931298 37.3053
4.195063640413578 38.7864
4.2173775856475215 42.8463
4.239709096631102 74.1478
4.262040768704612 229.32
4.284355196706267 301.177
4.306687193387355 194.863
4.329001947444346 79.2424
4.35133427213731 48.2584
4.373666762177566 44.8743
4.395982011761091 44.7903
4.418314834921175 45.9655
4.44063041906622 53.7166
4.4629635787515625 64.0176
4.4852969080429785 64.0185
4.5076130004776225 54.1151
4.529946671403969 50.7555
4.552263106909177 50.4281
4.574597122877047 51.3886
4.596931312711224 52.5205
4.619248269273446 53.4638
4.6415828092605835 54.7271
4.663900117405352 55.8083
4.686235010953232 57.1259
4.708552674085913 58.0979
4.730887924602802 59.931000000000004
4.753223354952695 60.8094
4.775541557023902 61.9845
4.797877349456786 63.8911
4.820195915032126 66.2908
4.842532072957498 67.5677
4.864868414979744 69.2302
4.88718753227192 71.8086
4.909524244902505 73.6928
4.931843734218147 75.486
4.954180820867835 78.2281
4.976518095879839 80.9858
4.998838149695359 83.9954
5.021175803844231 87.5889
5.043496238205739 90.9458
5.065834274903528 95.0694
5.088172504230693 100.461
5.1104935158799565 106.54799999999999
5.132832132875765 128.36
5.155153533596801 170.00799999999998
5.1774925416746225 205.11
5.199814334878411 359.741
5.2221537374521505 1035.89
5.244493338631803 2943.43
5.266815727034316 7642.37
5.289155727832427 12531.8
5.311478517248165 8628.41
5.333818921080011 2971.97
5.356159527788849 612.913
5.3784829252032536 193.60299999999998
5.400823940070432 147.55100000000002
5.423147747031976 130.477
5.445489173474152 120.677
5.467830807066149 114.054
5.490155234831516 110.45
5.512497285125229 107.06200000000001
5.534822130975162 104.897
5.557164601388673 103.206
5.579489868738879 100.396
5.601832762690846 99.2136
5.6241758697774475 98.0985
5.646501775867269 97.5889
5.668845311622074 95.7487
5.691171647754637 95.0366
5.713515615597765 93.9866
5.735859800852677 93.3946
5.758186788542988 92.1085
5.780531411018185 92.2671
5.802858837297399 91.3984
5.825203900414495 91.9889
5.8475491852224 91.8112
5.869877275883075 92.0411
5.892223006467101 93.5706
5.914551544266608 94.8369
5.936897724049891 97.9934
5.959244129804903 103.07
5.981573344815301 121.35700000000001
6.0039202049061 209.75900000000001
6.026249875609095 469.666
6.04859719346037 990.778
6.070927323278297 2247.24
6.093275102315365 4372.59
6.115623113320588 5354.02
6.137953938319995 3492.97
6.160302415650845 1073.31
6.182633708324452 254.266
6.2049826554078376 118.351
6.227331838745022 94.3783
6.249663839443684 86.5289
6.27201349767565 83.8368
6.294345974611799 89.8658
6.316696111167083 100.145
6.339046488263839 93.9264
6.361379686074702 80.2183
6.383730546639482 72.5772
6.406064229255215 69.3719
6.428415576718203 68.7786
6.450749747566656 67.4499
6.47310158535871 66.3247
6.495453669698332 65.7621
6.517788579421056 65.6294
6.540141159237969 64.2548
6.562476565766648 64.035
6.5848296444934045 63.3301
6.607182974060425 62.7559
6.6295191323281015 63.0163
6.651872965955752 66.6429
6.6742096296068985 92.3698
6.6965639707294615 135.74200000000002
6.71891856698715 135.372
6.741255995248479 92.8404
6.763611104154477 67.8498
6.785949046381137 60.7585
6.808304671371482 58.7318
6.8306605557940046 58.4394
6.852999275508618 57.6236
6.875355681171544 57.3554
6.897694923437771 56.9547
6.92005185377892 57.0994
6.9423916220322655 57.2688
6.964749080490181 56.2729
6.987106804399774 56.0284
7.009447368180821 56.2114
7.031805625367033 55.5464
7.054146723727803 55.8412
7.076505517631004 55.5186
7.098864581288365 55.8637
7.121206488070854 55.4801
7.143566093607822 55.2753
7.165908543567245 55.722
7.188268694426048 55.7893
7.2106291193438095 55.6623
7.232972390625943 57.2866
7.255333366030969 69.9499
7.277677189091925 122.40799999999999
7.300038718428332 167.075
7.322400526130865 140.576
7.344745183422596 87.2335
7.367107550224791 61.6547
7.389452767901992 56.6145
7.411815697249891 55.9824
7.434161478756298 54.8452
7.456524974096713 54.7688
7.478888753837185 54.8434
7.501235387657368 54.9893
7.523599738562711 55.0846
7.545946944825532 55.4153
7.568311870344528 55.4534
7.5906770845765665 55.7517
7.613025156078678 57.2541
7.635390950099687 58.7497
7.657739602662809 57.5956
7.680105979923558 56.5273
7.702472650212829 56.3909
7.724822180948224 56.2702
7.747189439655568 56.5994
7.769539560075357 56.4121
7.791907410653562 56.9823
7.81425812420825 56.9593
7.836626570110925 57.3033
7.858995315087906 58.2099
7.881346924933401 58.0768
7.903716270417482 58.4529
7.926068482028405 59.1249
7.948438431475253 59.4362
7.9708086843180235 60.1812
7.993161805171116 60.9582
8.015532667162402 61.5622
8.037886398416653 62.244
8.060257873014221 62.4068
8.082629655331942 63.2925
8.104984308787587 64.4291
8.127356708900503 67.6302
8.149711981398308 72.762
8.172085002766314 75.0137
8.194458336181368 72.0596
8.216814543847752 69.6195
8.23918850371002 69.8741
8.26154533906492 70.5408
8.283919928836452 72.4784
8.306277395339652 73.2013
8.328652618483376 74.2752
8.351028159736202 76.703
8.373386579575245 78.899
8.395762759396959 80.3778
8.418121819038275 85.8005
8.440498640894003 98.3725
8.462875785192262 112.4
8.485235811156207 124.22
8.507613602688501 165.03799999999998
8.529974277114228 255.835
8.552352719347912 396.209
8.574731488360351 665.42
8.59709314210385 1207.17
8.619472567021075 1855.46
8.64183487789147 2201.14
8.664214962183097 1786.46
8.686577933647762 1001.63
8.708958680784317 458.439
8.731339760774953 187.915
8.753703729764451 115.59299999999999
8.77608547780821 100.958
8.798450116065078 96.6153
8.820832535634787 93.3081
8.843215292401656 91.4775
8.865580941199045 90.29799999999999
8.887964374703538 89.2185
8.910330701447199 90.3505
8.932714815164482 92.3824
8.955099270424924 91.6052
8.977466620733543 88.6778
8.999851761421976 85.6443
9.022219798361645 84.2635
9.04460562795561 84.1694
9.066991803441677 83.4174
9.089360876979615 83.1406
9.111747746589993 83.238
9.13411751544971 82.7866
9.156505082664324 82.1817
9.178875550323522 82.4711
9.20126381862328 83.0496
9.223652438908596 83.1338
9.246023961427412 83.12
9.26841328802173 82.5398
9.290785518039224 82.0304
9.313175554425882 83.2749
9.335565947154315 82.9692
9.357939245086508 83.2428
9.380330352834827 83.3348
9.40270436697103 83.3967
9.425096193225055 83.4211
9.447488380180165 84.5875
9.469863475295412 85.024
9.492256385987508 85.2089
9.514632206018318 85.6122
9.537025843935714 85.9558
9.559402392368193 86.705
9.581796761000229 87.8578
9.604191496441521 88.8301
9.626569144158516 92.3003
9.648964615551032 96.82600000000001
9.671343000390081 98.2035
9.693739211225699 96.1928
9.716135793237463 94.1315
9.738515290448102 93.5956
9.760912617143402 94.65299999999999
9.783292860202891 95.8254
9.805690935076182 97.3646
9.828089385495742 97.87700000000001
9.850470754023561 100.432
9.872869957865444 108.37799999999999
9.89525208097539 122.96
9.917652041736662 134.622
9.940052382417589 134.311
9.962435644102392 141.355
9.984836746950979 177.63
10.007220771957746 242.86900000000003
10.029622640473708 345.92800000000005
10.052007432299963 529.444
10.074410069984072 831.572
10.096813093716005 1255.93
10.119199042482517 1698.11
10.141602840636468 1858.01
10.163989564971628 1561.44
10.186394141051062 916.6210000000001
10.208799107559706 414.881
10.231187001965623 193.655
10.253592751657669 128.999
10.275981430388155 114.73700000000001
10.298387966769793 113.573
10.320794897965431 116.074
10.343184759907361 114.809
10.36559248305461 109.331
10.387983138083852 105.015
10.410391656691655 107.875
10.432800574501677 119.13799999999999
10.455192425893369 136.125
10.47760214443012 162.507
10.499994797678786 208.55900000000003
10.522405320453982 289.132
10.54479877906917 405.89099999999996
10.567210109595656 509.986
10.5896218454736 559.0369999999999
10.612016518879773 491.33
10.634429067781074 339.536
10.656824555333241 204.97799999999998
10.679237920773568 126.54299999999999
10.701651695961992 97.4838
10.724048411481384 90.4122
10.746463008485165 87.4691
10.768860546937125 85.6583
10.791275969274796 83.8534
10.81369180576079 82.5895
10.836090585366925 81.7583
10.858507252467449 80.3886
10.88090686379991 79.3291
10.903324365036394 78.8618
10.925724811614439 78.6911
10.948143150509463 79.9569
10.970561909719066 78.825
10.992963615930844 76.9973
11.015383218085756 75.1613
11.037785768347074 73.7268
11.06020621697282 73.2439
11.082627090322113 72.6811
11.105030913430326 72.2977
11.12745263854165 72.9332
11.149857314510728 76.2944
11.172279894912576 81.7501
11.194702904450653 82.2473
11.217108866490921 78.2762
11.239532736615194 73.9332
11.26193956033512 71.866
11.284364294577085 70.3714
11.306789462371718 68.6785
11.329197585398376 67.5655
11.351623622610898 67.438
11.37403261614354 66.5396
11.396459526308487 66.3984
11.418869393879497 65.9749
11.441297180532617 65.7013
11.463725406927658 65.2519
11.486136592353875 64.9405
11.508565700543707 65.8208
11.530977768845315 67.3849
11.553407762368774 68.1419
11.575838200059769 67.5651
11.598251599479612 65.7416
11.620682927815501 64.3071
11.64309721895548 63.9502
11.665529441478206 63.365
11.687962112597958 63.2538
11.710377748130886 63.2829
11.732811318753434 63.364
11.755227854859067 63.3453
11.777662328529495 63.1965
11.800079768750786 62.8958
11.822515149015453 62.7527
11.844950984084935 63.1986
11.867369787303163 62.7771
11.889806534289491 63.0173
11.912226250487029 63.3095
11.934663912939751 63.3213
11.9571020346363 63.4524
11.979523127133968 63.4246
12.001962169624331 63.7977
12.024384183972964 64.9355
12.046824150809913 68.0352
12.069264581333726 73.4587
12.091687985297767 79.4705
12.11412934550045 89.0775
12.136553680195208 104.06700000000001
12.158995973632788 126.37
12.181438735204349 153.535
12.20386447284199 180.96200000000002
12.226308172985636 199.986
12.24873485024193 196.669
12.271179492516982 166.96400000000003
12.293607112949127 130.616
12.316052700916226 97.456
12.338498763250042 79.8334
12.360927805303868 70.8591
12.383374818673879 67.0477
12.405804812803074 65.1124
12.428252780773262 64.5984
12.45070122756722 64.3352
12.473132656675375 64.383
12.49558206341869 64.531
12.518014453510101 64.7468
12.540464823770117 64.6735
12.562915677315177 64.9084
12.58534951575545 65.7741
12.607801338171472 67.8486
12.630236146511358 73.0669
12.652688941369085 77.8233
12.675124723177234 77.7836
12.697578494048786 74.153
12.720032754458185 69.9469
12.742470003354093 68.3924
12.764925245138771 68.2651
12.787363476431278 68.7333
12.809819703166806 68.9565
12.83227642391173 69.4768
12.854716135692716 70.274
12.877173846755147 71.3166
12.899614549869717 71.2614
12.9220732548287 72.2824
12.94453245827299 72.5956
12.966974655289818 73.6572
12.989434858002571 74.4955
13.011878055298721 75.2967
13.034339260862497 76.1996
13.056800969391883 77.4016
13.079245674017244 79.1528
13.101708390774869 81.4052
13.12415410463411 88.2919
13.146617833206086 100.17399999999999
13.169064559883248 112.491
13.191529303857127 127.917
13.213994557076367 150.89600000000002
13.236442809902437 188.40599999999998
13.258909083908291 242.393
13.28135835851934 305.624
13.30382565690295 368.543
13.326293469022952 414.901
13.348744283242008 420.62800000000004
13.371213125129904 362.416
13.39366497011003 269.845
13.416134845360597 180.695
13.438605238843131 128.06799999999998
13.46105863690397 107.694
13.483530069144786 106.204
13.505984506951902 111.865
13.528456981549432 121.741
13.550929978879088 136.84799999999998
13.573385983253365 161.161
13.595860028340867 199.90900000000002
13.618317081455832 250.516
13.64079217790333 301.757
13.663250283359057 344.91900000000004
13.685726434770173 365.38599999999997
13.708203115221277 338.42400000000004
13.730662806148091 263.888
13.75314054697177 191.657
13.775601299246777 132.967
13.798080104050406 99.436
13.820559442405358 86.3543
13.843021793671388 82.336
13.865502201420897 80.6148
13.887965623051947 79.9845
13.910447103807167 78.9903
13.932929122629764 77.7288
13.955394156785959 77.3585
13.977877254034569 76.4791
14.000343367582113 75.3112
14.022827546871707 74.949
14.045294743423524 74.0575
14.06778000837062 73.5164
14.090265817715476 73.4106
14.112734645763819 72.9964
14.13522154619454 72.8042
14.157691466286913 72.9452
14.180179461423874 72.5068
14.202668005486178 71.7327
14.22513957064374 70.9161
14.247629214846473 70.7555
14.270101881097517 70.6627
14.29259262906496 70.8997
14.315083930490205 71.7271
14.337558255389705 71.6968
14.360050666019726 71.553
14.382526101071944 70.648
14.405019624534942 69.7037
14.427513705993134 69.3508
14.449990813291825 69.26100000000001
14.47248601302899 69.0303
14.49496423954951 69.157
14.517460561197822 69.2556
14.539939910570322 69.0216
14.562437357763558 69.6295
14.58493536931253 70.5432
14.607416409993311 71.2488
14.62991555254159 72.1185
14.652397725157423 71.9497
14.674898002342799 71.4999
14.697398848433282 70.9253
14.719882725991326 71.3152
14.74238471217934 72.2177
14.764869730765593 75.5472
14.787372860692983 79.1674
14.809876564079925 83.7791
14.83236330125751 89.7572
14.854868153850365 98.4915
14.877356041159485 112.27600000000001
14.899862046604186 131.063
14.922351087688757 156.342
14.944858249632887 182.418
14.967365991421232 204.824
14.989856770231246 216.46400000000003
15.012365673994204 212.72099999999998
15.03485761569738 186.735
15.05736768508665 152.156
15.07987833888692 117.26799999999999
15.102372032001655 93.4608
15.124883856909658 78.5247
15.14737872204565 73.0613
15.169891721717274 71.2496
15.192405310371893 70.8768
15.214901940621196 71.215
15.237416709527137 71.273
15.259914520936249 71.4352
15.282430473753607 70.5882
15.304947020131227 69.48
15.327446610371178 68.3656
15.349964346154254 67.4968
15.372465126703139 67.3447
15.394984055556009 67.0484
15.417486030076159 66.7604
15.44000615566487 66.4868
15.462526881230803 66.3015
15.485030653812652 66.6545
15.507552581617434 66.6846
15.530057557334603 66.6338
15.55258069104857 66.7156
15.575104429329837 66.5001
15.597611216864632 66.1197
15.620136166564563 66.3471
15.6426441664095 67.3708
15.665170331202765 69.4514
15.687697105158826 72.6556
15.710206930593545 76.2991
15.732734925158933 80.5951
15.755245972089478 86.8475
15.77777519094324 96.2062
15.800287463046663 109.14200000000001
15.822817909869592 127.969
15.84534897229804 148.638
15.867863089299354 169.2
15.890395385222186 183.97400000000002
15.912910736597423 190.43900000000002
15.935444269699861 180.47099999999998
15.957978423016485 155.14
15.980495633101265 124.81299999999999
16.003031029129367 98.1767
16.02554948280019 78.809
16.048086125229432 69.2371
16.070623392487107 66.1523
16.09314371869582 65.0531
16.11568223789321 63.8689
16.13820381691126 62.9351
16.160743591742527 61.8362
16.183283996022084 61.1117
16.205807461423195 60.1044
16.228349126881973 59.4561
16.25087385432698 59.2165
16.27341678466365 58.6801
16.29594277784926 58.5996
16.31848697676433 58.9628
16.341031811604868 59.2177
16.36355971058487 59.8218
16.3861058195587 59.1568
16.40863499352978 57.9818
16.431182380342005 57.0886
16.453730407713202 56.6588
16.476261501364792 56.2227
16.498810812136167 55.9678
16.52134319004079 55.8471
16.54389378792203 55.791000000000004
16.566445031001553 55.7952
16.588979342490088 55.5965
16.61153187824822 55.3202
16.634067483263312 55.3149
16.656621315414416 55.24
16.679175797408888 54.9229
16.701713349928728 54.9205
16.72426913389191 55.3058
16.74680798922351 55.1791
16.76936507887444 55.2673
16.791905240734874 55.4692
16.814463639794468 55.3818
16.837022695210294 55.2745
16.859564824093756 55.5686
16.882125194503903 56.2173
16.904668639217885 56.865
16.927230328348003 57.0505
16.949792678493612 57.1788
16.972338104193863 56.4344
16.994901778652235 56.0365
17.017448529496576 55.9547
17.040013531998152 56.2093
17.06257920018044 56.6516
17.0851279459922 57.4598
17.107694947817667 58.2699
17.130245028099072 58.912
17.15281336730298 60.4053
17.17536478578733 62.3661
17.19793446610687 64.44
17.220504818648422 67.1592
17.243058251703697 70.5233
17.265629950971032 74.74600000000001
17.288184731571736 79.2309
17.310757781306908 82.3159
17.33333150794385 83.60700000000001
17.355888317140174 82.0262
17.37846339986244 78.307
17.401021565958885 72.3841
17.42359800851343 67.1119
17.44617513265564 62.9689
17.468735341390783 60.6126
17.491261035594565 59.6685
17.51396340099364 59.3416
17.536490463869136 59.4919
17.559018209820174 59.5021
17.58154663977963 59.6093
17.604251766089718 59.6223
17.626781572227713 59.7752
17.64931206518155 60.2328
17.671843245885103 60.9066
17.69455114821572 60.9526
17.717083712612634 61.2616
17.739616967569667 61.3507
17.762150914021706 61.7519
17.78486160749854 61.4652
17.807396945166804 62.1067
17.829932977143503 63.2068
17.85246970436452 64.6488
17.875183204129467 66.4971
17.897721330097664 68.6003
17.920260154126645 71.1337
17.942799677153296 74.2004
17.9655159983646 77.8338
17.988056927677544 83.344
18.010598558807683 91.0767
18.033140892692916 101.228
18.05586005052525 111.45200000000001
18.07840379824407 122.045
18.10094825154059 132.69899999999998
18.12366954819864 139.094
18.146215420998306 139.757
18.16876200220057 131.67600000000002
18.191309292745153 118.751
18.214033452627167 105.4
18.236582170236648 94.1102
18.259131600016456 88.3286
18.281681742907335 88.0931
18.304408781233683 91.6796
18.32696035875955 96.0478
18.349512652227624 100.257
18.372065662579683 104.594
18.394795594587553 105.525
18.41735004715306 102.943
18.43990521943684 96.9549
18.46246111238171 88.1694
18.485193953325208 78.8654
18.507751296070428 71.2628
18.530309362314178 67.0564
18.552868153000343 64.1971
18.57560391815056 62.7232
18.59816416623245 62.0947
18.620725141597372 61.6716
18.643286845190268 61.1282
18.666025549835414 60.7036
18.688588718427933 60.1967
18.711152618092243 60.2296
18.73389353884365 59.9263
18.75645890921984 59.3941
18.77902501351406 59.0068
18.801591852673102 59.0732
18.824335739722738 58.3287
18.846904057212626 58.3828
18.8694731124168 58.0884
18.89204290628315 58.1585
18.914789774966803 57.8579
18.937361054791623 57.6181
18.959933076131318 57.3535
18.982505839934877 57.3176
19.00525570560582 57.303000000000004
19.027829963004184 57.1898
19.05040496572238 57.1795
19.072980714710468 57.2618
19.095733592739563 57.5641
19.11831084296757 57.6803
19.140888842324735 58.1126
19.16346759176222 58.4894
19.18622349753803 58.9522
19.208803755869358 59.9384
19.231384767143577 61.0678
19.253966532312948 62.7131
19.276725481241822 64.7164
19.29930876296784 67.1682
19.3218928014549 69.8824
19.34465404436217 72.8261
19.36723960516257 75.3103
19.389825925592426 76.0238
19.412413006605938 75.6181
19.43517731967805 72.4135
19.457765930683355 68.415
19.48035530514408 64.1055
19.50294544401556 60.0258
19.525712842708348 57.1948
19.54830451925909 55.8664
19.570896963095727 54.4785
19.593490175174704 54.3625
19.616260674962184 54.2485
19.638855432416964 54.0068
19.661450960992624 53.8378
19.68404726164677 53.7619
19.706820878021247 53.7936
19.729418731756834 53.9291
19.752017360452857 53.566
19.77461676506804 53.7898
19.797393513540218 53.7591
19.819994478951667 54.0005
19.84259622316767 54.8299
19.8651987471481 55.1794
19.887978643247177 55.4604
19.91058273574792 55.7094
19.933187610901943 56.4592
19.955969879466828 57.7006
19.97857632894404 59.1151
20.00118356396599 60.8519
20.023791585494575 63.0238
20.046577028914875 65.4537
20.069186632506966 67.3943
20.091797025500632 69.0856
20.114408208858933 69.6039
20.137196842715273 69.5838
20.159809615886765 68.4791
20.18242318232135 66.064
20.20503754298326 64.1213
20.227829382875154 63.1961
20.250445341109344 62.8611
20.27306209647285 63.2564
20.29567964993108 64.1376
20.31847471147704 65.1513
20.34109387027612 65.7672
20.363713830075454 65.4808
20.386334591841646 64.2706
20.409132890679302 61.8898
20.431755265564437 58.9298
20.454378445325528 56.2414
20.477002430930366 54.2349
20.499803982716553 52.6928
20.522429589228004 52.0455
20.54505600449589 51.4496
20.567683229489194 51.2989
20.590488049900088 50.7778
20.61311690359731 50.4075
20.63574656993626 50.2687
20.658553853717297 49.9797
20.681185154618298 50.0153
20.703817271080066 49.8138
20.72645020407368 49.4342
20.749260783967177 49.3823
20.771895359337133 49.4803
20.794530754161617 49.3369
20.817166969412938 49.1748
20.83998086114876 49.1441
20.86261872660049 49.0861
20.885257415405402 49.0417
20.90789692853701 48.721000000000004
20.930714147864748 48.7919
20.953355319030678 48.9468
20.97599731745334 48.8285
20.99864014410749 48.9279
21.021460706796564 48.9812
21.044105199328826 49.1919
21.06675052302631 49.2946
21.089396678865015 49.4989
21.112220600704806 49.7836
21.134868430275347 50.3827
21.15751709492456 50.6906
21.180166595629693 50.763000000000005
21.202993892429635 51.1563
21.22564507473034 51.4671
21.24829709602816 51.5088
21.27112693608965 51.5712
21.293780644891275 51.5433
21.316435195634053 50.993
21.339090589297417 50.5021
21.361923832041875 49.7982
21.384580921090404 49.2603
21.407238856007325 48.8233
21.429897637773326 48.7034
21.45273429906592 48.6976
21.475394784108598 48.6774
21.498056118951983 48.6013
21.520718304578022 48.8733
21.543558400304388 48.755
21.566222297108816 49.0608
21.58888704765135 49.2042
21.61155265291521 49.5033
21.63439619898156 50.0263
21.657063523335786 50.122
21.67973170537063 50.5239
21.7024007460706 51.0683
21.72524775840385 51.9514
21.747918526116475 53.1908
21.770590155457388 54.2467
21.79326264741238 55.8007
21.816113141960237 57.5225
21.838787368860547 59.2759
21.861462461341976 61.1064
21.884315579735777 62.8363
21.90699241312273 63.8702
21.92967011506078 64.4022
21.95234868653799 64.3994
21.9752053151131 63.361000000000004
21.997885635446785 61.8996
22.020566828293532 60.0025
22.04324889464272 58.4228
22.066109049404666 57.1573
22.088792872571794 56.4367
22.111477572219204 56.41
22.1341631493376 56.2689
22.157026846313123 56.1976
22.179714188221507 55.7161
22.202402410582668 54.501999999999995
22.22509151438863 53.2025
22.24795876962584 51.8581
22.270649646204486 50.8921
22.293341407213727 50.3295
22.316034053646906 49.6596
22.338904883215342 49.3871
22.36159931041458 49.4722
22.38429462602756 49.2922
22.40699083104897 49.1421
22.429865251039757 49.1548
22.452563244831367 49.2438
22.47526213102522 49.1061
22.49813925616515 48.9866
22.520839937143307 48.8006
22.543541513520587 48.735
22.56624398629403 48.621
22.589124730075895 48.7105
22.611829005656723 48.9881
22.63453418063466 48.9585
22.657240256008077 49.2074
22.680124634582935 49.2754
22.70283252079775 49.565
22.725541310413075 49.8428
22.74825100442868 49.9784
22.771139033969575 50.5821
22.79385054687155 50.7585
22.81656296718292 51.4948
22.83927629590484 52.2426
22.862167992606945 53.2593
22.88488314827121 54.5035
22.907599215359284 55.3628
22.93031619487366 56.3728
22.953211574954405 57.0546
22.975930389478226 57.8171
22.998650119445763 58.156000000000006
23.02137076586092 57.4381
23.044269845560063 56.5587
23.06699233506288 55.0306
23.089715744034912 53.3425
23.112617610931565 51.583
23.135342869061212 50.4569
23.158069049684816 49.5507
23.1807961538087 49.2596
23.20370174880544 49.1414
23.226430710184808 49.0486
23.249160598093425 49.1358
23.271891413539002 49.0259
23.294800752937697 49.0148
23.31753343374794 49.3751
23.340267045128353 49.4641
23.36300158808808 49.7386
23.38591468821339 50.1039
23.408651104658304 50.4249
23.431388455719986 51.1163
23.454126742409 51.9439
23.4770436196085 53.0951
23.499783787914662 54.2387
23.522524894889884 55.2528
23.54526694154616 56.1418
23.56818761219047 57.1176
23.59093154860734 57.4681
23.613676427751283 57.7316
23.636422250635754 57.0358
23.659346731118656 55.8496
23.68209445191868 54.2866
23.704843119509587 52.1471
23.72759273490623 50.1426
23.750521041644767 48.8012
23.77327256312355 47.5787
23.796025035462787 46.9974
23.818956224555475 46.461000000000006
23.841710609113413 46.301
23.86446594758979 46.0828
23.887222241002014 45.7949
23.910157285144578 45.5373
23.932915498962537 45.5144
23.955674670778713 45.2624
23.978434801611975 45.2397
24.001373717286125 45.1677
24.024135776723917 45.0257
24.046898798245582 44.7618
24.06966278287146 44.7642
24.092605586582614 44.5166
24.115371508023642 44.4676
24.1381383956401 44.352
24.16090625045381 44.3792
24.183852958731244 44.1615
24.206622758582608 44.012
24.229393528706886 43.8443
24.252165270127392 44.0107
24.27511589952438 43.8699
24.297889594216997 43.8022
24.32066426328598 43.5198
24.34343990775613 43.6355
24.36639447485003 43.4819
24.38917208083877 43.4879
24.41195066531332 43.3415
24.43490819850244 43.3617
24.457688750692377 43.1134
24.48047028445616 43.2413
24.503252800821233 43.4607
24.526214300784112 43.3871
24.548998793132213 43.3092
24.57178427117417 43.2325
24.59457073593893 43.1981
24.617536219319863 43.2599
24.64032466834748 43.1095
24.663114107195035 43.1117
24.685904536893013 42.792
24.708874020360852 42.725
24.731666442613744 42.7399
24.754459858818787 42.668
24.777254270007962 42.5658
24.80022777025625 42.4989
24.82302418230472 42.5135
24.845821592443674 42.6018
24.86862000170663 42.4865
24.891597535453727 42.2744
24.914397953892728 42.6003
24.93719937456671 42.3756
24.96000179851076 42.5199
24.98298338249997 42.621
25.00578782394922 43.1104
25.028593271784167 43.1231
25.05157790644186 43.3968
25.07438537804115 43.5921
25.097193859145293 43.7584
25.120003350792075 43.9703
25.142992065061257 44.3551
25.165803588823465 44.6391
25.18861612625217 44.8776
25.211429678386736 44.8878
25.234422489079968 44.9924
25.257238081693636 45.0753
25.280054692141732 45.1512
25.3028723214652 45.203
25.325869245420463 45.2497
25.348688923599397 45.1427
25.371509623787006 45.1127
25.394331347025812 44.8222
25.41733240110666 44.5493
25.440156181590016 43.7642
25.46298098826268 43.458999999999996
25.48580682216873 42.851000000000006
25.50881202326435 42.1672
25.53163992281684 41.6897
25.55446885274561 41.6337
25.577298814096377 41.178999999999995
25.600308179121807 41.0524
25.623140214533745 41.1461
25.64597328451537 41.045
25.66898578564376 40.6382
25.691820936010206 40.797
25.714657124097695 40.7475
25.737494350954734 40.8694
25.760511045684957 40.6648
25.783350361364224 40.8011
25.806190718969255 40.8424
25.82903211955018 40.7821
25.852053024868923 40.8748
25.874896522722523 40.8618
25.897741066713106 40.796
25.920586657892454 41.0734
25.943611790812668 41.0695
25.966459487728237 41.2263
25.989308234998564 41.1888
26.01215803367705 41.6254
26.03518741123814 41.6571
26.05803932412957 41.8046
26.080892291600094 41.7566
26.10374631470478 41.8742
26.12677995397268 41.9558
26.14963609978026 41.943999999999996
26.172493304397875 41.5222
26.19535156888223 41.2663
26.218389486949604 40.9628
26.241249882640123 40.7859
26.26411134137826 40.6492
26.28715248187403 40.5901
26.31001607820869 40.5087
26.3328807407756 40.3203
26.35574647063438 40.4333
26.37879191991473 40.3171
26.401659795896734 40.3139
26.424528742360263 40.3651
26.447398760366614 40.5532
26.470448535598294 40.6887
26.49332070826805 41.0258
26.516193955675355 41.4358
26.53906827888316 41.3486
26.562122397260108 41.7452
26.584998883685063 41.8187
26.607876449110325 42.0579
26.63075509460056 42.1437
26.65381357334404 42.3282
26.67669439061878 42.2971
26.699576291163382 42.221000000000004
26.722459276044212 42.2839
26.745522132402975 41.8368
26.768407297649354 41.7388
26.791293550442003 41.4454
26.814180891848974 41.2086
26.837248143099337 40.8149
26.860137673466657 40.8303
26.88302829566349 40.4863
26.90592001075963 40.2336
26.92899167420566 40.1285
26.951885586870763 39.8703
26.974780595655517 39.6462
26.99785558178161 39.482
27.020752794605112 39.3197
27.043651106772522 39.0425
27.06655051935668 39.1159
27.089629948036183 39.027
27.112531573292053 39.0334
27.135434302194138 39.0186
27.158338135817015 38.9037
27.181422024430987 38.7752
27.204328079372566 38.6966
27.22723524226965 38.7538
27.250143514198573 38.8979
27.273231880156334 38.9025
27.296142382065014 38.5816
27.319053996245536 38.5258
27.341966723775965 38.5837
27.365059584515222 38.6431
27.38797455070062 38.7501
27.410890633481237 38.6013
27.433807833936918 38.8197
27.456905206923906 38.8494
27.47982465472398 38.7831
27.502745223449743 38.7676
27.525666914182825 38.7977
27.548768816912457 38.8268
27.571692763693633 38.6969
27.59461783573812 38.6214
27.617723149491244 38.3495
27.640650484125285 38.3918
27.66357894728264 38.3686
27.686508540048052 38.2403
27.709618414237887 38.1941
27.732550278321757 38.0969
27.755483275279115 38.0748
27.778417406196485 38.0813
27.801531858397514 38.0657
27.824468269376716 37.9108
27.847405817586786 38.0096
27.870344504116094 38.1952
27.893463551932008 38.1938
27.916404527281053 38.4752
27.93934664422563 38.6179
27.962289903855886 38.6062
27.98541356491974 38.8616
28.00835912214229 38.9632
28.03130582533231 39.1475
28.054253675581805 39.3215
28.077381967556104 39.2371
28.100332124185126 39.2028
28.123283431160893 39.0379
28.146235889577238 38.9596
28.169368830154156 38.9217
28.192323603752033 38.6305
28.215279532083304 38.2676
28.238415973016764 38.1488
28.261374223145094 37.9809
28.284333631303806 37.8277
28.307294198589954 37.7737
28.330435319167677 37.4243
28.353398217078915 37.185
28.376362277420153 37.0734
28.39932750129032 36.8268
28.422473319286713 36.6199
28.44544088262495 36.643
28.468409612800283 36.5523
28.491379510913497 36.2287
28.51453004413313 36.1844
28.53750229057244 36.2166
28.56047570826344 36.1032
28.583450298308804 36.1398
28.606605564586562 35.9158
28.629582511831156 36.0061
28.65256063474956 35.8241
28.675539934446338 35.9488
28.698699951647605 35.8953
28.72168161743193 35.5902
28.74466446331978 35.606
28.767648490417624 35.6056
28.790813276438353 35.6782
28.813799678527303 35.7475
28.836787265157085 35.6485
28.859955641890075 35.4969
28.882945610203045 35.5684
28.905936766392035 35.4718
28.928929111566863 35.6367
28.952102288520145 35.6304
28.975097024308607 35.3234
28.998092952423807 35.2365
29.021090073977508 35.1854
29.04426806913204 35.0205
29.067267590245258 34.8533
29.090268308143695 34.7283
29.11327022394099 34.6521
29.13645305530891 34.6819
29.159457379627167 34.6562
29.18246290519685 34.5382
29.20546963313352 34.5262
29.22865731875826 34.449
29.25166646419296 34.5159
29.27467681535305 34.4135
29.29768837335608 34.5574
29.320880931312562 34.4774
29.34389491580634 34.5515
29.366910110507334 34.3906
29.38992651653503 34.4963
29.41312396492981 34.3944
29.436142806456754 34.282
29.45916286268059 34.2633
29.48236399319994 34.2374
29.50538649169417 34.0764
29.528410208259935 34.0518
29.55143514402014 33.8399
29.574641196749695 33.6457
29.597668583816574 33.5095
29.6206971934585 33.2995
29.64372702680042 33.3925
29.666938019934474 33.2245
29.689970313635285 33.2425
29.713003834422636 33.14
29.73603858342347 33.1137
29.759254535188578 33.1354
29.78229175361658 33.0853
29.80533020365064 33.1519
29.82836988641968 33.0316
29.85159081507472 33.0088
29.874632976355343 32.9378
29.89767637376955 32.9492
29.920721008448314 32.7579
29.9439469322847 32.7186
29.96699405457564 32.7538
29.9900424175358 32.8939
30.013092022298157 32.693000000000005
30.03632295963995 32.5919
30.059375061131373 32.6244
30.08242840783577 32.7577
30.105483000888153 32.7425
30.128718970092244 32.5501
30.151776069006917 32.4932
30.17483441768648 32.6081
30.198074175317235 32.5619
30.221135036724256 32.5481
30.24419715131772 32.5044
30.267260520236203 32.4731
30.290505341942243 32.516
30.313571232750228 32.5188
30.336638381310948 32.602
30.35970678876503 32.4966
30.38295669299435 32.4566
30.40602763151657 32.4674
30.429099832366074 32.2552
30.452173296685572 32.2548
30.47542830191959 32.3388
30.498504306502497 32.2699
30.521581577995562 32.3305
30.544660117543582 32.3682
30.56792024229725 32.325
30.59100133132069 32.2804
30.614083691845494 32.3275
30.637167325018545 32.425
30.660432587840603 32.4225
30.683518779717886 32.3628
30.70660624769615 32.5126
30.729694992924372 32.4269
30.75296541239743 32.415
30.77605672557558 32.3546
30.799149319462742 32.2481
30.8224236211637 32.1803
30.845518789950724 31.9942
30.868615242910597 32.0317
30.891712981195973 31.8639
30.91499247215866 31.7606
30.938092794619365 31.7728
30.96119440587579 31.6465
30.984297307082752 31.4966
31.00758200598383 31.5458
31.030687500658694 31.4576
31.053794288760695 31.3658
31.076902371446767 31.2256
31.100192296997445 31.3287
31.12330298246119 31.2195
31.14641496599209 31.1571
31.169528248749216 31.1529
31.19282341969534 31.1882
31.215939314557186 31.1573
31.239056512134788 31.1701
31.262175013589378 31.1244
31.28547544871168 31.0502
31.30859657161541 30.8455
31.331719001892175 30.9619
31.35484274070538 31.1951
31.378148458819545 31.1332
31.401274828443725 31.0976
31.424402510106933 31.0531
31.447712205419993 31.1182
31.470842524931633 30.9728
31.493974159989783 30.9913
31.51710711176168 30.96
31.54042212308802 31.0152
31.563557722100917 30.991999999999997
31.586694641341655 30.8084
31.609832881979628 30.6848
31.63315322823208 30.6149
31.656294125521327 30.5443
31.679436347728515 30.5636
31.70257989602529 30.4406
31.725905596152327 30.3569
31.74905181052835 30.406
31.772199354521323 30.465999999999998
31.79534822930507 30.342
31.818679302290967 30.3618
31.84183085259981 30.355999999999998
31.864983737233473 30.3748
31.88813795736804 30.2939
31.911474422233013 30.2807
31.934631327356435 30.2002
31.9577895715215 30.2211
31.980949155906522 30.3298
32.004291031706956 30.2461
32.027453310562606 30.0924
32.05061693318573 30.0134
32.07396288236386 30.0574
32.09712920658542 29.8983
32.12029687812702 29.8304
32.14346589817093 29.7932
32.166817291729984 29.6905
32.18998902288583 29.6244
32.21316210610336 29.5091
32.23633654256711 29.4612
32.259693399663725 29.4804
32.282870556771144 29.3709
32.30604907069099 29.3486
32.329228942610065 29.2681
32.35259128243769 29.1553
32.375773884550505 29.1025
32.398957848235646 29.1182
32.422143174682176 29.0623
32.445511016471215 28.9748
32.468699082679954 28.9608
32.49188851523011 28.879
32.51507931531304 28.7882
32.538452678331 28.78
32.56164622776311 28.7673
32.58484114831493 28.6315
32.60803744118015 28.6405
32.631416344731896 28.6164
32.654615396551876 28.6241
32.67781582427913 28.5589
32.701198898634416 28.4547
32.72440209253756 28.4906
32.747606665947124 28.5234
32.77081262006088 28.3345
32.79420126883317 28.2728
32.81740999876112 28.3295
32.840620112999424 28.3108
32.86383161274818 28.1973
32.88722585534586 28.2192
32.91044014056596 28.2111
32.933655814909734 28.1558
32.95687287957963 28.1663
32.98027273544904 28.0749
33.00349259526636 28.0092
33.026713849030116 28.0194
33.04993649794511 28.0935
33.073341986570746 28.0085
33.09656744032826 27.9071
33.11979429286444 27.969
33.14302254538647 27.9696
33.166433686291185 27.8855
33.18966475336992 27.8568
33.212897224069096 27.750999999999998
33.23613109959831 27.7586
33.259547912343415 27.6777
33.2827846121627 27.7706
33.306022720453775 27.7603
33.32926223842861 27.6486
33.352684742614166 27.6264
33.37592709463173 27.5117
33.399170859982064 27.4399
33.422597648419426 27.373
33.44584425514446 27.2477
33.46909227885668 27.1668
33.4923417207723 27.1753
33.51577423505344 27.2226
33.539026528130385 27.0726
33.56228024307245 27.0046
33.585535381098246 26.9207
33.60897364093058 26.9619
33.63223163992385 26.8997
33.6554910656699 26.8426
33.678751919389796 26.8753
33.702195944520106 26.7622
33.72545966903325 26.7075
33.74872482519663 26.5926
33.771991414233746 26.7326
33.79544122444841 26.6536
33.81871069412428 26.5828
33.84198160035767 26.4878
33.86525394437455 26.5929
33.88870955949969 26.5096
33.911984794020626 26.4203
33.93526147001624 26.3932
33.958539588715006 26.3459
33.98200102861669 26.2789
34.0052820477047 26.1813
34.02856451319451 26.1764
34.05203033759056 26.1507
34.07531571090147 26.156
34.09860253431845 26.1126
34.121890809074316 26.0356
34.145362493118924 26.0654
34.16865368561615 26.0029
34.191946333164054 25.936
34.21524043699793 25.9353
34.23871800066799 25.8609
34.26201503218366 25.7828
34.28531352370466 25.8823
34.30861347646881 25.7652
34.33209693978188 25.7836
34.3553998301885 25.6753
34.378704185565205 25.6295
34.402010007152356 25.5574
34.42549939016683 25.5367
34.44880815937748 25.4975
34.472118398533134 25.355999999999998
34.49543010887669 25.3755
34.51892543169198 25.3236
34.54224009966052 25.3886
34.56555624255917 25.342
34.58887386163339 25.2688
34.61237514439016 25.186
34.6356957311114 25.1859
34.65901779775809 25.1691
34.68252356662995 25.1455
34.705848608458616 25.1139
34.72917513396849 24.9798
34.75250314440949 25.0119
34.77601490857862 24.8651
34.799345904259795 24.7876
34.82267838863559 24.8655
34.846012362958525 24.9384
34.869530142679984 24.7814
34.89286711232212 24.7679
34.91620557568269 24.7249
34.93954553401677 24.7083
34.9630693495876 24.7615
34.986412313340814 24.6555
35.00975677584668 24.6301
35.033102738362956 24.5882
35.05663261012228 24.5055
35.0799815881786 24.5429
35.10333207003229 24.4955
35.12668405694369 24.4757
35.150220005273056 24.4914
35.17357501786656 24.4083
35.19693153931268 24.3779
35.220289570874385 24.2985
35.24383161619786 24.3211
35.267192683604904 24.322
35.290555264930376 24.1881
35.314101899412165 24.2079
35.33746752422433 24.2902
35.36083466676374 24.2484
35.38420332829803 24.0943
35.407756095629054 24.1541
35.43112781085063 24.0995
35.45450104888391 24.0893
35.477875810999194 24.0981
35.50143473172161 24.0312
35.52481255774625 24.1212
35.54819191167777 23.9181
35.57157279478914 23.928
35.595137889488406 23.9085
35.61852184675279 23.8726
35.641907337029984 23.8028
35.665294361595684 23.6934
35.68886565090076 23.645
35.7122557598848 23.7136
35.73564740699838 23.6713
35.759040593519934 23.5529
35.78261809810353 23.6325
35.80601437933051 23.5492
35.829412203814705 23.4767
35.85281157283719 23.421999999999997
35.876395313415884 23.391
35.8997977874528 23.3615
35.92320180988546 23.2937
35.946790244133936 23.2677
35.97019737933222 23.248
35.993606066789866 23.2638
36.01701630779276 23.1303
36.04061101440684 23.1659
36.06402437852291 23.107
36.08743930005611 23.1274
36.1108557802951 23.0221
36.13445678011326 23.0927
36.15787639383515 23.0028
36.18129757014299 22.9117
36.20472031032821 22.8896
36.22832762423364 22.831999999999997
36.25175350829375 22.8609
36.275180960119776 22.7872
36.298609981005924 22.7957
36.32222362992669 22.82
36.34565580510207 22.7387
36.36908955323448 22.7185
36.39252487562093 22.5318
36.416144880530226 22.599
36.43958336764275 22.5848
36.463023432914625 22.5888
36.486465077645676 22.523000000000003
36.51009145956204 22.5407
36.53353627947859 22.5576
36.55698268276811 22.4802
36.58043067073321 22.389
36.60406345072071 22.2844
36.62751462435344 22.3791
36.65096738658405 22.3457
36.67460498210655 22.3071
36.69806093788647 22.215
36.72151848619297 22.158
36.744977628333636 22.1806
36.76862165890998 22.0591
36.79208400512205 22.0999
36.81554794910557 22.131
36.83901349217101 22.0073
36.862663978991606 22.0116
36.88613273667352 21.9486
36.90960309738324 21.9645
36.933075062434064 21.8948
36.95673202673572 21.8375
36.98020721697122 21.892
37.003684015502365 21.79
37.027162423645365 21.7313
37.050825886711465 21.7256
37.07430753063053 21.7051
37.09779078812467 21.5908
37.121275660513014 21.625999999999998
37.144945643673694 21.5949
37.16843376245278 21.4949
37.19192350009803 21.4719
37.215414857931435 21.3812
37.239091382563885 21.3779
37.262585997426164 21.3945
37.28608223645736 21.4322
37.309763684451696 21.351999999999997
37.33326318851098 21.3118
37.356764320726555 21.2371
37.380267082425526 21.2496
37.40395510942588 21.1954
37.42746114683234 21.1081
37.45096881771841 21.1254
37.474478123414166 21.173000000000002
37.49817275092816 21.1307
37.52168534303452 21.1214
37.54519957395567 20.9348
37.568715445024665 20.963
37.592416694607714 20.9262
37.61593586281424 20.9219
37.63945667518264 20.9063
37.66297913304891 20.9109
37.68668702630454 20.8394
37.710212792059274 20.7873
37.733740207334854 20.7066
37.757269273470364 20.7016
37.780983832050374 20.6621
37.80451621684926 20.5989
37.82805025654007 20.613000000000003
37.851585952464795 20.6045
37.8753071980695 20.5732
37.89884622345676 20.5365
37.92238690911902 20.4866
37.94611318753442 20.3856
37.969657210779765 20.4091
37.99320289834801 20.3426
38.016750251586465 20.2997
38.04048325513017 20.2784
38.06403395679343 20.2965
38.087586328183946 20.2665
38.11114037065203 20.2901
38.13488012115898 20.2547
38.1584375229181 20.1199
38.181996599821 20.1199
38.205557353221124 20.1219
38.229303872575656 20.0791
38.2528679961576 20.052
38.27643380031219 20.0109
38.30000128639589 19.8947
38.32375459653193 19.9501
38.34732546371299 19.9756
38.37089801690786 19.8546
38.39447225747609 19.8402
38.418232380377425 19.8144
38.441810012983396 19.7664
38.46538933705673 19.7321
38.488970353960084 19.7019
38.51273731166058 19.7177
38.536321731567014 19.6182
38.55990784840681 19.5912
38.58367995004091 19.5626
38.60726947812959 19.5154
38.63086070726198 19.5259
38.654453638806274 19.5157
38.678232613930824 19.486
38.70182896773327 19.3563
38.72542702806741 19.3067
38.7490267963045 19.3585
38.77281266709232 19.3206
38.79641586862214 19.2944
38.8200207821842 19.2681
38.843627409152944 19.2914
38.86742019782782 19.1802
38.891030269149255 19.1439
38.914642058016156 19.1094
38.938255565806124 19.113
38.96205529464307 19.0552
38.98567225787121 19.0154
39.00929094417078 19.0354
39.03291135492255 19.0675
39.05671804624804 18.9538
39.080341923549106 18.9303
39.103967529460334 18.9112
39.127594865365744 18.9191
39.15140854155791 18.9063
39.17503935514948 18.864
39.19867190290282 18.7932
39.22249083587951 18.7503
39.24612686969409 18.7825
39.269764641845306 18.7109
39.293404153722804 18.7561
39.317230110864074 18.6267
39.34087311998506 18.5856
39.36451787301696 18.518
39.388164371352595 18.4819
39.41199737518003 18.5393
39.43564738196752 18.4735
39.45929913825317 18.455
39.48295264543308 18.4409
39.506792718520884 18.409000000000002
39.530449745387216 18.3497
39.55410852735203 18.3442
39.57776906581474 18.3261
39.60161623079 18.2718
39.625280300200025 18.2734
39.64894613032202 18.1937
39.67261372255866 18.2196
39.6964680021016 18.1796
39.72013913657293 18.1815
39.74381203738292 18.1146
39.76748670593756 18.0481
39.79134812278169 18.0428
39.81502634488497 18.0778
39.83870633896685 18.0362
39.862388106436654 17.9873
39.88625668336918 17.9307
39.90994201572829 17.9974
39.933629125719285 17.8709
39.957503091207826 17.8157
39.9811937746168 17.8719
40.00488623990914 17.8768
40.02858048850006 17.7957
40.05246165409549 17.7793
40.076159487492085 17.6769
40.099859108448875 17.7299
40.123560518384345 17.6449
40.1474489070226 17.666
40.171153913178564 17.6164
40.194860712584955 17.598
40.2185693066637 17.5666
40.242464941335314 17.5103
40.26617714307655 17.5195
40.289891143772046 17.4693
40.3136069448471 17.4595
40.33750984859743 17.4147
40.3612292688043 17.3965
40.3849504936829 17.3926
40.40867352466194 17.3645
40.43258372059144 17.2986
40.45631038219906 17.3164
40.48003885420956 17.2308
40.503769138055105 17.175
40.52768664931955 17.1709
40.55142057531802 17.1721
40.57515631746428 17.1485
40.599079334038514 17.0814
40.62281872700477 17.0596
40.64655994043941 17.0533
40.67030297578061 17.0374
40.69423334835778 17.0131
40.71798004609188 16.9898
40.74172857006355 16.9113
40.76547892171441 16.8829
40.7894166736039 16.8867
40.813170699248566 16.8571
40.83692655691388 16.8252
40.86068424804498 16.8597
40.884629402612525 16.7633
40.908390779366385 16.7717
40.932153993938 16.7126
40.95591904777605 16.7221
40.979871628443995 16.7157
41.003640379561936 16.6554
41.02741097430883 16.6142
41.05118341413683 16.5389
41.075143444384416 16.6176
41.098919593177826 16.5553
41.1226975914255 16.5247
41.14647744058318 16.5226
41.170444943946755 16.4563
41.19422851378379 16.4189
41.218013938914645 16.4268
41.24198706625173 16.3642
41.26577622087193 16.3073
41.289567235177785 16.3203
41.31336011063129 16.2779
41.337340752422875 16.274
41.361137369129835 16.3136
41.38493585138705 16.2773
41.40873620066004 16.209
41.43272438060107 16.1758
41.45652848292052 16.1604
41.48033445666918 16.0468
41.50414230331616 16.1359
41.528138045159764 16.0945
41.551949656675205 16.0176
41.575763145513235 15.9789
41.59957851314666 15.9626
41.62358184070442 15.9071
41.64740098505737 15.8943
41.6712220126409 15.8785
41.69504492493139 15.8348
41.71905586207357 15.8063
41.74288256296395 15.8423
41.766711153007456 15.773
41.79054163368412 15.7699
41.814560204340054 15.7758
41.838394485526365 15.7349
41.86223066180303 15.6774
41.88625497706819 15.6474
41.910094962812 15.6232
41.93393684811168 15.6485
41.95778063445365 15.5209
41.981812625263366 15.4843
42.00566023303407 15.5047
42.029509746323676 15.4867
42.05336116662236 15.499
42.077400857069705 15.4168
42.10125611078846 15.4314
42.12511327600405 15.3783
42.14897235421036 15.3504
42.173019768448455 15.3353
42.19688269209613 15.3429
42.22074753323349 15.237
42.24461429335818 15.2766
42.268669455600495 15.218
42.292540073217886 15.2561
42.31641261433284 15.1903
42.34028708044675 15.134
42.36435001496739 15.130999999999998
42.38822835065557 15.1325
42.41210861586426 15.0994
42.4359908120986 15.0906
42.46006154323262 14.9874
42.48394762115317 14.9588
42.507835634632315 15.0076
42.531912233047436 14.9733
42.55580413732265 14.9504
42.579697981698 14.8823
42.60359376768525 14.8608
42.62767820545945 14.8736
42.65157789440821 14.8326
42.67547952952185 14.8379
42.699383112316 14.8539
42.72347541395347 14.7266
42.74738291190531 14.7539
42.771292362102166 14.7376
42.795203766063516 14.6972
42.819303956130405 14.6609
42.843219287476536 14.6353
42.86713657716324 14.6086
42.89105582671383 14.6039
42.91516392983864 14.5893
42.939087119032166 14.5542
42.963012272677304 14.5463
42.98693939230129 14.5058
43.01105543317513 14.4959
43.034986504731386 14.4752
43.05891954686589 14.4311
43.08285456110972 14.3539
43.10697856448665 14.3063
43.130917542983475 14.3086
43.15485849820081 14.3559
43.17880143167367 14.3005
43.20293342237094 14.2258
43.226880332449 14.2303
43.25082922540554 14.2005
43.27496722682525 14.1661
43.29892010567796 14.1261
43.32287497204102 14.1558
43.34683182745632 14.0854
43.370977859791836 14.0985
43.39493871351105 14.0748
43.41890156092628 14.1045
43.44286640358341 14.0538
43.46702049182749 14.0196
43.49098934522816 13.9885
43.51496019852649 14.0069
43.5389330532723 13.9153
43.56309522248204 13.9143
43.58707210044314 13.8965
43.61105098451946 13.8298
43.63503187626491 13.8065
43.659202151562134 13.7528
43.68318707902681 13.7759
43.70717401884041 13.7222
43.731162972560874 13.6643
43.75534137913236 13.7213
43.779334381108384 13.6843
43.803329401683186 13.6266
43.82732644241872 13.6421
43.8515130055166 13.6058
43.87551410707659 13.5357
43.89951723350145 13.5775
43.923709934595614 13.5478
43.94771713129917 13.54
43.97172635758096 13.5111
43.99573761501002 13.4929
44.0199385169922 13.4566
44.04395385732619 13.4263
44.067971233533086 13.4651
44.09199064718605 13.3951
44.11619977548961 13.3656
44.14022328470671 13.3372
44.16424883610785 13.3542
44.18827643127035 13.342
44.21249381139513 13.2991
44.236525514814076 13.22
44.26055926674478 13.2299
44.28459506876863 13.2328
44.3088207262813 13.1552
44.33286064928722 13.1703
44.35690262714919 13.1411
44.38094666145278 13.0819
44.4051806219871 13.0787
44.42922879003185 13.1091
44.45327901929361 13.0344
44.477331311362136 13.0549
44.501573600619416 12.9677
44.525630039221795 12.9501
44.54968854541895 12.9692
44.573937102200176 12.9406
44.5979997645541 12.8965
44.622064499300315 12.8911
44.64613130803592 12.8874
44.67038823869318 12.8757
44.69445921643748 12.8137
44.718532272981385 12.7491
44.742607409926194 12.7621
44.76687274034801 12.7513
44.79095205918753 12.7198
44.81503346325094 12.7419
44.839116954143876 12.6793
44.86339071028742 12.6791
44.88747839599524 12.7112
44.91156817336837 12.5834
44.93566004401666 12.5966
44.959942251908146 12.5946
44.984038330325966 12.5295
45.00813650686762 12.5109
45.03223678314731 12.5129
45.05652746888232 12.5025
45.08063196592069 12.4486
45.104738567558705 12.4051
45.128847275414856 12.4408
45.15314646515866 12.3987
45.17725940679741 12.3625
45.20137445952892 12.2988
45.22568004865265 12.2845
45.24979934496396 12.3063
45.27392075725247 12.2941
45.29804428714431 12.2529
45.322358426247604 12.2427
45.346486212804315 12.2028
45.370616121861914 12.2344
45.39474815505086 12.1672
45.41907087049246 12.1279
45.4432071734666 12.1244
45.46734560548283 12.1042
45.49148616817604 12.0574
45.51581748638564 12.0866
45.5399623320197 12.081
45.56410931325473 12.0404
45.58825843173002 12.0516
45.61259837920865 11.9775
45.636751793816 11.977
45.66090735060093 11.9496
45.68506505120716 11.8905
45.7094136545275 11.8703
45.73357566449271 11.8803
45.75773982322992 11.8914
45.78190613238733 11.8279
45.806263418194064 11.7705
45.83043404997326 11.8041
45.85460683713677 11.7809
45.87897065658495 11.7694
45.90314777634752 11.7305
45.92732705646868 11.7253
45.9515084986045 11.699000000000002
45.97588104735473 11.6753
46.00006683541565 11.627
46.02425479047904 11.6209
46.04844491420549 11.600999999999999
46.0728262191024 11.5874
46.09702070211635 11.5666
46.12121735879483 11.5463
46.14541619080294 11.5099
46.169806278764455 11.4833
46.194009483459034 11.4978
46.21821486849841 11.484000000000002
46.24242243555223 11.4301
46.266821333570014 11.3973
46.29103328674601 11.3549
46.31524742696538 11.4048
46.33946375590237 11.3304
46.36387149104216 11.372
46.38809221957392 11.2878
46.41231514186606 11.2604
46.436540259597464 11.2981
46.460956858999374 11.2622
46.48518638983522 11.2331
46.509418121166966 11.2124
46.533652054678114 11.1741
46.55807754555709 11.1789
46.58231590571962 11.1563
46.60655647313217 11.0611
46.630988654873654 11.097000000000001
46.655233659129024 11.0921
46.67948087571551 11.077
46.70373030632484 11.0335
46.72817142736393 11.0284
46.752425308428684 10.9665
46.77668140861147 10.9585
46.80093972960865 11.005
46.82538981736788 10.9457
46.849652602470904 10.9123
46.87391761349769 10.9483
46.8981848521493 10.9025
46.9226439341274 10.8492
46.946915650573224 10.8091
46.97118959976749 10.8382
46.99546578341598 10.7551
47.019933887188216 10.7859
47.04421456235744 10.7941
47.06849747711879 10.7603
47.09278263318286 10.7331
47.11725978640143 10.6871
47.14154944775105 10.6773
47.165841355555656 10.640999999999998
47.1901355115306 10.5942
47.214621741924994 10.6163
47.23892041698887 10.5989
47.26322134538975 10.5764
47.28771440635075 10.5486
47.31201986422527 10.5596
47.33632758061436 10.5477
47.360637557241866 10.4991
47.38513974410611 10.4811
47.40945426407847 10.4408
47.43377104948137 10.4146
47.45809010204344 10.4199
47.48260144275502 10.3957
47.506925052572285 10.3682
47.53125093475548 10.3515
47.55557909103813 10.3542
47.58009961361992 10.299000000000001
47.60443234110732 10.2609
47.62876734791564 10.2625
47.65310463578333 10.2191
47.6776343683373 10.25
47.7019762413987 10.1894
47.72632040075572 10.2331
47.75066684815169 10.1885
47.77520581885936 10.1753
47.799556865477655 10.1581
47.823910205386 10.1527
47.84826584033272 10.1224
47.87281407745551 10.0649
47.89717432569297 10.0362
47.92153687423484 10.0522
47.94609208429692 10.083
47.97045925671401 10.0638
47.99482873471275 10.0059
48.01920052005013 9.96566
48.04376504619224 10.0097
48.068141469543484 9.9905
48.09252020552573 9.955169999999999
48.11690125590099 9.931239999999999
48.1414751266064 9.90519
48.16586082917454 9.88744
48.19024885144316 9.8552
48.2146391951793 9.82421
48.239222439012764 9.83591
48.26361744916137 9.79049
48.28801478610016 9.79916
48.31241445160131 9.82365
48.337007097209366 9.77702
48.36141144338331 9.737960000000001
48.38581812345755 9.71594
48.41022713920929 9.7082
48.434829215320704 9.70063
48.45924292604658 9.70615
48.48365897780325 9.71311
48.50807737237308 9.610610000000001
48.532688907799276 9.64911
48.55711201168574 9.600810000000001
48.581537463754074 9.59145
48.60615611725119 9.61764
48.63058628942721 9.538689999999999
48.65501881516546 9.57517
48.6794536962573 9.48356
48.70408185970339 9.46852
48.72852147531801 9.43962
48.75296345168211 9.47184
48.77740779059232 9.448360000000001
48.80204549302823 9.43148
48.82649458091802 9.42212
48.85094603676547 9.37255
48.87539986237231 9.36855
48.90004713292306 9.32045
48.92450572200832 9.32725
48.94896668628025 9.316089999999999
48.97343002754588 9.310189999999999
48.99808689542115 9.28208
49.02255501470614 9.278410000000001
49.04702551642794 9.2867
49.0714984023988 9.24042
49.096164896893235 9.221680000000001
49.120642575466796 9.202910000000001
49.145122643748394 9.2165
49.16960510355558 9.167810000000001
49.19428125404938 9.15202
49.2187685210852 9.12248
49.243258185121555 9.124080000000001
49.26794160167084 9.11519
49.2924360839405 9.086969999999999
49.31693296869764 9.05903
49.34143225776915 9.05927
49.36612538195438 9.016
49.39062950396021 9.02517
49.41513603578346 9.01866
49.4396449792564 8.98643
49.46434784069503 8.95301
49.488861631846454 8.91848
49.513377840166804 8.93263
49.537896467493745 8.900030000000001
49.56260909589029 8.85153
49.587132585683285 8.90165
49.611658500018365 8.8591
49.636186840738596 8.840589999999999
49.66090926588511 8.851389999999999
49.685442483902584 8.822330000000001
49.70997813385706 8.803230000000001
49.734516217597076 8.76592
49.75924846937352 8.73527
49.7837914452858 8.71317
49.80833686055187 8.69937
49.83288471702571 8.68374
49.85762682540054 8.66715
49.882179588965734 8.67398
49.9067347993235 8.6409
49.93129245833333 8.64756
49.95604445336378 8.61665
49.98060703442832 8.583269999999999
50.005172069746266 8.59422
50.02993150438364 8.58141
50.05450147301533 8.55754
50.07907390151433 8.55349
50.10364879174981 8.50972
50.12841816587289 8.4917
50.1529980044635 8.50629
50.17758031042124 8.47027
50.20216508562089 8.45127
50.22694442953363 8.43415
50.25153416817468 8.430589999999999
50.27612638170508 8.3898
50.300721072005196 8.35051
50.325510416102105 8.345289999999999
50.350110084975064 8.34008
50.37471223628208 8.34757
50.39931687190919 8.30434
50.424116246675766 8.30333
50.44872587605249 8.31489
50.47333799543065 8.26649
50.49795260670191 8.25767
50.52276204271512 8.21231
50.54738166295838 8.2526
50.57200378079314 8.21619
50.596628398116835 8.148719999999999
50.62144792604559 8.17137
50.646077567609396 8.1385
50.670709714377715 8.13162
50.69553683636198 8.17432
50.72017401885922 8.13316
50.7448137122895 8.12878
50.76945591856022 8.10707
50.79429318636823 8.0656
50.818940443716784 8.09718
50.84359021965163 8.069180000000001
50.868242516085964 8.0198
50.893089960641895 8.00148
50.917747323549435 7.97209
50.94240721271973 7.98079
50.96706963007175 7.97248
50.99192728239342 7.924460000000001
51.01659478166073 7.931430000000001
51.04126481489051 7.91471
51.06593738400761 7.9162300000000005
51.090805275207074 7.885619999999999
51.11548294172845 7.89075
51.14016314993547 7.87219
51.164845901758845 7.874510000000001
51.18972406304274 7.807869999999999
51.21441192780656 7.790719999999999
51.23910234200271 7.78765
51.2637953075678 7.72812
51.288683770237945 7.73624
51.31338186432707 7.71979
51.33808251561888 7.71258
51.362978729967345 7.6877699999999995
51.387684521509755 7.67461
51.41239287610203 7.647889999999999
51.437103795691165 7.65575
51.46201036644977 7.654139999999999
51.486726441956634 7.638389999999999
51.51144508832545 7.6135600000000005
51.536166307509156 7.618760000000001
51.56108326624387 7.590669999999999
51.58580965706056 7.549930000000001
51.61053862657523 7.578119999999999
51.635270176746864 7.54857
51.66019755512065 7.52796
51.68493429268881 7.48079
51.70967361681515 7.488589999999999
51.73441552946465 7.47083
51.759353359237934 7.49112
51.7841004750961 7.45896
51.80885018539685 7.4425300000000005
51.833602492111254 7.428310000000001
51.8585508051424 7.38978
51.883308330926425 7.37485
51.90806845906181 7.32867
51.932831191525715 7.348039999999999
51.95779001977161 7.347010000000001
51.98255798721516 7.29615
52.00732856494335 7.28556
52.03229530577543 7.2659899999999995
52.057071130455945 7.2836300000000005
52.081849571391054 7.290960000000001
52.106630630568695 7.256069999999999
52.13160794279417 7.18095
52.15639426492067 7.1994
52.18118321127822 7.190410000000001
52.205974783860896 7.1863399999999995
52.23096269971011 7.16679
52.255759551287994 7.146089999999999
52.280559035098186 7.142869999999999
52.30536115314103 7.11643
52.33035970494467 7.13922
52.35516711807904 7.1004
52.37997717147198 7.0837699999999995
52.40478986713005 7.062939999999999
52.42979908731974 7.051310000000001
52.454617094216 7.0172
52.47943774942214 7.00493
52.50426105495102 6.99673
52.529280976059844 6.99
52.554109609024096 7.004410000000001
52.57894089837482 6.99994
52.60377484613117 6.9539
52.62880550079408 6.91827
52.65364479223379 6.903580000000001
52.67848674816189 6.923369999999999
52.70352547971946 6.8864399999999995
52.72837279155837 6.8573
52.753222773982785 6.882610000000001
52.778075429022984 6.868639999999999
52.80312495150885 6.869160000000001
52.827982978797436 6.83282
52.85284368481815 6.7826
52.87770707160767 6.77522
52.90276741793998 6.7794
52.92763619336701 6.788460000000001
52.952507655698504 6.7058800000000005
52.977381806977576 6.737589999999999
53.00245301017842 6.72855
53.02733256653592 6.71652
53.052214817996074 6.75422
53.077099766608484 6.71668
53.102181859804446 6.67395
53.127072229988265 6.6867600000000005
53.15196530349892 6.61844
53.17686108239249 6.5866
53.20195409881522 6.5702
53.22685531582556 6.60349
53.25175924441303 6.58357
53.27666588664027 6.5675300000000005
53.30176985962693 6.53479
53.3266819565689 6.53166
53.35159677336455 6.50495
53.376514312083096 6.49799
53.40162927507703 6.52407
53.42655228516116 6.48324
53.45147802340193 6.45034
53.47660125628886 6.48554
53.50153247842639 6.4295800000000005
53.52646643496923 6.39904
53.55140312799818 6.40203
53.576537409691696 6.3928
53.60147960336152 6.3726
53.626424539786164 6.381069999999999
53.65137222105307 6.3495800000000004
53.67651758529126 6.33369
53.70147078399681 6.33329
53.72642673383343 6.36194
53.75138543689533 6.33385
53.776541917524526 6.30136
53.801506154876755 6.27815
53.826473151763246 6.23704
53.851442910284916 6.22411
53.87661054126026 6.2066099999999995
53.9015858509782 6.20475
53.92656392866066 6.18159
53.95154477641532 6.209219999999999
53.976723591801296 6.202000000000001
54.00171000771266 6.13927
54.02669920004598 6.165769999999999
54.051691170915745 6.09699
54.076881204886796 6.08091
54.101878760928514 6.121169999999999
54.12687910187696 6.0654
54.152077577768296 6.06586
54.1770835166946 6.0628
54.20209224691339 6.0418199999999995
54.22710377055121 6.04443
54.25231352511594 6.01422
54.27733066384342 5.99501
54.30235060239643 5.975969999999999
54.32737334290836 5.965380000000001
54.35259441062629 5.9314
54.377622783395324 5.95846
54.40265396455061 5.96245
54.42768795623251 5.93074
54.45292037169559 5.8697
54.477960012857906 5.88353
54.50300247099511 5.8637
54.52804774825457 5.80056
54.55329154616743 5.80283
54.57834249018678 5.77401
54.6033962597977 5.77787
54.6284528571545 5.77308
54.653708072335164 5.7621
54.67877035378786 5.7199800000000005
54.70383546947698 5.72654
54.72890342156389 5.70961
54.7541700889442 5.66277
54.77924374251975 5.65701
54.8043202390049 5.63796
54.82959552413022 5.62087
54.8546777351945 5.60504
54.87976279569621 5.51165
54.90485070780914 5.5157099999999994
54.930137506558005 5.49575
54.95523115074295 5.49101
54.98032765308844 5.47329
55.005427015775496 5.4251
55.03072536339621 5.4305900000000005
55.05583047570572 5.39884
55.080938454927676 5.42089
55.10604930325027 5.369759999999999
55.131359235107396 5.42467
55.15647585066083 5.34854
55.181595341907496 5.31501
55.20671771104285 5.2936
55.232039262617704 5.2729800000000004
55.25716741665048 5.26527
55.28229845518636 5.22741
55.30743238042802 5.18504
55.33276558731939 5.17579
55.357905315183636 5.221509999999999
55.383047936390035 5.1239
55.40819345314859 5.06569
55.433538351073295 5.0576300000000005
55.458689688238415 5.0965
55.483843927614096 5.04582
55.509197623043605 5.03123
55.53435769621134 5.023630000000001
55.55952067826466 4.93837
55.5846865714265 4.9720699999999995
55.61005202069737 4.96745
55.63522376553902 4.900519999999999
55.66039842818645 4.9015
55.68557601087004 4.9189300000000005
55.7109532500271 4.80399
55.73613670233794 4.86276
