TT I
1.2716486653135266 7.6855899999999995
1.2939594142134223 6.86545
1.3162702121660406 6.4861699999999995
1.3385810600174564 6.61332
1.3608919586137629 7.005330000000001
1.383202908801069 6.90602
1.405513911425503 6.53744
1.4278249673332093 6.1656
1.4501343378461518 6.1108
1.4724455028545926 5.28949
1.4947567236847858 5.9008199999999995
1.517068001182951 6.06548
1.5393793361953272 6.00678
1.5616907295681737 5.69724
1.5840021821477681 5.18199
1.60631369478041 5.53817
1.6286252683124185 5.14909
1.6509369035901333 5.20161
1.6732468618895553 4.66361
1.695558623192809 4.48876
1.7178704487808514 4.9027199999999995
1.7401823395001077 4.90541
1.7625012545597203 5.11097
1.7848028405262486 5.52013
1.8071218901122095 4.85171
1.8294236121921872 4.46986
1.8517427996910911 4.72305
1.8740620574440425 4.1132599999999995
1.8963639900671978 4.8019
1.9186833908139995 4.47751
1.9409854680117449 4.969469999999999
1.9633050151394713 4.64315
1.9856246367570705 4.84281
2.0079269371922672 4.4836599999999995
2.03024671027244 4.18513
2.0525491637446027 3.99824
2.074869091674931 3.92907
2.097171701569106 3.89793
2.1194917877373847 4.54981
2.141811954326636 4.19109
2.164114805233074 4.14112
2.186435135143035 5.13973
2.208738150935709 9.72075
2.231058647554722 18.0562
2.2533792288321184 14.0037
2.275682498336085 7.80739
2.298003251406138 5.8338
2.3203066942619714 5.16593
2.3426276225136022 5.01236
2.3649486396617507 4.94723
2.387252348930071 5.593430000000001
2.4095735463442893 5.20055
2.4318774374315884 5.785019999999999
2.4541988185014043 6.08183
2.476502894794693 6.82769
2.498824462909887 6.7772
2.521146125856138 6.7906699999999995
2.5434504863470337 7.4489600000000005
2.5657723414244717 7.437710000000001
2.588076895590662 7.54778
2.610398946189713 8.214960000000001
2.6327210958598384 7.728260000000001
2.6550259469304716 7.47412
2.6773482972090137 7.975230000000001
2.6996533504259 8.030389999999999
2.7219759047039602 7.86605
2.744298562293959 8.00695
2.7666039251246595 7.68337
2.7889267918020164 7.817410000000001
2.8112323652516555 7.919060000000001
2.833555444408179 7.8438300000000005
2.8558786311183852 8.28698
2.8781845268938557 8.79218
2.9005079311721484 8.36928
2.9228140460410397 8.61405
2.9451376712799635 9.90783
2.967444008632326 9.47805
2.9897678582247247 9.71043
3.0120918213106695 10.5125
3.0343984987899373 11.1321
3.0567226913198637 10.9091
3.079029599759726 11.418
3.101354025127254 11.5707
3.123678568232338 12.4692
3.145985829517914 12.8466
3.16831061055229 13.671
3.1906181112775593 14.1752
3.212943133635653 14.5562
3.2352682779763207 15.08
3.2575761442691227 15.0659
3.2799015350264273 15.8422
3.302209649240067 16.1199
3.3245352898092655 16.9705
3.3468436553365257 17.1408
3.369169549113219 17.1914
3.3914955708171384 18.492
3.413804319727358 18.4974
3.4361305997334863 18.649
3.4584396084414553 19.456
3.4807661501462652 20.0376
3.503092824025881 20.4478
3.5254022288463154 21.141
3.5477291695206588 21.5118
3.5700388426251948 21.9981
3.5923660534916446 23.0309
3.6146934007816114 32.1637
3.637003482731501 61.3964
3.6593311053109985 65.3463
3.681641464033634 41.9306
3.7039693653009733 27.9393
3.726297407241705 25.4801
3.7486081875460804 25.3585
3.7709365132734978 25.9462
3.793247578841633 26.3614
3.8155761917550093 26.2214
3.8378875459837216 26.9403
3.8602164494827234 26.8589
3.882545499606844 27.705
3.9048572932539183 28.2901
3.9271866390645718 28.4378
3.9494987298666713 28.8764
3.971828374764527 29.9355
3.9941581705403255 30.4356
4.016470713506008 30.8887
4.038800813471445 31.5647
4.061113662089144 32.5251
4.0834440696459176 32.9621
4.105774632334751 33.5274
4.128087945865126 34.1982
4.150418821249301 34.7373
4.172732448931298 36.1326
4.195063640413578 36.7836
4.2173775856475215 40.109
4.239709096631102 58.4997
4.262040768704612 151.618
4.284355196706267 196.65900000000002
4.306687193387355 131.44899999999998
4.329001947444346 62.7867
4.35133427213731 45.1472
4.373666762177566 43.5168
4.395982011761091 43.5579
4.418314834921175 44.736999999999995
4.44063041906622 49.8942
4.4629635787515625 56.333
4.4852969080429785 56.6704
4.5076130004776225 52.6697
4.529946671403969 53.2366
4.552263106909177 54.5031
4.574597122877047 54.0011
4.596931312711224 53.5679
4.619248269273446 53.5921
4.6415828092605835 54.4572
4.663900117405352 55.5725
4.686235010953232 57.1817
4.708552674085913 57.986999999999995
4.730887924602802 59.6114
4.753223354952695 61.0831
4.775541557023902 63.5631
4.797877349456786 65.8913
4.820195915032126 67.6371
4.842532072957498 67.7581
4.864868414979744 70.2852
4.88718753227192 73.289
4.909524244902505 75.2178
4.931843734218147 76.2188
4.954180820867835 78.3372
4.976518095879839 80.8806
4.998838149695359 83.9826
5.021175803844231 87.4665
5.043496238205739 90.7546
5.065834274903528 95.8891
5.088172504230693 99.7809
5.1104935158799565 106.791
5.132832132875765 126.305
5.155153533596801 159.421
5.1774925416746225 203.45
5.199814334878411 418.402
5.2221537374521505 1108.84
5.244493338631803 3024.19
5.266815727034316 7837.53
5.289155727832427 12739.6
5.311478517248165 8654.15
5.333818921080011 2682.73
5.356159527788849 528.241
5.3784829252032536 191.61900000000003
5.400823940070432 148.53799999999998
5.423147747031976 129.459
5.445489173474152 119.598
5.467830807066149 116.186
5.490155234831516 113.913
5.512497285125229 108.815
5.534822130975162 104.96
5.557164601388673 102.381
5.579489868738879 99.0414
5.601832762690846 97.943
5.6241758697774475 97.4643
5.646501775867269 96.2835
5.668845311622074 94.8853
5.691171647754637 94.5536
5.713515615597765 93.3144
5.735859800852677 92.5885
5.758186788542988 93.1883
5.780531411018185 95.1764
5.802858837297399 94.4687
5.825203900414495 94.4232
5.8475491852224 96.4762
5.869877275883075 96.7149
5.892223006467101 95.5036
5.914551544266608 95.5344
5.936897724049891 98.4314
5.959244129804903 105.48
5.981573344815301 132.861
6.0039202049061 244.701
6.026249875609095 504.32
6.04859719346037 1019.09
6.070927323278297 2266.73
6.093275102315365 4585.38
6.115623113320588 5176.81
6.137953938319995 3146.1
6.160302415650845 924.091
6.182633708324452 217.945
6.2049826554078376 110.421
6.227331838745022 91.2149
6.249663839443684 84.0022
6.27201349767565 80.9986
6.294345974611799 83.9202
6.316696111167083 88.5425
6.339046488263839 84.9651
6.361379686074702 76.2074
6.383730546639482 71.2289
6.406064229255215 69.4664
6.428415576718203 69.2188
6.450749747566656 68.098
6.47310158535871 66.5086
6.495453669698332 65.3902
6.517788579421056 64.4032
6.540141159237969 63.1995
6.562476565766648 62.6714
6.5848296444934045 62.4706
6.607182974060425 62.4934
6.6295191323281015 62.3869
6.651872965955752 63.8776
6.6742096296068985 78.312
6.6965639707294615 104.542
6.71891856698715 104.307
6.741255995248479 78.9136
6.763611104154477 63.4341
6.785949046381137 59.2733
6.808304671371482 58.6298
6.8306605557940046 58.7113
6.852999275508618 58.3006
6.875355681171544 57.6087
6.897694923437771 56.5847
6.92005185377892 56.4019
6.9423916220322655 56.3427
6.964749080490181 55.4981
6.987106804399774 55.5227
7.009447368180821 55.7534
7.031805625367033 55.2662
7.054146723727803 55.0914
7.076505517631004 54.8638
7.098864581288365 54.7841
7.121206488070854 54.4842
7.143566093607822 54.7447
7.165908543567245 55.3223
7.188268694426048 55.5344
7.2106291193438095 55.321000000000005
7.232972390625943 55.8142
7.255333366030969 63.1832
7.277677189091925 93.5059
7.300038718428332 120.85799999999999
7.322400526130865 105.54899999999999
7.344745183422596 73.3174
7.367107550224791 58.3797
7.389452767901992 55.2631
7.411815697249891 54.6217
7.434161478756298 53.7956
7.456524974096713 53.5721
7.478888753837185 53.7801
7.501235387657368 54.4077
7.523599738562711 54.6299
7.545946944825532 54.4922
7.568311870344528 54.905
7.5906770845765665 54.7784
7.613025156078678 55.7169
7.635390950099687 56.7249
7.657739602662809 56.3209
7.680105979923558 55.9261
7.702472650212829 56.2052
7.724822180948224 56.0164
7.747189439655568 56.1736
7.769539560075357 56.0082
7.791907410653562 56.5095
7.81425812420825 56.4063
7.836626570110925 56.5991
7.858995315087906 57.4607
7.881346924933401 57.483000000000004
7.903716270417482 57.9711
7.926068482028405 58.6142
7.948438431475253 59.1294
7.9708086843180235 59.6491
7.993161805171116 60.6071
8.015532667162402 60.8075
8.037886398416653 61.875
8.060257873014221 62.3553
8.082629655331942 62.9223
8.104984308787587 63.7923
8.127356708900503 66.3162
8.149711981398308 70.7547
8.172085002766314 72.3517
8.194458336181368 70.8611
8.216814543847752 69.1412
8.23918850371002 69.3501
8.26154533906492 70.2856
8.283919928836452 72.0064
8.306277395339652 72.8102
8.328652618483376 73.987
8.351028159736202 76.0338
8.373386579575245 78.8906
8.395762759396959 80.4911
8.418121819038275 84.3895
8.440498640894003 93.4847
8.462875785192262 106.209
8.485235811156207 129.961
8.507613602688501 184.465
8.529974277114228 274.33799999999997
8.552352719347912 410.81800000000004
8.574731488360351 684.711
8.59709314210385 1235.04
8.619472567021075 1930.99
8.64183487789147 2239.37
8.664214962183097 1757.5
8.686577933647762 869.6060000000001
8.708958680784317 344.939
8.731339760774953 153.78
8.753703729764451 107.988
8.77608547780821 98.2708
8.798450116065078 94.9803
8.820832535634787 92.2689
8.843215292401656 91.5477
8.865580941199045 90.8971
8.887964374703538 89.9841
8.910330701447199 90.1239
8.932714815164482 90.9766
8.955099270424924 89.2154
8.977466620733543 86.5164
8.999851761421976 84.8996
9.022219798361645 83.7657
9.04460562795561 83.4284
9.066991803441677 83.2212
9.089360876979615 83.4177
9.111747746589993 82.9539
9.13411751544971 82.2586
9.156505082664324 81.8244
9.178875550323522 82.2215
9.20126381862328 82.1067
9.223652438908596 82.336
9.246023961427412 82.3691
9.26841328802173 82.2269
9.290785518039224 82.3885
9.313175554425882 83.7643
9.335565947154315 84.3255
9.357939245086508 84.6428
9.380330352834827 84.1998
9.40270436697103 84.3703
9.425096193225055 84.0328
9.447488380180165 84.5656
9.469863475295412 84.4374
9.492256385987508 84.8528
9.514632206018318 85.2802
9.537025843935714 86.0877
9.559402392368193 86.7824
9.581796761000229 88.213
9.604191496441521 89.75
9.626569144158516 92.3761
9.648964615551032 94.8201
9.671343000390081 95.5768
9.693739211225699 94.4203
9.716135793237463 93.1381
9.738515290448102 93.0379
9.760912617143402 94.7105
9.783292860202891 96.0556
9.805690935076182 97.802
9.828089385495742 98.5806
9.850470754023561 100.441
9.872869957865444 105.595
9.89525208097539 114.586
9.917652041736662 124.18700000000001
9.940052382417589 130.616
9.962435644102392 151.827
9.984836746950979 197.3
10.007220771957746 260.14099999999996
10.029622640473708 366.72900000000004
10.052007432299963 550.368
10.074410069984072 851.655
10.096813093716005 1297.85
10.119199042482517 1795.97
10.141602840636468 1987.41
10.163989564971628 1552.45
10.186394141051062 835.571
10.208799107559706 361.005
10.231187001965623 174.475
10.253592751657669 122.676
10.275981430388155 111.838
10.298387966769793 110.178
10.320794897965431 111.16
10.343184759907361 109.948
10.36559248305461 106.541
10.387983138083852 104.885
10.410391656691655 111.62
10.432800574501677 123.834
10.455192425893369 140.733
10.47760214443012 166.05700000000002
10.499994797678786 212.882
10.522405320453982 293.301
10.54479877906917 409.92699999999996
10.567210109595656 514.09
10.5896218454736 566.0840000000001
10.612016518879773 492.217
10.634429067781074 330.602
10.656824555333241 193.132
10.679237920773568 119.50200000000001
10.701651695961992 94.4502
10.724048411481384 88.8643
10.746463008485165 86.0818
10.768860546937125 84.524
10.791275969274796 82.9605
10.81369180576079 82.036
10.836090585366925 80.7301
10.858507252467449 79.4938
10.88090686379991 78.6393
10.903324365036394 78.1112
10.925724811614439 77.9894
10.948143150509463 78.4444
10.970561909719066 77.7352
10.992963615930844 76.3615
11.015383218085756 74.7272
11.037785768347074 73.2116
11.06020621697282 72.6277
11.082627090322113 72.1644
11.105030913430326 71.4203
11.12745263854165 71.4748
11.149857314510728 72.9505
11.172279894912576 76.6398
11.194702904450653 76.5359
11.217108866490921 73.5554
11.239532736615194 71.1318
11.26193956033512 69.8555
11.284364294577085 68.8299
11.306789462371718 67.612
11.329197585398376 66.828
11.351623622610898 66.689
11.37403261614354 65.6682
11.396459526308487 65.7502
11.418869393879497 65.3973
11.441297180532617 64.9849
11.463725406927658 64.5633
11.486136592353875 64.2827
11.508565700543707 64.5611
11.530977768845315 65.9507
11.553407762368774 66.0402
11.575838200059769 65.7268
11.598251599479612 64.396
11.620682927815501 63.4849
11.64309721895548 63.5515
11.665529441478206 62.6695
11.687962112597958 62.6633
11.710377748130886 62.8488
11.732811318753434 62.5685
11.755227854859067 62.6048
11.777662328529495 62.6396
11.800079768750786 62.2519
11.822515149015453 62.2883
11.844950984084935 62.5544
11.867369787303163 62.3995
11.889806534289491 62.269
11.912226250487029 62.6476
11.934663912939751 62.6428
11.9571020346363 63.2306
11.979523127133968 63.0936
12.001962169624331 64.1827
12.024384183972964 65.8817
12.046824150809913 69.1001
12.069264581333726 73.7354
12.091687985297767 79.8996
12.11412934550045 88.9777
12.136553680195208 105.135
12.158995973632788 127.906
12.181438735204349 154.763
12.20386447284199 182.595
12.226308172985636 204.324
12.24873485024193 196.518
12.271179492516982 157.763
12.293607112949127 120.579
12.316052700916226 88.8985
12.338498763250042 74.4783
12.360927805303868 67.814
12.383374818673879 65.1923
12.405804812803074 64.1751
12.428252780773262 63.6619
12.45070122756722 63.9861
12.473132656675375 63.6448
12.49558206341869 64.2633
12.518014453510101 64.488
12.540464823770117 64.7439
12.562915677315177 64.5707
12.58534951575545 65.2902
12.607801338171472 66.1142
12.630236146511358 69.3567
12.652688941369085 72.3717
12.675124723177234 72.5917
12.697578494048786 70.7911
12.720032754458185 68.3641
12.742470003354093 67.4542
12.764925245138771 67.5847
12.787363476431278 67.8698
12.809819703166806 68.3024
12.83227642391173 68.928
12.854716135692716 69.8035
12.877173846755147 70.9512
12.899614549869717 71.1844
12.9220732548287 72.1246
12.94453245827299 72.5053
12.966974655289818 73.5314
12.989434858002571 74.3342
13.011878055298721 75.1372
13.034339260862497 76.1717
13.056800969391883 77.4712
13.079245674017244 79.882
13.101708390774869 83.6827
13.12415410463411 92.4355
13.146617833206086 103.338
13.169064559883248 114.325
13.191529303857127 129.158
13.213994557076367 153.726
13.236442809902437 192.481
13.258909083908291 248.352
13.28135835851934 316.284
13.30382565690295 380.315
13.326293469022952 429.486
13.348744283242008 420.21
13.371213125129904 339.895
13.39366497011003 247.813
13.416134845360597 164.18900000000002
13.438605238843131 120.11
13.46105863690397 106.80799999999999
13.483530069144786 108.256
13.505984506951902 113.311
13.528456981549432 123.09200000000001
13.550929978879088 138.374
13.573385983253365 164.082
13.595860028340867 204.083
13.618317081455832 255.679
13.64079217790333 313.82599999999996
13.663250283359057 354.531
13.685726434770173 369.02
13.708203115221277 326.395
13.730662806148091 246.74099999999999
13.75314054697177 171.178
13.775601299246777 119.375
13.798080104050406 93.7183
13.820559442405358 84.4543
13.843021793671388 81.4736
13.865502201420897 80.0063
13.887965623051947 79.4669
13.910447103807167 78.2122
13.932929122629764 76.8087
13.955394156785959 76.6791
13.977877254034569 75.6154
14.000343367582113 75.146
14.022827546871707 74.3482
14.045294743423524 73.387
14.06778000837062 73.1523
14.090265817715476 72.6994
14.112734645763819 72.2699
14.13522154619454 71.9181
14.157691466286913 71.9413
14.180179461423874 71.8519
14.202668005486178 71.0524
14.22513957064374 70.5498
14.247629214846473 70.0778
14.270101881097517 69.977
14.29259262906496 69.817
14.315083930490205 70.2043
14.337558255389705 70.7023
14.360050666019726 70.7016
14.382526101071944 69.8894
14.405019624534942 68.9818
14.427513705993134 68.8137
14.449990813291825 68.8524
14.47248601302899 68.3518
14.49496423954951 68.5678
14.517460561197822 68.7814
14.539939910570322 68.5082
14.562437357763558 69.132
14.58493536931253 69.7896
14.607416409993311 70.21300000000001
14.62991555254159 70.8038
14.652397725157423 70.8546
14.674898002342799 70.5045
14.697398848433282 70.6505
14.719882725991326 71.9654
14.74238471217934 73.6
14.764869730765593 77.0662
14.787372860692983 80.5261
14.809876564079925 84.5782
14.83236330125751 90.6014
14.854868153850365 99.5113
14.877356041159485 113.583
14.899862046604186 132.886
14.922351087688757 159.57299999999998
14.944858249632887 188.94400000000002
14.967365991421232 213.123
14.989856770231246 227.946
15.012365673994204 217.109
15.03485761569738 182.85
15.05736768508665 140.126
15.07987833888692 108.76
15.102372032001655 87.0806
15.124883856909658 75.6482
15.14737872204565 71.7787
15.169891721717274 70.3056
15.192405310371893 70.0522
15.214901940621196 70.046
15.237416709527137 70.1106
15.259914520936249 70.0292
15.282430473753607 69.1148
15.304947020131227 68.3138
15.327446610371178 67.3327
15.349964346154254 66.7549
15.372465126703139 66.4799
15.394984055556009 66.387
15.417486030076159 66.1685
15.44000615566487 66.0464
15.462526881230803 65.8157
15.485030653812652 66.0326
15.507552581617434 65.9488
15.530057557334603 65.9346
15.55258069104857 65.9964
15.575104429329837 66.163
15.597611216864632 65.9914
15.620136166564563 66.4444
15.6426441664095 67.9571
15.665170331202765 70.8787
15.687697105158826 73.5481
15.710206930593545 76.7528
15.732734925158933 81.0555
15.755245972089478 87.6799
15.77777519094324 96.9155
15.800287463046663 111.12
15.822817909869592 130.458
15.84534897229804 151.606
15.867863089299354 175.12599999999998
15.890395385222186 190.605
15.912910736597423 194.85
15.935444269699861 176.59099999999998
15.957978423016485 149.774
15.980495633101265 116.26299999999999
16.003031029129367 91.50299999999999
16.02554948280019 74.292
16.048086125229432 66.5996
16.070623392487107 64.5277
16.09314371869582 63.4768
16.11568223789321 62.3966
16.13820381691126 61.5932
16.160743591742527 60.853
16.183283996022084 60.1018
16.205807461423195 59.055
16.228349126881973 58.8122
16.25087385432698 58.5855
16.27341678466365 58.092
16.29594277784926 57.9616
16.31848697676433 58.1011
16.341031811604868 58.0251
16.36355971058487 58.3054
16.3861058195587 58.0742
16.40863499352978 56.9775
16.431182380342005 56.3264
16.453730407713202 55.9523
16.476261501364792 55.8501
16.498810812136167 55.4606
16.52134319004079 55.3647
16.54389378792203 55.3225
16.566445031001553 55.1861
16.588979342490088 55.028999999999996
16.61153187824822 54.9045
16.634067483263312 54.6265
16.656621315414416 54.63
16.679175797408888 54.3752
16.701713349928728 54.501000000000005
16.72426913389191 54.6932
16.74680798922351 54.7029
16.76936507887444 54.6219
16.791905240734874 54.687
16.814463639794468 54.5421
16.837022695210294 54.4628
16.859564824093756 54.863
16.882125194503903 55.3863
16.904668639217885 55.7453
16.927230328348003 55.8146
16.949792678493612 56.1185
16.972338104193863 55.6476
16.994901778652235 55.5352
17.017448529496576 55.5409
17.040013531998152 56.0693
17.06257920018044 56.6424
17.0851279459922 57.2873
17.107694947817667 58.0151
17.130245028099072 58.6898
17.15281336730298 60.3701
17.17536478578733 61.9367
17.19793446610687 64.1582
17.220504818648422 67.4299
17.243058251703697 70.4882
17.265629950971032 75.2368
17.288184731571736 79.4843
17.310757781306908 83.0997
17.33333150794385 84.0516
17.355888317140174 81.3667
17.37846339986244 75.467
17.401021565958885 69.9085
17.42359800851343 64.4805
17.44617513265564 61.3682
17.468735341390783 59.6296
17.491261035594565 59.041000000000004
17.51396340099364 58.8644
17.536490463869136 59.0755
17.559018209820174 59.1819
17.58154663977963 59.2138
17.604251766089718 59.2327
17.626781572227713 59.4163
17.64931206518155 59.6894
17.671843245885103 60.2166
17.69455114821572 60.3781
17.717083712612634 60.5511
17.739616967569667 60.8454
17.762150914021706 61.2183
17.78486160749854 61.4403
17.807396945166804 62.3252
17.829932977143503 63.5747
17.85246970436452 65.0463
17.875183204129467 66.8724
17.897721330097664 69.0339
17.920260154126645 71.5235
17.942799677153296 74.7585
17.9655159983646 78.4656
17.988056927677544 84.0152
18.010598558807683 92.1151
18.033140892692916 102.52799999999999
18.05586005052525 113.87200000000001
18.07840379824407 125.249
18.10094825154059 135.79
18.12366954819864 142.623
18.146215420998306 140.19899999999998
18.16876200220057 130.917
18.191309292745153 115.26
18.214033452627167 100.90700000000001
18.236582170236648 90.1995
18.259131600016456 86.0791
18.281681742907335 86.8978
18.304408781233683 91.3489
18.32696035875955 96.6117
18.349512652227624 101.264
18.372065662579683 105.211
18.394795594587553 105.68
18.41735004715306 101.42299999999999
18.43990521943684 94.3508
18.46246111238171 84.3786
18.485193953325208 75.5035
18.507751296070428 68.7592
18.530309362314178 64.9582
18.552868153000343 62.9422
18.57560391815056 61.9445
18.59816416623245 61.5586
18.620725141597372 60.9465
18.643286845190268 60.696000000000005
18.666025549835414 60.3483
18.688588718427933 59.6187
18.711152618092243 59.4753
18.73389353884365 59.1729
18.75645890921984 58.9515
18.77902501351406 58.6693
18.801591852673102 58.61
18.824335739722738 58.0676
18.846904057212626 58.0864
18.8694731124168 57.6812
18.89204290628315 57.7871
18.914789774966803 57.6408
18.937361054791623 57.3189
18.959933076131318 56.8914
18.982505839934877 56.9887
19.00525570560582 56.9781
19.027829963004184 56.8188
19.05040496572238 56.8149
19.072980714710468 57.0543
19.095733592739563 57.1877
19.11831084296757 57.1108
19.140888842324735 57.5361
19.16346759176222 57.8726
19.18622349753803 58.3865
19.208803755869358 59.3752
19.231384767143577 60.611000000000004
19.253966532312948 62.5236
19.276725481241822 64.6717
19.29930876296784 67.2265
19.3218928014549 70.1171
19.34465404436217 73.1922
19.36723960516257 75.8306
19.389825925592426 76.0563
19.412413006605938 74.7701
19.43517731967805 71.1319
19.457765930683355 66.6948
19.48035530514408 62.3847
19.50294544401556 58.5746
19.525712842708348 56.1457
19.54830451925909 54.8335
19.570896963095727 54.1166
19.593490175174704 53.7889
19.616260674962184 53.6409
19.638855432416964 53.4589
19.661450960992624 53.8018
19.68404726164677 53.4711
19.706820878021247 53.0772
19.729418731756834 53.3803
19.752017360452857 53.0232
19.77461676506804 53.4341
19.797393513540218 53.6905
19.819994478951667 53.9215
19.84259622316767 54.4226
19.8651987471481 54.963
19.887978643247177 54.8703
19.91058273574792 55.5014
19.933187610901943 56.5061
19.955969879466828 57.5957
19.97857632894404 59.1828
20.00118356396599 61.0568
20.023791585494575 63.0918
20.046577028914875 65.5807
20.069186632506966 67.6174
20.091797025500632 69.4484
20.114408208858933 70.0801
20.137196842715273 69.527
20.159809615886765 67.7514
20.18242318232135 65.1967
20.20503754298326 62.9938
20.227829382875154 62.1992
20.250445341109344 62.0886
20.27306209647285 62.7684
20.29567964993108 64.1207
20.31847471147704 65.12
20.34109387027612 65.4763
20.363713830075454 64.6795
20.386334591841646 63.2552
20.409132890679302 60.6729
20.431755265564437 57.839
20.454378445325528 54.7951
20.477002430930366 52.8415
20.499803982716553 51.8593
20.522429589228004 51.1542
20.54505600449589 50.883
20.567683229489194 50.7023
20.590488049900088 50.286
20.61311690359731 50.1289
20.63574656993626 49.8962
20.658553853717297 49.6937
20.681185154618298 49.6006
20.703817271080066 49.3447
20.72645020407368 49.2475
20.749260783967177 48.9907
20.771895359337133 48.9466
20.794530754161617 48.7843
20.817166969412938 48.7611
20.83998086114876 48.7417
20.86261872660049 48.6568
20.885257415405402 48.5885
20.90789692853701 48.6477
20.930714147864748 48.4516
20.953355319030678 48.5654
20.97599731745334 48.773
20.99864014410749 48.6386
21.021460706796564 48.6028
21.044105199328826 48.8561
21.06675052302631 48.8205
21.089396678865015 49.0774
21.112220600704806 49.5572
21.134868430275347 49.8679
21.15751709492456 50.0349
21.180166595629693 50.3689
21.202993892429635 50.8844
21.22564507473034 50.9892
21.24829709602816 51.3774
21.27112693608965 51.2674
21.293780644891275 51.3172
21.316435195634053 50.4627
21.339090589297417 49.7715
21.361923832041875 49.4559
21.384580921090404 48.7336
21.407238856007325 48.3208
21.429897637773326 48.4863
21.45273429906592 48.3779
21.475394784108598 48.3888
21.498056118951983 48.157
21.520718304578022 48.6331
21.543558400304388 48.7358
21.566222297108816 48.8696
21.58888704765135 49.0818
21.61155265291521 49.3841
21.63439619898156 49.8437
21.657063523335786 49.9478
21.67973170537063 50.5907
21.7024007460706 51.0455
21.72524775840385 51.8215
21.747918526116475 52.8722
21.770590155457388 54.2554
21.79326264741238 55.8128
21.816113141960237 57.6636
21.838787368860547 59.541000000000004
21.861462461341976 61.4039
21.884315579735777 63.2254
21.90699241312273 64.4975
21.92967011506078 64.8544
21.95234868653799 64.3338
21.9752053151131 62.8633
21.997885635446785 60.9821
22.020566828293532 58.8551
22.04324889464272 57.2733
22.066109049404666 56.2978
22.088792872571794 55.846000000000004
22.111477572219204 55.8733
22.1341631493376 56.1696
22.157026846313123 55.9123
22.179714188221507 55.155
22.202402410582668 53.6812
22.22509151438863 52.2141
22.24795876962584 50.9245
22.270649646204486 50.1871
22.293341407213727 49.5706
22.316034053646906 49.1673
22.338904883215342 48.9173
22.36159931041458 48.9617
22.38429462602756 48.8031
22.40699083104897 48.7455
22.429865251039757 48.6349
22.452563244831367 48.6843
22.47526213102522 48.6663
22.49813925616515 48.5077
22.520839937143307 48.5166
22.543541513520587 48.5475
22.56624398629403 48.348
22.589124730075895 48.482
22.611829005656723 48.8448
22.63453418063466 48.695
22.657240256008077 48.9215
22.680124634582935 48.9722
22.70283252079775 49.3188
22.725541310413075 49.5879
22.74825100442868 49.7886
22.771139033969575 50.3178
22.79385054687155 50.4517
22.81656296718292 51.2812
22.83927629590484 52.2306
22.862167992606945 53.1895
22.88488314827121 54.1873
22.907599215359284 55.3223
22.93031619487366 56.5716
22.953211574954405 57.2042
22.975930389478226 58.1009
22.998650119445763 58.0507
23.02137076586092 57.067
23.044269845560063 55.7416
23.06699233506288 54.056999999999995
23.089715744034912 52.1605
23.112617610931565 50.7853
23.135342869061212 49.7413
23.158069049684816 49.0032
23.1807961538087 48.718999999999994
23.20370174880544 48.6755
23.226430710184808 48.8542
23.249160598093425 48.898999999999994
23.271891413539002 48.7205
23.294800752937697 48.8083
23.31753343374794 49.0464
23.340267045128353 48.9381
23.36300158808808 49.5579
23.38591468821339 49.8168
23.408651104658304 50.1177
23.431388455719986 50.9184
23.454126742409 51.9024
23.4770436196085 52.8532
23.499783787914662 54.2889
23.522524894889884 55.215
23.54526694154616 56.2089
23.56818761219047 57.1316
23.59093154860734 57.5839
23.613676427751283 57.6681
23.636422250635754 56.87
23.659346731118656 54.9794
23.68209445191868 53.0985
23.704843119509587 51.0172
23.72759273490623 49.3132
23.750521041644767 47.9894
23.77327256312355 47.0585
23.796025035462787 46.3441
23.818956224555475 45.9017
23.841710609113413 46.0674
23.86446594758979 45.6904
23.887222241002014 45.4318
23.910157285144578 45.0983
23.932915498962537 45.1569
23.955674670778713 44.8403
23.978434801611975 44.6889
24.001373717286125 44.778999999999996
24.024135776723917 44.3824
24.046898798245582 44.4274
24.06966278287146 44.3958
24.092605586582614 44.1465
24.115371508023642 43.8924
24.1381383956401 43.76
24.16090625045381 43.9488
24.183852958731244 43.8256
24.206622758582608 43.6537
24.229393528706886 43.4042
24.252165270127392 43.5739
24.27511589952438 43.4569
24.297889594216997 43.2907
24.32066426328598 43.1388
24.34343990775613 43.216
24.36639447485003 43.111999999999995
24.38917208083877 43.0338
24.41195066531332 42.9464
24.43490819850244 42.9398
24.457688750692377 42.9752
24.48047028445616 42.8367
24.503252800821233 42.9606
24.526214300784112 43.1282
24.548998793132213 42.9936
24.57178427117417 42.7698
24.59457073593893 42.8674
24.617536219319863 42.8159
24.64032466834748 42.7867
24.663114107195035 42.6897
24.685904536893013 42.3003
24.708874020360852 42.3236
24.731666442613744 42.3767
24.754459858818787 42.1402
24.777254270007962 42.2065
24.80022777025625 42.2076
24.82302418230472 42.0515
24.845821592443674 42.1408
24.86862000170663 42.2284
24.891597535453727 41.9839
24.914397953892728 42.193999999999996
24.93719937456671 42.172
24.96000179851076 42.513000000000005
24.98298338249997 42.5953
25.00578782394922 42.6937
25.028593271784167 42.7177
25.05157790644186 43.2387
25.07438537804115 43.2467
25.097193859145293 43.5197
25.120003350792075 43.6895
25.142992065061257 44.1304
25.165803588823465 44.3043
25.18861612625217 44.6702
25.211429678386736 44.6158
25.234422489079968 44.6441
25.257238081693636 44.6506
25.280054692141732 44.876999999999995
25.3028723214652 44.766999999999996
25.325869245420463 44.8936
25.348688923599397 44.9845
25.371509623787006 44.9954
25.394331347025812 44.4435
25.41733240110666 43.9617
25.440156181590016 43.1574
25.46298098826268 42.5587
25.48580682216873 42.1354
25.50881202326435 41.6928
25.53163992281684 41.2575
25.55446885274561 41.0371
25.577298814096377 40.778
25.600308179121807 40.7201
25.623140214533745 40.7495
25.64597328451537 40.7199
25.66898578564376 40.5044
25.691820936010206 40.4701
25.714657124097695 40.4796
25.737494350954734 40.736999999999995
25.760511045684957 40.4129
25.783350361364224 40.4434
25.806190718969255 40.339
25.82903211955018 40.4332
25.852053024868923 40.6438
25.874896522722523 40.5235
25.897741066713106 40.4853
25.920586657892454 40.5986
25.943611790812668 40.8761
25.966459487728237 40.9194
25.989308234998564 41.081
26.01215803367705 41.4655
26.03518741123814 41.4608
26.05803932412957 41.6037
26.080892291600094 41.6185
26.10374631470478 41.66
26.12677995397268 41.6987
26.14963609978026 41.5734
26.172493304397875 41.246
26.19535156888223 40.919000000000004
26.218389486949604 40.5253
26.241249882640123 40.3451
26.26411134137826 40.1986
26.28715248187403 40.0772
26.31001607820869 39.9868
26.3328807407756 39.8207
26.35574647063438 40.0678
26.37879191991473 40.0191
26.401659795896734 40.1976
26.424528742360263 40.2767
26.447398760366614 40.4453
26.470448535598294 40.5951
26.49332070826805 40.5949
26.516193955675355 41.0919
26.53906827888316 41.2625
26.562122397260108 41.4404
26.584998883685063 41.7789
26.607876449110325 42.0265
26.63075509460056 42.1611
26.65381357334404 42.193000000000005
26.67669439061878 42.1558
26.699576291163382 41.9674
26.722459276044212 41.9386
26.745522132402975 41.5447
26.768407297649354 41.32
26.791293550442003 41.0116
26.814180891848974 40.6831
26.837248143099337 40.2778
26.860137673466657 40.2518
26.88302829566349 40.0565
26.90592001075963 39.8898
26.92899167420566 39.8081
26.951885586870763 39.5053
26.974780595655517 39.2816
26.99785558178161 39.0539
27.020752794605112 38.8475
27.043651106772522 38.6914
27.06655051935668 38.7646
27.089629948036183 38.7358
27.112531573292053 38.6053
27.135434302194138 38.659
27.158338135817015 38.3904
27.181422024430987 38.5304
27.204328079372566 38.3761
27.22723524226965 38.5928
27.250143514198573 38.5044
27.273231880156334 38.5219
27.296142382065014 38.3345
27.319053996245536 38.3369
27.341966723775965 38.3654
27.365059584515222 38.3732
27.38797455070062 38.4231
27.410890633481237 38.3924
27.433807833936918 38.4732
27.456905206923906 38.5072
27.47982465472398 38.3598
27.502745223449743 38.4148
27.525666914182825 38.6053
27.548768816912457 38.3955
27.571692763693633 38.3416
27.59461783573812 38.2727
27.617723149491244 38.2125
27.640650484125285 38.0198
27.66357894728264 37.9732
27.686508540048052 37.9384
27.709618414237887 37.9082
27.732550278321757 37.7288
27.755483275279115 37.7615
27.778417406196485 37.811
27.801531858397514 37.9107
27.824468269376716 37.7085
27.847405817586786 37.8098
27.870344504116094 37.9609
27.893463551932008 38.1179
27.916404527281053 38.2881
27.93934664422563 38.3085
27.962289903855886 38.4917
27.98541356491974 38.7328
28.00835912214229 38.848
28.03130582533231 39.0787
28.054253675581805 39.1586
28.077381967556104 39.0121
28.100332124185126 38.9348
28.123283431160893 38.7693
28.146235889577238 38.757
28.169368830154156 38.5225
28.192323603752033 38.2266
28.215279532083304 38.0817
28.238415973016764 37.8597
28.261374223145094 37.8384
28.284333631303806 37.4775
28.307294198589954 37.376
28.330435319167677 37.0568
28.353398217078915 36.9128
28.376362277420153 36.6221
28.39932750129032 36.4915
28.422473319286713 36.2437
28.44544088262495 36.3537
28.468409612800283 36.1935
28.491379510913497 36.0444
28.51453004413313 35.9157
28.53750229057244 35.9273
28.56047570826344 35.7855
28.583450298308804 35.8508
28.606605564586562 35.6575
28.629582511831156 35.6614
28.65256063474956 35.628
28.675539934446338 35.6056
28.698699951647605 35.5088
28.72168161743193 35.545
28.74466446331978 35.5312
28.767648490417624 35.3721
28.790813276438353 35.367
28.813799678527303 35.4249
28.836787265157085 35.3924
28.859955641890075 35.4061
28.882945610203045 35.2775
28.905936766392035 35.2684
28.928929111566863 35.306999999999995
28.952102288520145 35.2389
28.975097024308607 35.1062
28.998092952423807 34.9282
29.021090073977508 34.9485
29.04426806913204 34.9337
29.067267590245258 34.6915
29.090268308143695 34.5455
29.11327022394099 34.5061
29.13645305530891 34.4395
29.159457379627167 34.4221
29.18246290519685 34.2864
29.20546963313352 34.3399
29.22865731875826 34.3911
29.25166646419296 34.3457
29.27467681535305 34.2073
29.29768837335608 34.1534
29.320880931312562 34.2528
29.34389491580634 34.236
29.366910110507334 34.2331
29.38992651653503 34.1874
29.41312396492981 34.1705
29.436142806456754 34.1203
29.45916286268059 33.9824
29.48236399319994 33.8629
29.50538649169417 33.6923
29.528410208259935 33.6353
29.55143514402014 33.4702
29.574641196749695 33.3055
29.597668583816574 33.2646
29.6206971934585 33.0843
29.64372702680042 33.1315
29.666938019934474 33.0471
29.689970313635285 33.0707
29.713003834422636 32.8606
29.73603858342347 32.854
29.759254535188578 32.7237
29.78229175361658 32.8025
29.80533020365064 32.8867
29.82836988641968 32.8058
29.85159081507472 32.6519
29.874632976355343 32.6003
29.89767637376955 32.8078
29.920721008448314 32.501999999999995
29.9439469322847 32.5335
29.96699405457564 32.4792
29.9900424175358 32.6303
30.013092022298157 32.4343
30.03632295963995 32.3155
30.059375061131373 32.3552
30.08242840783577 32.398
30.105483000888153 32.391
30.128718970092244 32.3845
30.151776069006917 32.3434
30.17483441768648 32.4238
30.198074175317235 32.3229
30.221135036724256 32.2734
30.24419715131772 32.2417
30.267260520236203 32.2797
30.290505341942243 32.3223
30.313571232750228 32.2692
30.336638381310948 32.2199
30.35970678876503 32.1495
30.38295669299435 32.0584
30.40602763151657 32.1493
30.429099832366074 32.1171
30.452173296685572 32.0386
30.47542830191959 32.12
30.498504306502497 32.0098
30.521581577995562 32.14
30.544660117543582 32.1388
30.56792024229725 32.2076
30.59100133132069 32.1357
30.614083691845494 32.1528
30.637167325018545 32.0613
30.660432587840603 32.2041
30.683518779717886 32.121
30.70660624769615 32.126
30.729694992924372 32.2202
30.75296541239743 32.2628
30.77605672557558 32.1369
30.799149319462742 32.0806
30.8224236211637 31.9397
30.845518789950724 31.8273
30.868615242910597 31.7465
30.891712981195973 31.5971
30.91499247215866 31.4848
30.938092794619365 31.564
30.96119440587579 31.5035
30.984297307082752 31.2645
31.00758200598383 31.1571
31.030687500658694 31.1592
31.053794288760695 31.0528
31.076902371446767 31.0196
31.100192296997445 31.0261
31.12330298246119 31.0419
31.14641496599209 31.0181
31.169528248749216 30.9033
31.19282341969534 30.8486
31.215939314557186 30.9549
31.239056512134788 30.921999999999997
31.262175013589378 30.8434
31.28547544871168 30.7949
31.30859657161541 30.767
31.331719001892175 30.9255
31.35484274070538 30.9673
31.378148458819545 30.9352
31.401274828443725 30.8269
31.424402510106933 30.8088
31.447712205419993 30.9301
31.470842524931633 30.758000000000003
31.493974159989783 30.7738
31.51710711176168 30.6872
31.54042212308802 30.7728
31.563557722100917 30.7019
31.586694641341655 30.5207
31.609832881979628 30.5781
31.63315322823208 30.4107
31.656294125521327 30.2497
31.679436347728515 30.2689
31.70257989602529 30.2544
31.725905596152327 30.0913
31.74905181052835 30.0376
31.772199354521323 30.0291
31.79534822930507 30.1052
31.818679302290967 30.0517
31.84183085259981 30.1518
31.864983737233473 30.1017
31.88813795736804 30.1883
31.911474422233013 29.9613
31.934631327356435 30.0879
31.9577895715215 30.0564
31.980949155906522 30.0119
32.004291031706956 29.9933
32.027453310562606 29.9449
32.05061693318573 29.8396
32.07396288236386 29.6891
32.09712920658542 29.6433
32.12029687812702 29.5025
32.14346589817093 29.5225
32.166817291729984 29.4838
32.18998902288583 29.3867
32.21316210610336 29.3324
32.23633654256711 29.2439
32.259693399663725 29.1345
32.282870556771144 29.1482
32.30604907069099 29.1784
32.329228942610065 29.1125
32.35259128243769 28.961
32.375773884550505 28.8285
32.398957848235646 28.855
32.422143174682176 28.78
32.445511016471215 28.6705
32.468699082679954 28.7258
32.49188851523011 28.7154
32.51507931531304 28.6503
32.538452678331 28.686999999999998
32.56164622776311 28.523000000000003
32.58484114831493 28.4757
32.60803744118015 28.4033
32.631416344731896 28.4587
32.654615396551876 28.3625
32.67781582427913 28.378
32.701198898634416 28.2953
32.72440209253756 28.195
32.747606665947124 28.2506
32.77081262006088 28.0511
32.79420126883317 28.0501
32.81740999876112 28.1534
32.840620112999424 28.1101
32.86383161274818 28.0069
32.88722585534586 27.9665
32.91044014056596 27.9329
32.933655814909734 27.905
32.95687287957963 27.9909
32.98027273544904 27.8617
33.00349259526636 27.8534
33.026713849030116 27.8648
33.04993649794511 27.8175
33.073341986570746 27.7094
33.09656744032826 27.7902
33.11979429286444 27.7952
33.14302254538647 27.7548
33.166433686291185 27.6815
33.18966475336992 27.622
33.212897224069096 27.5561
33.23613109959831 27.6252
33.259547912343415 27.5547
33.2827846121627 27.5294
33.306022720453775 27.3463
33.32926223842861 27.2933
33.352684742614166 27.2945
33.37592709463173 27.2642
33.399170859982064 27.2087
33.422597648419426 27.2626
33.44584425514446 27.1814
33.46909227885668 27.12
33.4923417207723 26.866
33.51577423505344 26.9203
33.539026528130385 26.875999999999998
33.56228024307245 26.8469
33.585535381098246 26.7926
33.60897364093058 26.6866
33.63223163992385 26.7098
33.6554910656699 26.6427
33.678751919389796 26.6044
33.702195944520106 26.5757
33.72545966903325 26.5655
33.74872482519663 26.461
33.771991414233746 26.5815
33.79544122444841 26.4471
33.81871069412428 26.3374
33.84198160035767 26.3029
33.86525394437455 26.3016
33.88870955949969 26.2444
33.911984794020626 26.3123
33.93526147001624 26.1923
33.958539588715006 26.2318
33.98200102861669 26.0942
34.0052820477047 25.9109
34.02856451319451 26.0325
34.05203033759056 25.9099
34.07531571090147 25.9134
34.09860253431845 25.825
34.121890809074316 25.8182
34.145362493118924 25.8829
34.16865368561615 25.8442
34.191946333164054 25.7451
34.21524043699793 25.7358
34.23871800066799 25.7235
34.26201503218366 25.613000000000003
34.28531352370466 25.5873
34.30861347646881 25.4766
34.33209693978188 25.5248
34.3553998301885 25.4817
34.378704185565205 25.3884
34.402010007152356 25.4348
34.42549939016683 25.4476
34.44880815937748 25.2593
34.472118398533134 25.2224
34.49543010887669 25.1998
34.51892543169198 25.1184
34.54224009966052 25.1047
34.56555624255917 25.0882
34.58887386163339 24.9684
34.61237514439016 24.9882
34.6356957311114 24.9483
34.65901779775809 24.8216
34.68252356662995 24.9089
34.705848608458616 24.9096
34.72917513396849 24.7791
34.75250314440949 24.7717
34.77601490857862 24.6894
34.799345904259795 24.5983
34.82267838863559 24.6279
34.846012362958525 24.5793
34.869530142679984 24.6112
34.89286711232212 24.5267
34.91620557568269 24.5269
34.93954553401677 24.4963
34.9630693495876 24.4141
34.986412313340814 24.3886
35.00975677584668 24.462
35.033102738362956 24.3564
35.05663261012228 24.2853
35.0799815881786 24.2944
35.10333207003229 24.3623
35.12668405694369 24.2787
35.150220005273056 24.1787
35.17357501786656 24.1285
35.19693153931268 24.1101
35.220289570874385 24.1599
35.24383161619786 24.1222
35.267192683604904 24.0802
35.290555264930376 24.044
35.314101899412165 24.0435
35.33746752422433 24.02
35.36083466676374 24.034000000000002
35.38420332829803 23.9149
35.407756095629054 23.9264
35.43112781085063 23.9939
35.45450104888391 23.8832
35.477875810999194 23.9302
35.50143473172161 23.8151
35.52481255774625 23.8358
35.54819191167777 23.7953
35.57157279478914 23.6779
35.595137889488406 23.6674
35.61852184675279 23.658
35.641907337029984 23.5607
35.665294361595684 23.5393
35.68886565090076 23.4411
35.7122557598848 23.4555
35.73564740699838 23.4868
35.759040593519934 23.4168
35.78261809810353 23.4061
35.80601437933051 23.2631
35.829412203814705 23.2426
35.85281157283719 23.1952
35.876395313415884 23.211
35.8997977874528 23.135
35.92320180988546 23.1108
35.946790244133936 23.0955
35.97019737933222 23.0784
35.993606066789866 23.0316
36.01701630779276 23.0442
36.04061101440684 22.9933
36.06402437852291 23.0102
36.08743930005611 22.906
36.1108557802951 22.8667
36.13445678011326 22.9152
36.15787639383515 22.894000000000002
36.18129757014299 22.7887
36.20472031032821 22.7077
36.22832762423364 22.6393
36.25175350829375 22.6997
36.275180960119776 22.5883
36.298609981005924 22.664
36.32222362992669 22.7136
36.34565580510207 22.5585
36.36908955323448 22.5193
36.39252487562093 22.4289
36.416144880530226 22.3842
36.43958336764275 22.3687
36.463023432914625 22.430999999999997
36.486465077645676 22.3429
36.51009145956204 22.3849
36.53353627947859 22.4117
36.55698268276811 22.3297
36.58043067073321 22.3007
36.60406345072071 22.1343
36.62751462435344 22.0887
36.65096738658405 22.2021
36.67460498210655 22.121
36.69806093788647 22.1058
36.72151848619297 21.9997
36.744977628333636 22.0411
36.76862165890998 21.9399
36.79208400512205 21.8829
36.81554794910557 21.8787
36.83901349217101 21.8752
36.862663978991606 21.8034
36.88613273667352 21.7442
36.90960309738324 21.7485
36.933075062434064 21.6998
36.95673202673572 21.6677
36.98020721697122 21.6643
37.003684015502365 21.459
37.027162423645365 21.5317
37.050825886711465 21.5299
37.07430753063053 21.4792
37.09779078812467 21.4681
37.121275660513014 21.3741
37.144945643673694 21.3758
37.16843376245278 21.3094
37.19192350009803 21.3766
37.215414857931435 21.3228
37.239091382563885 21.2896
37.262585997426164 21.1693
37.28608223645736 21.1998
37.309763684451696 21.1705
37.33326318851098 21.1342
37.356764320726555 21.0819
37.380267082425526 21.1478
37.40395510942588 21.0471
37.42746114683234 20.9548
37.45096881771841 20.9504
37.474478123414166 20.9069
37.49817275092816 20.9404
37.52168534303452 20.9617
37.54519957395567 20.8792
37.568715445024665 20.831
37.592416694607714 20.8211
37.61593586281424 20.8288
37.63945667518264 20.8065
37.66297913304891 20.7015
37.68668702630454 20.6566
37.710212792059274 20.6113
37.733740207334854 20.5532
37.757269273470364 20.4949
37.780983832050374 20.4111
37.80451621684926 20.4756
37.82805025654007 20.4523
37.851585952464795 20.3936
37.8753071980695 20.3639
37.89884622345676 20.3687
37.92238690911902 20.35
37.94611318753442 20.2434
37.969657210779765 20.1499
37.99320289834801 20.1842
38.016750251586465 20.236
38.04048325513017 20.1645
38.06403395679343 20.0734
38.087586328183946 20.0787
38.11114037065203 20.077
38.13488012115898 19.9919
38.1584375229181 19.9237
38.181996599821 19.8306
38.205557353221124 19.9247
38.229303872575656 19.8484
38.2528679961576 19.8595
38.27643380031219 19.7942
38.30000128639589 19.7359
38.32375459653193 19.820999999999998
38.34732546371299 19.819000000000003
38.37089801690786 19.6507
38.39447225747609 19.6168
38.418232380377425 19.6347
38.441810012983396 19.6532
38.46538933705673 19.5534
38.488970353960084 19.5387
38.51273731166058 19.5124
38.536321731567014 19.4895
38.55990784840681 19.5035
38.58367995004091 19.4259
38.60726947812959 19.2942
38.63086070726198 19.3473
38.654453638806274 19.3982
38.678232613930824 19.287
38.70182896773327 19.2163
38.72542702806741 19.2814
38.7490267963045 19.2388
38.77281266709232 19.1524
38.79641586862214 19.1544
38.8200207821842 19.1051
38.843627409152944 19.0944
38.86742019782782 19.0398
38.891030269149255 19.0409
38.914642058016156 18.9678
38.938255565806124 18.9589
38.96205529464307 18.8609
38.98567225787121 18.926
39.00929094417078 18.9438
39.03291135492255 18.88
39.05671804624804 18.7831
39.080341923549106 18.7899
39.103967529460334 18.7459
39.127594865365744 18.7252
39.15140854155791 18.6563
39.17503935514948 18.6807
39.19867190290282 18.6901
39.22249083587951 18.6371
39.24612686969409 18.5728
39.269764641845306 18.5586
39.293404153722804 18.5795
39.317230110864074 18.4317
39.34087311998506 18.39
39.36451787301696 18.3878
39.388164371352595 18.3829
39.41199737518003 18.2442
39.43564738196752 18.3284
39.45929913825317 18.3615
39.48295264543308 18.2623
39.506792718520884 18.2729
39.530449745387216 18.2629
39.55410852735203 18.2025
39.57776906581474 18.2318
39.60161623079 18.1471
39.625280300200025 18.0845
39.64894613032202 18.0022
39.67261372255866 18.0942
39.6964680021016 18.0694
39.72013913657293 18.0208
39.74381203738292 17.9916
39.76748670593756 17.9542
39.79134812278169 17.9445
39.81502634488497 17.9366
39.83870633896685 17.845
39.862388106436654 17.8262
39.88625668336918 17.7267
39.90994201572829 17.8198
39.933629125719285 17.7928
39.957503091207826 17.7364
39.9811937746168 17.762999999999998
40.00488623990914 17.652
40.02858048850006 17.6558
40.05246165409549 17.621
40.076159487492085 17.5527
40.099859108448875 17.5931
40.123560518384345 17.5381
40.1474489070226 17.5096
40.171153913178564 17.4675
40.194860712584955 17.3979
40.2185693066637 17.367
40.242464941335314 17.3379
40.26617714307655 17.3367
40.289891143772046 17.3568
40.3136069448471 17.3214
40.33750984859743 17.299
40.3612292688043 17.2182
40.3849504936829 17.1827
40.40867352466194 17.1334
40.43258372059144 17.1503
40.45631038219906 17.17
40.48003885420956 17.0858
40.503769138055105 17.0477
40.52768664931955 17.0864
40.55142057531802 17.0099
40.57515631746428 16.9533
40.599079334038514 16.9981
40.62281872700477 16.949
40.64655994043941 16.8995
40.67030297578061 16.8673
40.69423334835778 16.9025
40.71798004609188 16.8922
40.74172857006355 16.8275
40.76547892171441 16.7849
40.7894166736039 16.7892
40.813170699248566 16.7643
40.83692655691388 16.7226
40.86068424804498 16.6814
40.884629402612525 16.6503
40.908390779366385 16.6854
40.932153993938 16.6092
40.95591904777605 16.5182
40.979871628443995 16.6116
41.003640379561936 16.5087
41.02741097430883 16.5151
41.05118341413683 16.4994
41.075143444384416 16.4393
41.098919593177826 16.4375
41.1226975914255 16.4152
41.14647744058318 16.3557
41.170444943946755 16.2968
41.19422851378379 16.3634
41.218013938914645 16.284000000000002
41.24198706625173 16.1859
41.26577622087193 16.1455
41.289567235177785 16.2014
41.31336011063129 16.1605
41.337340752422875 16.0705
41.361137369129835 16.122
41.38493585138705 16.0785
41.40873620066004 16.0886
41.43272438060107 16.0479
41.45652848292052 15.9657
41.48033445666918 15.9096
41.50414230331616 15.9703
41.528138045159764 15.9276
41.551949656675205 15.8991
41.575763145513235 15.8399
41.59957851314666 15.8006
41.62358184070442 15.8273
41.64740098505737 15.7343
41.6712220126409 15.7634
41.69504492493139 15.6904
41.71905586207357 15.7458
41.74288256296395 15.7332
41.766711153007456 15.6502
41.79054163368412 15.6156
41.814560204340054 15.6488
41.838394485526365 15.6544
41.86223066180303 15.5492
41.88625497706819 15.5445
41.910094962812 15.4829
41.93393684811168 15.4646
41.95778063445365 15.4002
41.981812625263366 15.3822
42.00566023303407 15.3879
42.029509746323676 15.41
42.05336116662236 15.3669
42.077400857069705 15.33
42.10125611078846 15.261
42.12511327600405 15.2894
42.14897235421036 15.2813
42.173019768448455 15.2449
42.19688269209613 15.2108
42.22074753323349 15.1901
42.24461429335818 15.1109
42.268669455600495 15.075999999999999
42.292540073217886 15.1084
42.31641261433284 15.1212
42.34028708044675 15.0555
42.36435001496739 15.0805
42.38822835065557 15.020999999999999
42.41210861586426 14.9482
42.4359908120986 14.9375
42.46006154323262 14.9201
42.48394762115317 14.9004
42.507835634632315 14.9033
42.531912233047436 14.8539
42.55580413732265 14.8063
42.579697981698 14.7533
42.60359376768525 14.745999999999999
42.62767820545945 14.7538
42.65157789440821 14.7262
42.67547952952185 14.6946
42.699383112316 14.6534
42.72347541395347 14.572000000000001
42.74738291190531 14.5692
42.771292362102166 14.6011
42.795203766063516 14.6208
42.819303956130405 14.5103
42.843219287476536 14.5281
42.86713657716324 14.4894
42.89105582671383 14.5032
42.91516392983864 14.4617
42.939087119032166 14.4334
42.963012272677304 14.3715
42.98693939230129 14.3458
43.01105543317513 14.3052
43.034986504731386 14.3557
43.05891954686589 14.2828
43.08285456110972 14.292
43.10697856448665 14.2295
43.130917542983475 14.2106
43.15485849820081 14.2275
43.17880143167367 14.155
43.20293342237094 14.1332
43.226880332449 14.0239
43.25082922540554 14.1122
43.27496722682525 14.0806
43.29892010567796 14.0688
43.32287497204102 13.9713
43.34683182745632 14.0089
43.370977859791836 14.0009
43.39493871351105 13.99
43.41890156092628 13.9292
43.44286640358341 13.9158
43.46702049182749 13.8782
43.49098934522816 13.8857
43.51496019852649 13.8163
43.5389330532723 13.8509
43.56309522248204 13.7749
43.58707210044314 13.7598
43.61105098451946 13.7388
43.63503187626491 13.6796
43.659202151562134 13.6755
43.68318707902681 13.6802
43.70717401884041 13.5987
43.731162972560874 13.592
43.75534137913236 13.5584
43.779334381108384 13.565
43.803329401683186 13.5774
43.82732644241872 13.5496
43.8515130055166 13.5194
43.87551410707659 13.4358
43.89951723350145 13.4943
43.923709934595614 13.4492
43.94771713129917 13.4567
43.97172635758096 13.3713
43.99573761501002 13.3439
44.0199385169922 13.3071
44.04395385732619 13.3187
44.067971233533086 13.3047
44.09199064718605 13.2843
44.11619977548961 13.2192
44.14022328470671 13.1818
44.16424883610785 13.2357
44.18827643127035 13.2213
44.21249381139513 13.1841
44.236525514814076 13.1165
44.26055926674478 13.13
44.28459506876863 13.1437
44.3088207262813 13.0647
44.33286064928722 13.0395
44.35690262714919 13.0121
44.38094666145278 13.0085
44.4051806219871 12.9702
44.42922879003185 12.9083
44.45327901929361 12.8917
44.477331311362136 12.8973
44.501573600619416 12.8477
44.525630039221795 12.8395
44.54968854541895 12.8365
44.573937102200176 12.8436
44.5979997645541 12.8125
44.622064499300315 12.7502
44.64613130803592 12.732999999999999
44.67038823869318 12.7366
44.69445921643748 12.6991
44.718532272981385 12.6452
44.742607409926194 12.6649
44.76687274034801 12.6145
44.79095205918753 12.5743
44.81503346325094 12.5614
44.839116954143876 12.5318
44.86339071028742 12.5239
44.88747839599524 12.5307
44.91156817336837 12.4823
44.93566004401666 12.4827
44.959942251908146 12.4692
44.984038330325966 12.4445
45.00813650686762 12.4072
45.03223678314731 12.4077
45.05652746888232 12.3464
45.08063196592069 12.3352
45.104738567558705 12.3148
45.128847275414856 12.2997
45.15314646515866 12.2607
45.17725940679741 12.2688
45.20137445952892 12.229000000000001
45.22568004865265 12.1785
45.24979934496396 12.1596
45.27392075725247 12.1831
45.29804428714431 12.2033
45.322358426247604 12.1804
45.346486212804315 12.1252
45.370616121861914 12.1173
45.39474815505086 12.0357
45.41907087049246 11.994000000000002
45.4432071734666 12.0152
45.46734560548283 12.0515
45.49148616817604 12.0261
45.51581748638564 11.9755
45.5399623320197 11.9201
45.56410931325473 11.9091
45.58825843173002 11.9038
45.61259837920865 11.885
45.636751793816 11.9286
45.66090735060093 11.8529
45.68506505120716 11.7746
45.7094136545275 11.7965
45.73357566449271 11.7372
45.75773982322992 11.7499
45.78190613238733 11.7019
45.806263418194064 11.7185
45.83043404997326 11.6879
45.85460683713677 11.6421
45.87897065658495 11.6687
45.90314777634752 11.6159
45.92732705646868 11.6042
45.9515084986045 11.5714
45.97588104735473 11.5827
46.00006683541565 11.5347
46.02425479047904 11.4953
46.04844491420549 11.5373
46.0728262191024 11.5008
46.09702070211635 11.4877
46.12121735879483 11.4421
46.14541619080294 11.4334
46.169806278764455 11.3843
46.194009483459034 11.3749
46.21821486849841 11.3896
46.24242243555223 11.3239
46.266821333570014 11.2613
46.29103328674601 11.2714
46.31524742696538 11.3291
46.33946375590237 11.2698
46.36387149104216 11.2072
46.38809221957392 11.1988
46.41231514186606 11.1911
46.436540259597464 11.2041
46.460956858999374 11.1798
46.48518638983522 11.1529
46.509418121166966 11.1335
46.533652054678114 11.0737
46.55807754555709 11.0608
46.58231590571962 11.0689
46.60655647313217 11.0077
46.630988654873654 10.9819
46.655233659129024 10.9625
46.67948087571551 10.9979
46.70373030632484 10.9749
46.72817142736393 10.9331
46.752425308428684 10.8921
46.77668140861147 10.9017
46.80093972960865 10.8397
46.82538981736788 10.839
46.849652602470904 10.8746
46.87391761349769 10.8262
46.8981848521493 10.8013
46.9226439341274 10.7437
46.946915650573224 10.7221
46.97118959976749 10.7258
46.99546578341598 10.7069
47.019933887188216 10.6841
47.04421456235744 10.6141
47.06849747711879 10.6373
47.09278263318286 10.6313
47.11725978640143 10.6136
47.14154944775105 10.6099
47.165841355555656 10.5873
47.1901355115306 10.56
47.214621741924994 10.5465
47.23892041698887 10.5395
47.26322134538975 10.4965
47.28771440635075 10.4395
47.31201986422527 10.4893
47.33632758061436 10.4373
47.360637557241866 10.4337
47.38513974410611 10.401
47.40945426407847 10.3715
47.43377104948137 10.3447
47.45809010204344 10.3442
47.48260144275502 10.2775
47.506925052572285 10.2762
47.53125093475548 10.2598
47.55557909103813 10.2647
47.58009961361992 10.1961
47.60443234110732 10.2033
47.62876734791564 10.1624
47.65310463578333 10.1851
47.6776343683373 10.1776
47.7019762413987 10.1541
47.72632040075572 10.1521
47.75066684815169 10.1383
47.77520581885936 10.0772
47.799556865477655 10.0861
47.823910205386 10.0455
47.84826584033272 10.0603
47.87281407745551 9.983939999999999
47.89717432569297 10.0104
47.92153687423484 9.99362
47.94609208429692 9.964039999999999
47.97045925671401 9.955869999999999
47.99482873471275 9.90398
48.01920052005013 9.89485
48.04376504619224 9.88607
48.068141469543484 9.85933
48.09252020552573 9.87776
48.11690125590099 9.82746
48.1414751266064 9.83253
48.16586082917454 9.81851
48.19024885144316 9.762139999999999
48.2146391951793 9.80775
48.239222439012764 9.76984
48.26361744916137 9.75147
48.28801478610016 9.76085
48.31241445160131 9.69561
48.337007097209366 9.68649
48.36141144338331 9.6831
48.38581812345755 9.6583
48.41022713920929 9.62682
48.434829215320704 9.605889999999999
48.45924292604658 9.60563
48.48365897780325 9.607489999999999
48.50807737237308 9.55834
48.532688907799276 9.5404
48.55711201168574 9.5095
48.581537463754074 9.54984
48.60615611725119 9.496080000000001
48.63058628942721 9.469619999999999
48.65501881516546 9.4196
48.6794536962573 9.42025
48.70408185970339 9.41106
48.72852147531801 9.38058
48.75296345168211 9.37335
48.77740779059232 9.36405
48.80204549302823 9.39568
48.82649458091802 9.36505
48.85094603676547 9.27898
48.87539986237231 9.29637
48.90004713292306 9.28668
48.92450572200832 9.26136
48.94896668628025 9.2544
48.97343002754588 9.23033
48.99808689542115 9.218
49.02255501470614 9.19618
49.04702551642794 9.16995
49.0714984023988 9.16441
49.096164896893235 9.15483
49.120642575466796 9.11856
49.145122643748394 9.11975
49.16960510355558 9.07161
49.19428125404938 9.07935
49.2187685210852 9.058489999999999
49.243258185121555 9.0461
49.26794160167084 9.019860000000001
49.2924360839405 8.97997
49.31693296869764 8.96931
49.34143225776915 8.934560000000001
49.36612538195438 8.962010000000001
49.39062950396021 8.927439999999999
49.41513603578346 8.883239999999999
49.4396449792564 8.8814
49.46434784069503 8.90258
49.488861631846454 8.86312
49.513377840166804 8.84955
49.537896467493745 8.80833
49.56260909589029 8.8398
49.587132585683285 8.795580000000001
49.611658500018365 8.804219999999999
49.636186840738596 8.76539
49.66090926588511 8.7652
49.685442483902584 8.73231
49.70997813385706 8.69926
49.734516217597076 8.68556
49.75924846937352 8.668289999999999
49.7837914452858 8.65827
49.80833686055187 8.665239999999999
49.83288471702571 8.60318
49.85762682540054 8.608369999999999
49.882179588965734 8.59183
49.9067347993235 8.56664
49.93129245833333 8.54278
49.95604445336378 8.53524
49.98060703442832 8.52417
50.005172069746266 8.49072
50.02993150438364 8.53249
50.05450147301533 8.48708
50.07907390151433 8.47991
50.10364879174981 8.45542
50.12841816587289 8.42723
50.1529980044635 8.43467
50.17758031042124 8.40421
50.20216508562089 8.41796
50.22694442953363 8.36709
50.25153416817468 8.34488
50.27612638170508 8.36342
50.300721072005196 8.33208
50.325510416102105 8.30161
50.350110084975064 8.29151
50.37471223628208 8.26094
50.39931687190919 8.22814
50.424116246675766 8.22518
50.44872587605249 8.21504
50.47333799543065 8.17367
50.49795260670191 8.19914
50.52276204271512 8.18505
50.54738166295838 8.17862
50.57200378079314 8.158
50.596628398116835 8.1012
50.62144792604559 8.10631
50.646077567609396 8.112969999999999
50.670709714377715 8.07468
50.69553683636198 8.062289999999999
50.72017401885922 8.038210000000001
50.7448137122895 8.02259
50.76945591856022 8.00939
50.79429318636823 7.996910000000001
50.818940443716784 8.016760000000001
50.84359021965163 7.98986
50.868242516085964 7.98102
50.893089960641895 7.90597
50.917747323549435 7.897130000000001
50.94240721271973 7.91122
50.96706963007175 7.8705300000000005
50.99192728239342 7.8766300000000005
51.01659478166073 7.9020399999999995
51.04126481489051 7.859389999999999
51.06593738400761 7.84969
51.090805275207074 7.83431
51.11548294172845 7.809060000000001
51.14016314993547 7.78172
51.164845901758845 7.78453
51.18972406304274 7.74788
51.21441192780656 7.718489999999999
51.23910234200271 7.693289999999999
51.2637953075678 7.68924
51.288683770237945 7.71625
51.31338186432707 7.662030000000001
51.33808251561888 7.63121
51.362978729967345 7.64491
51.387684521509755 7.64372
51.41239287610203 7.615069999999999
51.437103795691165 7.589810000000001
51.46201036644977 7.57764
51.486726441956634 7.588360000000001
51.51144508832545 7.55173
51.536166307509156 7.52802
51.56108326624387 7.5222
51.58580965706056 7.54905
51.61053862657523 7.48192
51.635270176746864 7.4535100000000005
51.66019755512065 7.45602
51.68493429268881 7.434060000000001
51.70967361681515 7.414289999999999
51.73441552946465 7.4044
51.759353359237934 7.40912
51.7841004750961 7.41299
51.80885018539685 7.388539999999999
51.833602492111254 7.33675
51.8585508051424 7.30682
51.883308330926425 7.28171
51.90806845906181 7.278060000000001
51.932831191525715 7.2696
51.95779001977161 7.28875
51.98255798721516 7.2393
52.00732856494335 7.22301
52.03229530577543 7.18853
52.057071130455945 7.16913
52.081849571391054 7.19447
52.106630630568695 7.21105
52.13160794279417 7.15995
52.15639426492067 7.15194
52.18118321127822 7.16143
52.205974783860896 7.1367
52.23096269971011 7.13772
52.255759551287994 7.094239999999999
52.280559035098186 7.06906
52.30536115314103 7.071339999999999
52.33035970494467 7.068789999999999
52.35516711807904 7.058660000000001
52.37997717147198 7.03265
52.40478986713005 6.97703
52.42979908731974 6.9877899999999995
52.454617094216 6.97887
52.47943774942214 6.95833
52.50426105495102 6.966889999999999
52.529280976059844 6.92335
52.554109609024096 6.922739999999999
52.57894089837482 6.8745
52.60377484613117 6.84478
52.62880550079408 6.82955
52.65364479223379 6.83735
52.67848674816189 6.82481
52.70352547971946 6.821560000000001
52.72837279155837 6.84037
52.753222773982785 6.78827
52.778075429022984 6.7842199999999995
52.80312495150885 6.79453
52.827982978797436 6.76803
52.85284368481815 6.743060000000001
52.87770707160767 6.699330000000001
52.90276741793998 6.71059
52.92763619336701 6.69389
52.952507655698504 6.720610000000001
52.977381806977576 6.68953
53.00245301017842 6.680610000000001
53.02733256653592 6.642860000000001
53.052214817996074 6.65917
53.077099766608484 6.65119
53.102181859804446 6.6058
53.127072229988265 6.6241699999999994
53.15196530349892 6.56433
53.17686108239249 6.54861
53.20195409881522 6.52346
53.22685531582556 6.54509
53.25175924441303 6.52986
53.27666588664027 6.53443
53.30176985962693 6.49174
53.3266819565689 6.48254
53.35159677336455 6.43496
53.376514312083096 6.42793
53.40162927507703 6.4476
53.42655228516116 6.43852
53.45147802340193 6.389959999999999
53.47660125628886 6.3604199999999995
53.50153247842639 6.36454
53.52646643496923 6.37357
53.55140312799818 6.39076
53.576537409691696 6.34583
53.60147960336152 6.33245
53.626424539786164 6.27325
53.65137222105307 6.30895
53.67651758529126 6.24619
53.70147078399681 6.26209
53.72642673383343 6.25861
53.75138543689533 6.249
53.776541917524526 6.23588
53.801506154876755 6.2001800000000005
53.826473151763246 6.21093
53.851442910284916 6.19699
53.87661054126026 6.19048
53.9015858509782 6.19025
53.92656392866066 6.18719
53.95154477641532 6.1599
53.976723591801296 6.086040000000001
54.00171000771266 6.10741
54.02669920004598 6.12959
54.051691170915745 6.11474
54.076881204886796 6.08953
54.101878760928514 6.039540000000001
54.12687910187696 6.06185
54.152077577768296 6.05026
54.1770835166946 5.98246
54.20209224691339 5.99795
54.22710377055121 5.9836
54.25231352511594 5.9489
54.27733066384342 5.91953
54.30235060239643 5.91765
54.32737334290836 5.92117
54.35259441062629 5.87598
54.377622783395324 5.90108
54.40265396455061 5.90497
54.42768795623251 5.8674800000000005
54.45292037169559 5.85884
54.477960012857906 5.85224
54.50300247099511 5.7912099999999995
54.52804774825457 5.77955
54.55329154616743 5.738980000000001
54.57834249018678 5.76392
54.6033962597977 5.77375
54.6284528571545 5.755780000000001
54.653708072335164 5.67924
54.67877035378786 5.6605099999999995
54.70383546947698 5.6284
54.72890342156389 5.6214699999999995
54.7541700889442 5.60184
54.77924374251975 5.59669
54.8043202390049 5.56694
54.82959552413022 5.50065
54.8546777351945 5.54079
54.87976279569621 5.480630000000001
54.90485070780914 5.5862
54.930137506558005 5.4951300000000005
54.95523115074295 5.46291
54.98032765308844 5.38253
55.005427015775496 5.38243
55.03072536339621 5.4018
55.05583047570572 5.41309
55.080938454927676 5.4107199999999995
55.10604930325027 5.33547
55.131359235107396 5.37239
55.15647585066083 5.3156099999999995
55.181595341907496 5.27928
55.20671771104285 5.23088
55.232039262617704 5.21454
55.25716741665048 5.234030000000001
55.28229845518636 5.25044
55.30743238042802 5.15295
55.33276558731939 5.1037300000000005
55.357905315183636 5.10323
55.383047936390035 5.08894
55.40819345314859 4.9951300000000005
55.433538351073295 5.07431
55.458689688238415 5.04849
55.483843927614096 4.977
55.509197623043605 4.97452
55.53435769621134 4.95991
55.55952067826466 4.9502
55.5846865714265 4.90803
55.61005202069737 4.8779699999999995
55.63522376553902 4.83991
55.66039842818645 4.86713
55.68557601087004 4.81508
55.7109532500271 4.761819999999999
55.73613670233794 4.824330000000001
