TT I
1.2716486653135266 7.24682
1.2939594142134223 7.16914
1.3162702121660406 6.47703
1.3385810600174564 7.02221
1.3608919586137629 6.87743
1.383202908801069 6.7091199999999995
1.405513911425503 6.3338
1.4278249673332093 6.54571
1.4501343378461518 6.50446
1.4724455028545926 6.07877
1.4947567236847858 6.22165
1.517068001182951 5.7704699999999995
1.5393793361953272 6.3561
1.5616907295681737 5.54481
1.5840021821477681 5.24094
1.60631369478041 5.4433300000000004
1.6286252683124185 5.14997
1.6509369035901333 4.31802
1.6732468618895553 4.6715800000000005
1.695558623192809 4.48287
1.7178704487808514 4.97021
1.7401823395001077 4.9164699999999995
1.7625012545597203 5.00962
1.7848028405262486 5.081930000000001
1.8071218901122095 4.95075
1.8294236121921872 4.5724
1.8517427996910911 4.39278
1.8740620574440425 4.474080000000001
1.8963639900671978 4.88149
1.9186833908139995 4.21406
1.9409854680117449 4.42132
1.9633050151394713 4.84115
1.9856246367570705 4.76222
2.0079269371922672 4.82408
2.03024671027244 4.0549599999999995
2.0525491637446027 4.62066
2.074869091674931 4.40981
2.097171701569106 4.72768
2.1194917877373847 4.86649
2.141811954326636 4.8249699999999995
2.164114805233074 4.84756
2.186435135143035 5.2684
2.208738150935709 8.87383
2.231058647554722 15.7111
2.2533792288321184 12.9965
2.275682498336085 7.53023
2.298003251406138 5.786519999999999
2.3203066942619714 5.57803
2.3426276225136022 5.00102
2.3649486396617507 5.22034
2.387252348930071 5.53653
2.4095735463442893 5.01009
2.4318774374315884 5.264130000000001
2.4541988185014043 4.7880400000000005
2.476502894794693 6.1384099999999995
2.498824462909887 6.05136
2.521146125856138 6.09083
2.5434504863470337 6.678839999999999
2.5657723414244717 6.755210000000001
2.588076895590662 7.14128
2.610398946189713 7.73383
2.6327210958598384 7.41937
2.6550259469304716 7.39065
2.6773482972090137 7.320119999999999
2.6996533504259 7.26744
2.7219759047039602 7.793939999999999
2.744298562293959 7.77682
2.7666039251246595 7.702319999999999
2.7889267918020164 7.928380000000001
2.8112323652516555 7.70058
2.833555444408179 8.059989999999999
2.8558786311183852 8.10613
2.8781845268938557 8.531080000000001
2.9005079311721484 9.02245
2.9228140460410397 8.787930000000001
2.9451376712799635 9.058910000000001
2.967444008632326 9.08145
2.9897678582247247 9.52232
3.0120918213106695 10.2309
3.0343984987899373 10.6464
3.0567226913198637 11.0699
3.079029599759726 11.3802
3.101354025127254 11.7464
3.123678568232338 12.2042
3.145985829517914 12.9589
3.16831061055229 13.4272
3.1906181112775593 14.2459
3.212943133635653 14.610999999999999
3.2352682779763207 15.0351
3.2575761442691227 15.0025
3.2799015350264273 15.6229
3.302209649240067 16.4673
3.3245352898092655 16.6888
3.3468436553365257 17.1767
3.369169549113219 17.5857
3.3914955708171384 18.4329
3.413804319727358 19.0168
3.4361305997334863 18.5979
3.4584396084414553 19.2719
3.4807661501462652 20.3987
3.503092824025881 20.9003
3.5254022288463154 21.0277
3.5477291695206588 21.4417
3.5700388426251948 22.3842
3.5923660534916446 23.625999999999998
3.6146934007816114 31.8333
3.637003482731501 56.5971
3.6593311053109985 61.8167
3.681641464033634 40.2195
3.7039693653009733 27.5555
3.726297407241705 25.8397
3.7486081875460804 25.6662
3.7709365132734978 26.0093
3.793247578841633 26.183000000000003
3.8155761917550093 27.0238
3.8378875459837216 27.2517
3.8602164494827234 27.4337
3.882545499606844 28.5843
3.9048572932539183 29.1643
3.9271866390645718 28.9242
3.9494987298666713 29.5392
3.971828374764527 30.6777
3.9941581705403255 31.1849
4.016470713506008 31.6807
4.038800813471445 32.1609
4.061113662089144 32.4046
4.0834440696459176 33.3873
4.105774632334751 33.8934
4.128087945865126 34.6535
4.150418821249301 35.7809
4.172732448931298 36.2929
4.195063640413578 37.9721
4.2173775856475215 40.746
4.239709096631102 59.2421
4.262040768704612 141.465
4.284355196706267 178.845
4.306687193387355 123.89200000000001
4.329001947444346 61.7264
4.35133427213731 45.5828
4.373666762177566 43.4785
4.395982011761091 44.3634
4.418314834921175 45.3268
4.44063041906622 49.9499
4.4629635787515625 56.8261
4.4852969080429785 56.78
4.5076130004776225 52.8617
4.529946671403969 53.648999999999994
4.552263106909177 54.1851
4.574597122877047 54.2365
4.596931312711224 53.5478
4.619248269273446 53.9354
4.6415828092605835 55.1608
4.663900117405352 56.848
4.686235010953232 58.2876
4.708552674085913 59.6541
4.730887924602802 60.9881
4.753223354952695 62.7779
4.775541557023902 64.9162
4.797877349456786 66.9058
4.820195915032126 68.2472
4.842532072957498 69.2164
4.864868414979744 71.5902
4.88718753227192 74.4146
4.909524244902505 75.8909
4.931843734218147 77.3702
4.954180820867835 80.187
4.976518095879839 83.2007
4.998838149695359 86.6076
5.021175803844231 90.2594
5.043496238205739 93.8964
5.065834274903528 98.9969
5.088172504230693 104.78
5.1104935158799565 112.259
5.132832132875765 132.213
5.155153533596801 166.297
5.1774925416746225 226.09400000000002
5.199814334878411 531.439
5.2221537374521505 1422.47
5.244493338631803 3500.63
5.266815727034316 7772.95
5.289155727832427 11724.8
5.311478517248165 8502.94
5.333818921080011 2829.28
5.356159527788849 580.586
5.3784829252032536 204.39700000000002
5.400823940070432 155.466
5.423147747031976 135.061
5.445489173474152 124.456
5.467830807066149 119.61
5.490155234831516 116.044
5.512497285125229 110.941
5.534822130975162 107.581
5.557164601388673 105.10700000000001
5.579489868738879 102.04799999999999
5.601832762690846 100.45200000000001
5.6241758697774475 99.4211
5.646501775867269 98.9441
5.668845311622074 97.2758
5.691171647754637 96.7804
5.713515615597765 95.7732
5.735859800852677 95.3527
5.758186788542988 95.3054
5.780531411018185 96.9644
5.802858837297399 96.4031
5.825203900414495 96.3792
5.8475491852224 98.5765
5.869877275883075 97.8394
5.892223006467101 98.1229
5.914551544266608 99.2435
5.936897724049891 103.59
5.959244129804903 112.171
5.981573344815301 150.351
6.0039202049061 295.441
6.026249875609095 608.493
6.04859719346037 1197.16
6.070927323278297 2368.9
6.093275102315365 4256.35
6.115623113320588 5116.44
6.137953938319995 3253.49
6.160302415650845 1035.0
6.182633708324452 251.764
6.2049826554078376 118.91
6.227331838745022 95.9384
6.249663839443684 87.4993
6.27201349767565 83.6907
6.294345974611799 85.1184
6.316696111167083 88.9052
6.339046488263839 85.4129
6.361379686074702 76.8077
6.383730546639482 72.6412
6.406064229255215 71.0023
6.428415576718203 70.7913
6.450749747566656 69.2111
6.47310158535871 67.4191
6.495453669698332 65.7612
6.517788579421056 65.2729
6.540141159237969 64.2834
6.562476565766648 64.1298
6.5848296444934045 63.7183
6.607182974060425 63.4142
6.6295191323281015 63.3095
6.651872965955752 64.8009
6.6742096296068985 77.5157
6.6965639707294615 100.677
6.71891856698715 99.6868
6.741255995248479 77.5626
6.763611104154477 64.0352
6.785949046381137 60.1221
6.808304671371482 58.8879
6.8306605557940046 59.8068
6.852999275508618 59.0484
6.875355681171544 58.2475
6.897694923437771 57.1466
6.92005185377892 56.9208
6.9423916220322655 56.8908
6.964749080490181 56.3431
6.987106804399774 56.1995
7.009447368180821 56.3773
7.031805625367033 56.0511
7.054146723727803 56.255
7.076505517631004 56.1237
7.098864581288365 56.1725
7.121206488070854 55.9893
7.143566093607822 55.8215
7.165908543567245 55.9956
7.188268694426048 56.1968
7.2106291193438095 55.9641
7.232972390625943 56.0235
7.255333366030969 63.0902
7.277677189091925 89.3948
7.300038718428332 111.50299999999999
7.322400526130865 99.5533
7.344745183422596 72.2662
7.367107550224791 58.8966
7.389452767901992 55.9668
7.411815697249891 55.5428
7.434161478756298 54.9149
7.456524974096713 54.9132
7.478888753837185 54.8712
7.501235387657368 54.9817
7.523599738562711 55.0575
7.545946944825532 55.3867
7.568311870344528 55.6878
7.5906770845765665 55.8217
7.613025156078678 56.437
7.635390950099687 57.4569
7.657739602662809 57.0968
7.680105979923558 56.7167
7.702472650212829 57.2693
7.724822180948224 57.0796
7.747189439655568 56.8478
7.769539560075357 57.0755
7.791907410653562 57.4024
7.81425812420825 57.4386
7.836626570110925 57.6939
7.858995315087906 58.4043
7.881346924933401 58.6674
7.903716270417482 59.1119
7.926068482028405 59.428999999999995
7.948438431475253 60.0915
7.9708086843180235 60.659
7.993161805171116 61.5289
8.015532667162402 61.8858
8.037886398416653 62.8238
8.060257873014221 63.3568
8.082629655331942 64.2203
8.104984308787587 65.066
8.127356708900503 67.4211
8.149711981398308 71.5321
8.172085002766314 72.9697
8.194458336181368 71.5577
8.216814543847752 70.1746
8.23918850371002 70.6415
8.26154533906492 71.9853
8.283919928836452 73.3425
8.306277395339652 74.2142
8.328652618483376 76.2348
8.351028159736202 78.1658
8.373386579575245 80.7988
8.395762759396959 82.8586
8.418121819038275 86.6889
8.440498640894003 96.1522
8.462875785192262 109.79
8.485235811156207 141.234
8.507613602688501 210.929
8.529974277114228 317.112
8.552352719347912 468.309
8.574731488360351 747.2510000000001
8.59709314210385 1237.49
8.619472567021075 1832.37
8.64183487789147 2141.14
8.664214962183097 1797.77
8.686577933647762 970.96
8.708958680784317 374.319
8.731339760774953 167.024
8.753703729764451 114.186
8.77608547780821 101.823
8.798450116065078 97.6896
8.820832535634787 94.7269
8.843215292401656 93.9382
8.865580941199045 92.3517
8.887964374703538 91.5638
8.910330701447199 91.5908
8.932714815164482 92.0364
8.955099270424924 90.5409
8.977466620733543 88.5079
8.999851761421976 86.7626
9.022219798361645 85.7572
9.04460562795561 84.9755
9.066991803441677 85.0103
9.089360876979615 85.0382
9.111747746589993 84.5712
9.13411751544971 83.6705
9.156505082664324 83.8048
9.178875550323522 83.8235
9.20126381862328 83.4222
9.223652438908596 83.9452
9.246023961427412 84.219
9.26841328802173 83.4187
9.290785518039224 83.9867
9.313175554425882 85.1322
9.335565947154315 85.4222
9.357939245086508 85.9901
9.380330352834827 85.7448
9.40270436697103 85.56700000000001
9.425096193225055 85.8097
9.447488380180165 86.1406
9.469863475295412 86.20200000000001
9.492256385987508 86.2462
9.514632206018318 86.6799
9.537025843935714 87.3158
9.559402392368193 88.3159
9.581796761000229 90.2353
9.604191496441521 91.0041
9.626569144158516 93.4673
9.648964615551032 96.0329
9.671343000390081 96.6054
9.693739211225699 95.8819
9.716135793237463 95.0019
9.738515290448102 95.5965
9.760912617143402 96.7297
9.783292860202891 98.1699
9.805690935076182 99.6672
9.828089385495742 100.348
9.850470754023561 102.72200000000001
9.872869957865444 107.887
9.89525208097539 116.94200000000001
9.917652041736662 125.685
9.940052382417589 135.428
9.962435644102392 166.77700000000002
9.984836746950979 221.896
10.007220771957746 297.019
10.029622640473708 411.963
10.052007432299963 604.013
10.074410069984072 893.2389999999999
10.096813093716005 1290.24
10.119199042482517 1721.58
10.141602840636468 1916.99
10.163989564971628 1609.35
10.186394141051062 921.47
10.208799107559706 397.6
10.231187001965623 190.445
10.253592751657669 129.546
10.275981430388155 115.522
10.298387966769793 113.12299999999999
10.320794897965431 113.53
10.343184759907361 112.331
10.36559248305461 108.821
10.387983138083852 108.523
10.410391656691655 116.98700000000001
10.432800574501677 132.429
10.455192425893369 151.264
10.47760214443012 179.80700000000002
10.499994797678786 224.865
10.522405320453982 303.284
10.54479877906917 404.024
10.567210109595656 505.532
10.5896218454736 567.331
10.612016518879773 492.341
10.634429067781074 348.44300000000004
10.656824555333241 200.27200000000002
10.679237920773568 124.87299999999999
10.701651695961992 97.4391
10.724048411481384 90.8032
10.746463008485165 88.2375
10.768860546937125 86.8457
10.791275969274796 84.7472
10.81369180576079 83.6144
10.836090585366925 82.6219
10.858507252467449 81.3068
10.88090686379991 80.2788
10.903324365036394 79.7098
10.925724811614439 78.9637
10.948143150509463 79.5654
10.970561909719066 78.875
10.992963615930844 77.6445
11.015383218085756 75.9151
11.037785768347074 74.6941
11.06020621697282 74.0294
11.082627090322113 73.2249
11.105030913430326 72.8114
11.12745263854165 72.8146
11.149857314510728 74.4387
11.172279894912576 77.1694
11.194702904450653 76.9967
11.217108866490921 74.6122
11.239532736615194 72.374
11.26193956033512 71.097
11.284364294577085 70.0078
11.306789462371718 68.7771
11.329197585398376 68.0847
11.351623622610898 68.1952
11.37403261614354 67.0186
11.396459526308487 67.1198
11.418869393879497 66.9287
11.441297180532617 66.327
11.463725406927658 66.0199
11.486136592353875 65.7983
11.508565700543707 65.7443
11.530977768845315 66.8099
11.553407762368774 67.0262
11.575838200059769 66.6002
11.598251599479612 65.5831
11.620682927815501 64.8317
11.64309721895548 64.5918
11.665529441478206 64.1024
11.687962112597958 63.9123
11.710377748130886 63.8956
11.732811318753434 63.8264
11.755227854859067 63.6025
11.777662328529495 63.8582
11.800079768750786 64.0131
11.822515149015453 63.706
11.844950984084935 63.8047
11.867369787303163 63.2873
11.889806534289491 63.4367
11.912226250487029 63.8193
11.934663912939751 63.8905
11.9571020346363 64.3152
11.979523127133968 64.623
12.001962169624331 66.0453
12.024384183972964 68.1582
12.046824150809913 72.5561
12.069264581333726 78.2595
12.091687985297767 84.2651
12.11412934550045 94.6419
12.136553680195208 109.78
12.158995973632788 131.429
12.181438735204349 156.76
12.20386447284199 184.618
12.226308172985636 201.489
12.24873485024193 203.22099999999998
12.271179492516982 169.65200000000002
12.293607112949127 123.921
12.316052700916226 91.4428
12.338498763250042 76.0198
12.360927805303868 69.13
12.383374818673879 66.5279
12.405804812803074 65.2394
12.428252780773262 65.3025
12.45070122756722 65.1493
12.473132656675375 65.2677
12.49558206341869 65.7451
12.518014453510101 65.6208
12.540464823770117 65.719
12.562915677315177 65.8703
12.58534951575545 66.5101
12.607801338171472 67.18
12.630236146511358 70.1172
12.652688941369085 72.5434
12.675124723177234 73.2257
12.697578494048786 71.7826
12.720032754458185 69.5682
12.742470003354093 69.1166
12.764925245138771 69.2221
12.787363476431278 69.2652
12.809819703166806 69.7528
12.83227642391173 70.4405
12.854716135692716 70.6096
12.877173846755147 72.0149
12.899614549869717 72.5144
12.9220732548287 73.6432
12.94453245827299 74.2202
12.966974655289818 75.0761
12.989434858002571 75.91
13.011878055298721 76.425
13.034339260862497 77.889
13.056800969391883 79.375
13.079245674017244 82.2991
13.101708390774869 87.16
13.12415410463411 97.8608
13.146617833206086 110.068
13.169064559883248 122.795
13.191529303857127 138.732
13.213994557076367 163.334
13.236442809902437 200.69400000000002
13.258909083908291 252.675
13.28135835851934 307.02299999999997
13.30382565690295 369.916
13.326293469022952 417.03
13.348744283242008 419.944
13.371213125129904 354.281
13.39366497011003 258.814
13.416134845360597 169.18
13.438605238843131 124.046
13.46105863690397 111.82799999999999
13.483530069144786 114.06
13.505984506951902 119.94200000000001
13.528456981549432 131.239
13.550929978879088 147.215
13.573385983253365 171.94
13.595860028340867 208.96200000000002
13.618317081455832 255.37900000000002
13.64079217790333 300.883
13.663250283359057 340.24800000000005
13.685726434770173 368.665
13.708203115221277 338.041
13.730662806148091 265.616
13.75314054697177 186.18900000000002
13.775601299246777 127.56299999999999
13.798080104050406 97.5119
13.820559442405358 86.6694
13.843021793671388 82.9097
13.865502201420897 81.5316
13.887965623051947 80.9556
13.910447103807167 79.9323
13.932929122629764 78.4377
13.955394156785959 78.2881
13.977877254034569 77.189
14.000343367582113 76.5247
14.022827546871707 76.0837
14.045294743423524 75.0179
14.06778000837062 74.2088
14.090265817715476 73.9071
14.112734645763819 73.4671
14.13522154619454 73.2575
14.157691466286913 73.3101
14.180179461423874 73.0072
14.202668005486178 72.5629
14.22513957064374 72.3068
14.247629214846473 71.8698
14.270101881097517 71.4343
14.29259262906496 71.3761
14.315083930490205 71.7643
14.337558255389705 71.9644
14.360050666019726 71.5665
14.382526101071944 70.9795
14.405019624534942 70.5377
14.427513705993134 70.1973
14.449990813291825 70.0572
14.47248601302899 70.0521
14.49496423954951 70.2737
14.517460561197822 70.1814
14.539939910570322 69.8923
14.562437357763558 70.1282
14.58493536931253 70.9035
14.607416409993311 71.3309
14.62991555254159 72.1629
14.652397725157423 72.1374
14.674898002342799 72.2892
14.697398848433282 72.3796
14.719882725991326 73.7539
14.74238471217934 76.2209
14.764869730765593 80.4539
14.787372860692983 84.0816
14.809876564079925 89.0589
14.83236330125751 95.5189
14.854868153850365 105.2
14.877356041159485 118.851
14.899862046604186 136.569
14.922351087688757 158.239
14.944858249632887 182.6
14.967365991421232 203.449
14.989856770231246 216.639
15.012365673994204 214.627
15.03485761569738 185.87400000000002
15.05736768508665 146.613
15.07987833888692 113.69200000000001
15.102372032001655 90.4263
15.124883856909658 77.7315
15.14737872204565 73.4402
15.169891721717274 71.7183
15.192405310371893 71.2327
15.214901940621196 71.3341
15.237416709527137 71.2797
15.259914520936249 71.2012
15.282430473753607 70.232
15.304947020131227 69.521
15.327446610371178 68.9804
15.349964346154254 68.2634
15.372465126703139 67.9844
15.394984055556009 67.7502
15.417486030076159 67.5968
15.44000615566487 67.4917
15.462526881230803 67.3871
15.485030653812652 67.3416
15.507552581617434 67.05199999999999
15.530057557334603 67.173
15.55258069104857 67.3799
15.575104429329837 67.5728
15.597611216864632 67.5018
15.620136166564563 68.2989
15.6426441664095 70.3301
15.665170331202765 73.4312
15.687697105158826 76.7605
15.710206930593545 80.3479
15.732734925158933 85.1443
15.755245972089478 91.83
15.77777519094324 101.354
15.800287463046663 114.23299999999999
15.822817909869592 131.336
15.84534897229804 148.683
15.867863089299354 168.61900000000003
15.890395385222186 182.737
15.912910736597423 190.43900000000002
15.935444269699861 179.757
15.957978423016485 153.944
15.980495633101265 121.834
16.003031029129367 95.0114
16.02554948280019 76.5703
16.048086125229432 68.1184
16.070623392487107 65.3815
16.09314371869582 64.3291
16.11568223789321 63.3044
16.13820381691126 62.5038
16.160743591742527 61.9942
16.183283996022084 61.4132
16.205807461423195 60.4786
16.228349126881973 59.7829
16.25087385432698 59.748000000000005
16.27341678466365 59.1451
16.29594277784926 58.9886
16.31848697676433 59.0357
16.341031811604868 58.8116
16.36355971058487 59.1928
16.3861058195587 58.9178
16.40863499352978 58.07899999999999
16.431182380342005 57.3712
16.453730407713202 57.0251
16.476261501364792 56.6893
16.498810812136167 56.4394
16.52134319004079 56.5556
16.54389378792203 56.452
16.566445031001553 56.2203
16.588979342490088 56.1186
16.61153187824822 56.0811
16.634067483263312 55.9251
16.656621315414416 55.7141
16.679175797408888 55.4533
16.701713349928728 55.6117
16.72426913389191 55.7591
16.74680798922351 55.6057
16.76936507887444 55.8704
16.791905240734874 55.8269
16.814463639794468 55.7314
16.837022695210294 55.8693
16.859564824093756 56.0862
16.882125194503903 56.3271
16.904668639217885 56.8378
16.927230328348003 56.6051
16.949792678493612 56.9928
16.972338104193863 56.8013
16.994901778652235 56.4651
17.017448529496576 56.7471
17.040013531998152 57.2337
17.06257920018044 57.8991
17.0851279459922 58.5473
17.107694947817667 59.6959
17.130245028099072 60.5355
17.15281336730298 62.0187
17.17536478578733 63.5963
17.19793446610687 66.0809
17.220504818648422 68.8916
17.243058251703697 71.6277
17.265629950971032 75.4379
17.288184731571736 78.6564
17.310757781306908 82.7406
17.33333150794385 83.635
17.355888317140174 82.40799999999999
17.37846339986244 77.7482
17.401021565958885 71.7172
17.42359800851343 66.4572
17.44617513265564 63.0382
17.468735341390783 61.1193
17.491261035594565 60.1563
17.51396340099364 60.0033
17.536490463869136 60.118
17.559018209820174 60.163000000000004
17.58154663977963 60.2663
17.604251766089718 60.4793
17.626781572227713 60.6001
17.64931206518155 60.8767
17.671843245885103 61.2461
17.69455114821572 61.4669
17.717083712612634 61.8841
17.739616967569667 61.9376
17.762150914021706 62.575
17.78486160749854 62.7917
17.807396945166804 63.7908
17.829932977143503 65.3479
17.85246970436452 67.3691
17.875183204129467 69.165
17.897721330097664 71.2776
17.920260154126645 74.0603
17.942799677153296 77.3242
17.9655159983646 81.3342
17.988056927677544 87.1521
18.010598558807683 94.4814
18.033140892692916 102.93799999999999
18.05586005052525 112.15799999999999
18.07840379824407 122.37299999999999
18.10094825154059 132.696
18.12366954819864 139.975
18.146215420998306 140.312
18.16876200220057 132.895
18.191309292745153 119.221
18.214033452627167 105.678
18.236582170236648 93.8948
18.259131600016456 88.9296
18.281681742907335 88.814
18.304408781233683 92.3672
18.32696035875955 96.42299999999999
18.349512652227624 100.446
18.372065662579683 105.12200000000001
18.394795594587553 106.527
18.41735004715306 103.338
18.43990521943684 97.0858
18.46246111238171 87.5561
18.485193953325208 78.0368
18.507751296070428 70.8891
18.530309362314178 66.5936
18.552868153000343 64.4634
18.57560391815056 63.1037
18.59816416623245 62.5707
18.620725141597372 62.1209
18.643286845190268 61.76
18.666025549835414 61.1506
18.688588718427933 60.7131
18.711152618092243 60.7823
18.73389353884365 60.4588
18.75645890921984 59.9918
18.77902501351406 59.8018
18.801591852673102 59.7789
18.824335739722738 59.2094
18.846904057212626 58.9418
18.8694731124168 58.6713
18.89204290628315 58.662
18.914789774966803 58.5398
18.937361054791623 58.2662
18.959933076131318 57.8716
18.982505839934877 57.9385
19.00525570560582 58.0482
19.027829963004184 57.791000000000004
19.05040496572238 57.9898
19.072980714710468 58.2038
19.095733592739563 58.4519
19.11831084296757 58.8407
19.140888842324735 59.0933
19.16346759176222 59.4419
19.18622349753803 59.9115
19.208803755869358 60.9905
19.231384767143577 62.3258
19.253966532312948 63.9846
19.276725481241822 65.8431
19.29930876296784 67.9494
19.3218928014549 70.3533
19.34465404436217 72.8307
19.36723960516257 75.3935
19.389825925592426 76.4794
19.412413006605938 76.0982
19.43517731967805 72.8258
19.457765930683355 68.556
19.48035530514408 63.8864
19.50294544401556 59.93899999999999
19.525712842708348 57.4029
19.54830451925909 56.0642
19.570896963095727 55.1737
19.593490175174704 54.7462
19.616260674962184 54.7257
19.638855432416964 54.522
19.661450960992624 54.7132
19.68404726164677 54.4338
19.706820878021247 54.3432
19.729418731756834 54.5564
19.752017360452857 54.3655
19.77461676506804 54.6038
19.797393513540218 54.7592
19.819994478951667 55.1448
19.84259622316767 55.6445
19.8651987471481 56.0172
19.887978643247177 56.2966
19.91058273574792 56.9097
19.933187610901943 57.5575
19.955969879466828 58.9134
19.97857632894404 60.3045
20.00118356396599 61.8652
20.023791585494575 63.8001
20.046577028914875 66.2996
20.069186632506966 68.0657
20.091797025500632 69.8855
20.114408208858933 70.6323
20.137196842715273 70.6213
20.159809615886765 69.2371
20.18242318232135 66.6447
20.20503754298326 64.6089
20.227829382875154 63.4969
20.250445341109344 62.8796
20.27306209647285 63.3495
20.29567964993108 64.5962
20.31847471147704 65.2643
20.34109387027612 66.2216
20.363713830075454 66.1863
20.386334591841646 64.6896
20.409132890679302 61.9994
20.431755265564437 58.7289
20.454378445325528 56.1046
20.477002430930366 54.1224
20.499803982716553 52.8482
20.522429589228004 52.0839
20.54505600449589 51.6829
20.567683229489194 51.5955
20.590488049900088 51.2703
20.61311690359731 51.0479
20.63574656993626 50.6899
20.658553853717297 50.3794
20.681185154618298 50.4485
20.703817271080066 50.2808
20.72645020407368 50.036
20.749260783967177 49.7656
20.771895359337133 49.8529
20.794530754161617 49.7841
20.817166969412938 49.6475
20.83998086114876 49.5048
20.86261872660049 49.4886
20.885257415405402 49.5787
20.90789692853701 49.6019
20.930714147864748 49.5462
20.953355319030678 49.5338
20.97599731745334 49.6051
20.99864014410749 49.4944
21.021460706796564 49.63399999999999
21.044105199328826 49.7798
21.06675052302631 49.9642
21.089396678865015 50.1963
21.112220600704806 50.5219
21.134868430275347 50.9544
21.15751709492456 51.0175
21.180166595629693 51.2556
21.202993892429635 51.4482
21.22564507473034 51.8099
21.24829709602816 52.2535
21.27112693608965 52.3381
21.293780644891275 52.2878
21.316435195634053 51.5173
21.339090589297417 50.891000000000005
21.361923832041875 50.3858
21.384580921090404 49.7035
21.407238856007325 49.3503
21.429897637773326 49.3434
21.45273429906592 49.3627
21.475394784108598 49.1278
21.498056118951983 49.2987
21.520718304578022 49.7047
21.543558400304388 49.7852
21.566222297108816 50.0258
21.58888704765135 50.1462
21.61155265291521 50.3955
21.63439619898156 50.763000000000005
21.657063523335786 51.0884
21.67973170537063 51.5056
21.7024007460706 52.1597
21.72524775840385 52.8977
21.747918526116475 54.042
21.770590155457388 55.2571
21.79326264741238 56.7682
21.816113141960237 58.3944
21.838787368860547 59.8956
21.861462461341976 61.6657
21.884315579735777 63.3465
21.90699241312273 64.5652
21.92967011506078 65.226
21.95234868653799 65.1279
21.9752053151131 63.8068
21.997885635446785 61.9701
22.020566828293532 60.0458
22.04324889464272 58.3116
22.066109049404666 57.0316
22.088792872571794 56.4509
22.111477572219204 56.5201
22.1341631493376 56.79
22.157026846313123 56.6467
22.179714188221507 56.038999999999994
22.202402410582668 55.006
22.22509151438863 53.4335
22.24795876962584 52.2373
22.270649646204486 51.3482
22.293341407213727 50.6018
22.316034053646906 50.138000000000005
22.338904883215342 49.8412
22.36159931041458 49.6115
22.38429462602756 49.6417
22.40699083104897 49.4499
22.429865251039757 49.4453
22.452563244831367 49.4503
22.47526213102522 49.5721
22.49813925616515 49.4029
22.520839937143307 49.4243
22.543541513520587 49.4513
22.56624398629403 49.2832
22.589124730075895 49.3506
22.611829005656723 49.666000000000004
22.63453418063466 49.7361
22.657240256008077 49.83
22.680124634582935 50.0239
22.70283252079775 50.2554
22.725541310413075 50.5314
22.74825100442868 50.8287
22.771139033969575 51.3664
22.79385054687155 51.6203
22.81656296718292 52.2915
22.83927629590484 53.0385
22.862167992606945 53.8608
22.88488314827121 54.9367
22.907599215359284 55.7428
22.93031619487366 56.6897
22.953211574954405 57.4392
22.975930389478226 58.3463
22.998650119445763 58.7165
23.02137076586092 57.8583
23.044269845560063 56.7852
23.06699233506288 55.1146
23.089715744034912 53.2694
23.112617610931565 51.8599
23.135342869061212 50.5108
23.158069049684816 49.8664
23.1807961538087 49.5188
23.20370174880544 49.466
23.226430710184808 49.74
23.249160598093425 49.8544
23.271891413539002 49.9394
23.294800752937697 49.7944
23.31753343374794 50.1025
23.340267045128353 50.2393
23.36300158808808 50.5366
23.38591468821339 50.8182
23.408651104658304 51.4654
23.431388455719986 52.1793
23.454126742409 52.6993
23.4770436196085 53.6259
23.499783787914662 54.7921
23.522524894889884 55.5064
23.54526694154616 56.3506
23.56818761219047 57.3476
23.59093154860734 57.9469
23.613676427751283 58.113
23.636422250635754 57.6422
23.659346731118656 56.1941
23.68209445191868 54.4052
23.704843119509587 52.1783
23.72759273490623 50.2648
23.750521041644767 48.7833
23.77327256312355 47.8137
23.796025035462787 47.2724
23.818956224555475 46.7842
23.841710609113413 46.8264
23.86446594758979 46.3941
23.887222241002014 46.2169
23.910157285144578 45.8946
23.932915498962537 46.0066
23.955674670778713 45.7669
23.978434801611975 45.5605
24.001373717286125 45.4355
24.024135776723917 45.3272
24.046898798245582 45.1286
24.06966278287146 45.222
24.092605586582614 44.8706
24.115371508023642 44.7915
24.1381383956401 44.701
24.16090625045381 44.6835
24.183852958731244 44.6031
24.206622758582608 44.3676
24.229393528706886 44.2585
24.252165270127392 44.3303
24.27511589952438 44.2397
24.297889594216997 44.2042
24.32066426328598 43.9151
24.34343990775613 44.0118
24.36639447485003 43.983999999999995
24.38917208083877 43.8052
24.41195066531332 43.7851
24.43490819850244 43.8033
24.457688750692377 43.6885
24.48047028445616 43.675
24.503252800821233 43.8479
24.526214300784112 43.7576
24.548998793132213 43.7003
24.57178427117417 43.6562
24.59457073593893 43.653
24.617536219319863 43.631
24.64032466834748 43.7111
24.663114107195035 43.3865
24.685904536893013 43.1315
24.708874020360852 43.1537
24.731666442613744 43.2954
24.754459858818787 43.0948
24.777254270007962 43.0402
24.80022777025625 42.9677
24.82302418230472 42.9877
24.845821592443674 43.0117
24.86862000170663 43.0615
24.891597535453727 42.7512
24.914397953892728 43.0473
24.93719937456671 42.9374
24.96000179851076 43.1439
24.98298338249997 43.4395
25.00578782394922 43.6644
25.028593271784167 43.6068
25.05157790644186 43.9974
25.07438537804115 44.0868
25.097193859145293 44.1637
25.120003350792075 44.4227
25.142992065061257 44.8597
25.165803588823465 45.095
25.18861612625217 45.43
25.211429678386736 45.7116
25.234422489079968 45.4822
25.257238081693636 45.3186
25.280054692141732 45.417
25.3028723214652 45.2835
25.325869245420463 45.5327
25.348688923599397 45.5547
25.371509623787006 45.5228
25.394331347025812 45.1737
25.41733240110666 44.7113
25.440156181590016 44.0973
25.46298098826268 43.5112
25.48580682216873 43.013000000000005
25.50881202326435 42.4091
25.53163992281684 42.0501
25.55446885274561 41.8259
25.577298814096377 41.4713
25.600308179121807 41.3913
25.623140214533745 41.4471
25.64597328451537 41.3177
25.66898578564376 41.3344
25.691820936010206 41.2218
25.714657124097695 41.181999999999995
25.737494350954734 41.2494
25.760511045684957 41.1333
25.783350361364224 41.2458
25.806190718969255 41.2292
25.82903211955018 41.3209
25.852053024868923 41.3029
25.874896522722523 41.3603
25.897741066713106 41.3077
25.920586657892454 41.3717
25.943611790812668 41.5367
25.966459487728237 41.6604
25.989308234998564 41.6364
26.01215803367705 41.8977
26.03518741123814 42.0926
26.05803932412957 42.1529
26.080892291600094 42.0993
26.10374631470478 42.3284
26.12677995397268 42.3724
26.14963609978026 42.2665
26.172493304397875 42.0426
26.19535156888223 41.7656
26.218389486949604 41.4645
26.241249882640123 41.1835
26.26411134137826 41.0703
26.28715248187403 40.9297
26.31001607820869 40.7011
26.3328807407756 40.6676
26.35574647063438 40.8403
26.37879191991473 40.8303
26.401659795896734 40.9989
26.424528742360263 40.9977
26.447398760366614 41.1072
26.470448535598294 41.2451
26.49332070826805 41.4937
26.516193955675355 41.6943
26.53906827888316 41.8103
26.562122397260108 42.0161
26.584998883685063 42.4102
26.607876449110325 42.6821
26.63075509460056 42.5933
26.65381357334404 42.7174
26.67669439061878 42.7805
26.699576291163382 42.5974
26.722459276044212 42.5382
26.745522132402975 42.2409
26.768407297649354 41.9545
26.791293550442003 41.6481
26.814180891848974 41.4029
26.837248143099337 41.1617
26.860137673466657 40.9435
26.88302829566349 40.6954
26.90592001075963 40.6306
26.92899167420566 40.4408
26.951885586870763 40.0304
26.974780595655517 39.9051
26.99785558178161 39.8674
27.020752794605112 39.569
27.043651106772522 39.5417
27.06655051935668 39.5166
27.089629948036183 39.4437
27.112531573292053 39.2373
27.135434302194138 39.3087
27.158338135817015 39.1802
27.181422024430987 39.2672
27.204328079372566 39.1652
27.22723524226965 39.2575
27.250143514198573 39.1884
27.273231880156334 39.1049
27.296142382065014 39.0666
27.319053996245536 38.984
27.341966723775965 38.9802
27.365059584515222 39.0948
27.38797455070062 39.1866
27.410890633481237 39.0261
27.433807833936918 39.0574
27.456905206923906 39.1121
27.47982465472398 39.1524
27.502745223449743 39.21
27.525666914182825 39.2292
27.548768816912457 39.2215
27.571692763693633 39.0938
27.59461783573812 39.0544
27.617723149491244 38.8884
27.640650484125285 38.6852
27.66357894728264 38.774
27.686508540048052 38.6539
27.709618414237887 38.6011
27.732550278321757 38.4443
27.755483275279115 38.4213
27.778417406196485 38.4708
27.801531858397514 38.4547
27.824468269376716 38.4227
27.847405817586786 38.4918
27.870344504116094 38.6438
27.893463551932008 38.7009
27.916404527281053 39.0699
27.93934664422563 39.071999999999996
27.962289903855886 38.9411
27.98541356491974 39.3031
28.00835912214229 39.2759
28.03130582533231 39.6799
28.054253675581805 39.668
28.077381967556104 39.5738
28.100332124185126 39.4818
28.123283431160893 39.5711
28.146235889577238 39.3839
28.169368830154156 39.0588
28.192323603752033 39.018
28.215279532083304 38.699
28.238415973016764 38.5132
28.261374223145094 38.3482
28.284333631303806 38.2809
28.307294198589954 37.9931
28.330435319167677 37.6879
28.353398217078915 37.4164
28.376362277420153 37.2154
28.39932750129032 37.0611
28.422473319286713 37.0412
28.44544088262495 37.0461
28.468409612800283 36.9021
28.491379510913497 36.5157
28.51453004413313 36.5237
28.53750229057244 36.4562
28.56047570826344 36.4307
28.583450298308804 36.4889
28.606605564586562 36.229
28.629582511831156 36.1524
28.65256063474956 36.2038
28.675539934446338 36.3164
28.698699951647605 36.2143
28.72168161743193 36.0376
28.74466446331978 36.0385
28.767648490417624 36.0429
28.790813276438353 36.0437
28.813799678527303 36.1119
28.836787265157085 35.9856
28.859955641890075 36.0857
28.882945610203045 36.0806
28.905936766392035 35.9873
28.928929111566863 35.8536
28.952102288520145 35.8227
28.975097024308607 35.7656
28.998092952423807 35.5739
29.021090073977508 35.5782
29.04426806913204 35.4455
29.067267590245258 35.2063
29.090268308143695 35.1959
29.11327022394099 35.0628
29.13645305530891 34.9815
29.159457379627167 35.0102
29.18246290519685 34.902
29.20546963313352 34.9074
29.22865731875826 34.9277
29.25166646419296 34.8958
29.27467681535305 34.8058
29.29768837335608 34.8498
29.320880931312562 34.8755
29.34389491580634 34.8249
29.366910110507334 34.7215
29.38992651653503 34.7032
29.41312396492981 34.6725
29.436142806456754 34.6365
29.45916286268059 34.5237
29.48236399319994 34.4621
29.50538649169417 34.3431
29.528410208259935 34.2624
29.55143514402014 34.0544
29.574641196749695 33.8684
29.597668583816574 33.7515
29.6206971934585 33.7253
29.64372702680042 33.6881
29.666938019934474 33.6017
29.689970313635285 33.4829
29.713003834422636 33.4624
29.73603858342347 33.5553
29.759254535188578 33.3916
29.78229175361658 33.2934
29.80533020365064 33.3918
29.82836988641968 33.3035
29.85159081507472 33.3315
29.874632976355343 33.275
29.89767637376955 33.3145
29.920721008448314 33.1575
29.9439469322847 33.1993
29.96699405457564 33.08
29.9900424175358 33.0973
30.013092022298157 33.0838
30.03632295963995 32.9703
30.059375061131373 32.9789
30.08242840783577 32.9752
30.105483000888153 33.0428
30.128718970092244 32.8372
30.151776069006917 32.9078
30.17483441768648 33.0481
30.198074175317235 32.9327
30.221135036724256 32.9366
30.24419715131772 32.8065
30.267260520236203 32.814
30.290505341942243 32.8437
30.313571232750228 32.8701
30.336638381310948 32.758
30.35970678876503 32.7949
30.38295669299435 32.722
30.40602763151657 32.7876
30.429099832366074 32.635
30.452173296685572 32.6065
30.47542830191959 32.6142
30.498504306502497 32.571999999999996
30.521581577995562 32.6951
30.544660117543582 32.7397
30.56792024229725 32.649
30.59100133132069 32.7114
30.614083691845494 32.5791
30.637167325018545 32.6992
30.660432587840603 32.8198
30.683518779717886 32.6289
30.70660624769615 32.7204
30.729694992924372 32.6849
30.75296541239743 32.6607
30.77605672557558 32.7234
30.799149319462742 32.561
30.8224236211637 32.5641
30.845518789950724 32.3949
30.868615242910597 32.3499
30.891712981195973 32.1829
30.91499247215866 32.0957
30.938092794619365 32.0531
30.96119440587579 31.935
30.984297307082752 31.7891
31.00758200598383 31.7462
31.030687500658694 31.695
31.053794288760695 31.6285
31.076902371446767 31.6074
31.100192296997445 31.5357
31.12330298246119 31.5439
31.14641496599209 31.4566
31.169528248749216 31.5083
31.19282341969534 31.4641
31.215939314557186 31.4342
31.239056512134788 31.5087
31.262175013589378 31.4422
31.28547544871168 31.3076
31.30859657161541 31.1889
31.331719001892175 31.2014
31.35484274070538 31.3697
31.378148458819545 31.3914
31.401274828443725 31.3454
31.424402510106933 31.3658
31.447712205419993 31.4311
31.470842524931633 31.2574
31.493974159989783 31.3461
31.51710711176168 31.3187
31.54042212308802 31.3112
31.563557722100917 31.2192
31.586694641341655 31.0523
31.609832881979628 31.0082
31.63315322823208 30.9678
31.656294125521327 30.8823
31.679436347728515 30.7127
31.70257989602529 30.6661
31.725905596152327 30.646
31.74905181052835 30.6491
31.772199354521323 30.6514
31.79534822930507 30.6529
31.818679302290967 30.5852
31.84183085259981 30.6393
31.864983737233473 30.6057
31.88813795736804 30.5921
31.911474422233013 30.4785
31.934631327356435 30.6442
31.9577895715215 30.5745
31.980949155906522 30.5288
32.004291031706956 30.4504
32.027453310562606 30.3363
32.05061693318573 30.2547
32.07396288236386 30.2949
32.09712920658542 30.1857
32.12029687812702 30.0778
32.14346589817093 30.0492
32.166817291729984 30.0471
32.18998902288583 30.0052
32.21316210610336 29.8032
32.23633654256711 29.679000000000002
32.259693399663725 29.6307
32.282870556771144 29.5782
32.30604907069099 29.6633
32.329228942610065 29.6116
32.35259128243769 29.4263
32.375773884550505 29.4068
32.398957848235646 29.4117
32.422143174682176 29.3704
32.445511016471215 29.3049
32.468699082679954 29.2924
32.49188851523011 29.151
32.51507931531304 29.0603
32.538452678331 29.0987
32.56164622776311 29.0517
32.58484114831493 28.9406
32.60803744118015 29.0685
32.631416344731896 28.9723
32.654615396551876 28.8606
32.67781582427913 28.8779
32.701198898634416 28.7716
32.72440209253756 28.6681
32.747606665947124 28.7993
32.77081262006088 28.6792
32.79420126883317 28.566999999999997
32.81740999876112 28.570999999999998
32.840620112999424 28.6006
32.86383161274818 28.3924
32.88722585534586 28.4717
32.91044014056596 28.5854
32.933655814909734 28.4526
32.95687287957963 28.3806
32.98027273544904 28.2469
33.00349259526636 28.3021
33.026713849030116 28.3361
33.04993649794511 28.3939
33.073341986570746 28.2368
33.09656744032826 28.3315
33.11979429286444 28.2451
33.14302254538647 28.2302
33.166433686291185 28.2068
33.18966475336992 28.1518
33.212897224069096 27.9943
33.23613109959831 28.0075
33.259547912343415 28.0128
33.2827846121627 27.9415
33.306022720453775 27.8513
33.32926223842861 27.8044
33.352684742614166 27.7955
33.37592709463173 27.8856
33.399170859982064 27.7601
33.422597648419426 27.6483
33.44584425514446 27.5034
33.46909227885668 27.4474
33.4923417207723 27.4665
33.51577423505344 27.4958
33.539026528130385 27.3081
33.56228024307245 27.2593
33.585535381098246 27.1802
33.60897364093058 27.1406
33.63223163992385 27.138
33.6554910656699 27.1507
33.678751919389796 27.1121
33.702195944520106 26.945
33.72545966903325 27.0121
33.74872482519663 26.9198
33.771991414233746 26.8995
33.79544122444841 26.9106
33.81871069412428 26.7628
33.84198160035767 26.7728
33.86525394437455 26.8513
33.88870955949969 26.7534
33.911984794020626 26.739
33.93526147001624 26.6741
33.958539588715006 26.6503
33.98200102861669 26.5782
34.0052820477047 26.4763
34.02856451319451 26.4163
34.05203033759056 26.3973
34.07531571090147 26.3504
34.09860253431845 26.3214
34.121890809074316 26.3226
34.145362493118924 26.3058
34.16865368561615 26.2269
34.191946333164054 26.1653
34.21524043699793 26.1115
34.23871800066799 26.1567
34.26201503218366 26.0055
34.28531352370466 25.9988
34.30861347646881 26.0366
34.33209693978188 25.8968
34.3553998301885 25.9399
34.378704185565205 25.7894
34.402010007152356 25.7834
34.42549939016683 25.8195
34.44880815937748 25.7161
34.472118398533134 25.6991
34.49543010887669 25.6891
34.51892543169198 25.5393
34.54224009966052 25.5424
34.56555624255917 25.5957
34.58887386163339 25.5077
34.61237514439016 25.4284
34.6356957311114 25.4063
34.65901779775809 25.3856
34.68252356662995 25.2487
34.705848608458616 25.2452
34.72917513396849 25.1507
34.75250314440949 25.1302
34.77601490857862 25.1492
34.799345904259795 25.1282
34.82267838863559 25.1285
34.846012362958525 25.0482
34.869530142679984 25.0766
34.89286711232212 24.9864
34.91620557568269 24.9539
34.93954553401677 24.884
34.9630693495876 24.8476
34.986412313340814 24.9102
35.00975677584668 24.9297
35.033102738362956 24.7492
35.05663261012228 24.8186
35.0799815881786 24.7448
35.10333207003229 24.6281
35.12668405694369 24.6466
35.150220005273056 24.6575
35.17357501786656 24.5768
35.19693153931268 24.601999999999997
35.220289570874385 24.5043
35.24383161619786 24.557
35.267192683604904 24.4855
35.290555264930376 24.4167
35.314101899412165 24.4617
35.33746752422433 24.4115
35.36083466676374 24.399
35.38420332829803 24.4297
35.407756095629054 24.3732
35.43112781085063 24.3877
35.45450104888391 24.2883
35.477875810999194 24.2771
35.50143473172161 24.1893
35.52481255774625 24.2152
35.54819191167777 24.1647
35.57157279478914 24.0811
35.595137889488406 24.124000000000002
35.61852184675279 24.0671
35.641907337029984 24.0147
35.665294361595684 23.9626
35.68886565090076 23.9094
35.7122557598848 23.8875
35.73564740699838 23.8745
35.759040593519934 23.8251
35.78261809810353 23.8043
35.80601437933051 23.7757
35.829412203814705 23.6978
35.85281157283719 23.6666
35.876395313415884 23.5882
35.8997977874528 23.5065
35.92320180988546 23.4867
35.946790244133936 23.4978
35.97019737933222 23.5069
35.993606066789866 23.4032
36.01701630779276 23.4592
36.04061101440684 23.3961
36.06402437852291 23.3138
36.08743930005611 23.3599
36.1108557802951 23.2549
36.13445678011326 23.2852
36.15787639383515 23.1771
36.18129757014299 23.1504
36.20472031032821 23.1271
36.22832762423364 23.0966
36.25175350829375 23.0646
36.275180960119776 22.9638
36.298609981005924 23.0429
36.32222362992669 22.9969
36.34565580510207 22.9393
36.36908955323448 22.8075
36.39252487562093 22.825
36.416144880530226 22.8163
36.43958336764275 22.7695
36.463023432914625 22.7384
36.486465077645676 22.6458
36.51009145956204 22.7485
36.53353627947859 22.7124
36.55698268276811 22.6679
36.58043067073321 22.6176
36.60406345072071 22.531999999999996
36.62751462435344 22.5355
36.65096738658405 22.555
36.67460498210655 22.496
36.69806093788647 22.4881
36.72151848619297 22.344
36.744977628333636 22.3979
36.76862165890998 22.2901
36.79208400512205 22.3242
36.81554794910557 22.3064
36.83901349217101 22.1736
36.862663978991606 22.1146
36.88613273667352 22.1746
36.90960309738324 22.1421
36.933075062434064 22.0761
36.95673202673572 22.0805
36.98020721697122 22.038
37.003684015502365 21.9094
37.027162423645365 21.9313
37.050825886711465 21.8642
37.07430753063053 21.825
37.09779078812467 21.8061
37.121275660513014 21.8473
37.144945643673694 21.6984
37.16843376245278 21.7291
37.19192350009803 21.6953
37.215414857931435 21.6402
37.239091382563885 21.5948
37.262585997426164 21.561
37.28608223645736 21.579
37.309763684451696 21.4964
37.33326318851098 21.5092
37.356764320726555 21.4826
37.380267082425526 21.418000000000003
37.40395510942588 21.3853
37.42746114683234 21.3612
37.45096881771841 21.3643
37.474478123414166 21.335
37.49817275092816 21.2555
37.52168534303452 21.2162
37.54519957395567 21.1256
37.568715445024665 21.115
37.592416694607714 21.074
37.61593586281424 21.178
37.63945667518264 21.0972
37.66297913304891 21.0644
37.68668702630454 21.0726
37.710212792059274 20.9601
37.733740207334854 20.8804
37.757269273470364 20.864
37.780983832050374 20.8051
37.80451621684926 20.8425
37.82805025654007 20.8114
37.851585952464795 20.7502
37.8753071980695 20.7693
37.89884622345676 20.6923
37.92238690911902 20.6719
37.94611318753442 20.6117
37.969657210779765 20.6101
37.99320289834801 20.6163
38.016750251586465 20.4876
38.04048325513017 20.4729
38.06403395679343 20.4573
38.087586328183946 20.4117
38.11114037065203 20.4371
38.13488012115898 20.3529
38.1584375229181 20.2684
38.181996599821 20.2581
38.205557353221124 20.2951
38.229303872575656 20.2845
38.2528679961576 20.207
38.27643380031219 20.2209
38.30000128639589 20.169
38.32375459653193 20.218
38.34732546371299 20.1289
38.37089801690786 19.9853
38.39447225747609 20.0382
38.418232380377425 20.0036
38.441810012983396 19.9306
38.46538933705673 19.945
38.488970353960084 19.9172
38.51273731166058 19.8418
38.536321731567014 19.837
38.55990784840681 19.7638
38.58367995004091 19.7289
38.60726947812959 19.6797
38.63086070726198 19.6587
38.654453638806274 19.6896
38.678232613930824 19.629
38.70182896773327 19.5424
38.72542702806741 19.587
38.7490267963045 19.5611
38.77281266709232 19.5147
38.79641586862214 19.4696
38.8200207821842 19.4204
38.843627409152944 19.4502
38.86742019782782 19.3951
38.891030269149255 19.3319
38.914642058016156 19.3001
38.938255565806124 19.3442
38.96205529464307 19.2677
38.98567225787121 19.2793
39.00929094417078 19.242
39.03291135492255 19.1837
39.05671804624804 19.1949
39.080341923549106 19.1437
39.103967529460334 19.0757
39.127594865365744 19.0291
39.15140854155791 18.9815
39.17503935514948 18.9565
39.19867190290282 18.9506
39.22249083587951 18.9684
39.24612686969409 18.929000000000002
39.269764641845306 18.8665
39.293404153722804 18.8439
39.317230110864074 18.7994
39.34087311998506 18.7497
39.36451787301696 18.7692
39.388164371352595 18.6856
39.41199737518003 18.6618
39.43564738196752 18.683
39.45929913825317 18.6125
39.48295264543308 18.5748
39.506792718520884 18.5763
39.530449745387216 18.5218
39.55410852735203 18.4997
39.57776906581474 18.5096
39.60161623079 18.51
39.625280300200025 18.4358
39.64894613032202 18.3374
39.67261372255866 18.3958
39.6964680021016 18.3322
39.72013913657293 18.3324
39.74381203738292 18.2504
39.76748670593756 18.2453
39.79134812278169 18.208
39.81502634488497 18.2559
39.83870633896685 18.1909
39.862388106436654 18.148
39.88625668336918 18.1207
39.90994201572829 18.0817
39.933629125719285 18.0079
39.957503091207826 18.0259
39.9811937746168 18.0039
40.00488623990914 17.9161
40.02858048850006 17.9291
40.05246165409549 17.8777
40.076159487492085 17.8581
40.099859108448875 17.8571
40.123560518384345 17.8221
40.1474489070226 17.8207
40.171153913178564 17.7024
40.194860712584955 17.7411
40.2185693066637 17.7726
40.242464941335314 17.6508
40.26617714307655 17.5985
40.289891143772046 17.63
40.3136069448471 17.5997
40.33750984859743 17.5578
40.3612292688043 17.4718
40.3849504936829 17.5058
40.40867352466194 17.5171
40.43258372059144 17.4428
40.45631038219906 17.4613
40.48003885420956 17.3923
40.503769138055105 17.405
40.52768664931955 17.3975
40.55142057531802 17.3179
40.57515631746428 17.2705
40.599079334038514 17.2594
40.62281872700477 17.2396
40.64655994043941 17.2086
40.67030297578061 17.1492
40.69423334835778 17.0889
40.71798004609188 17.1779
40.74172857006355 17.0657
40.76547892171441 17.0384
40.7894166736039 17.0263
40.813170699248566 17.0035
40.83692655691388 16.973
40.86068424804498 17.0409
40.884629402612525 16.9388
40.908390779366385 16.9707
40.932153993938 16.9417
40.95591904777605 16.8682
40.979871628443995 16.8748
41.003640379561936 16.848
41.02741097430883 16.8214
41.05118341413683 16.75
41.075143444384416 16.7426
41.098919593177826 16.7259
41.1226975914255 16.6928
41.14647744058318 16.655
41.170444943946755 16.5866
41.19422851378379 16.609
41.218013938914645 16.4914
41.24198706625173 16.4993
41.26577622087193 16.489
41.289567235177785 16.4829
41.31336011063129 16.474
41.337340752422875 16.4045
41.361137369129835 16.3983
41.38493585138705 16.4055
41.40873620066004 16.3407
41.43272438060107 16.2838
41.45652848292052 16.2695
41.48033445666918 16.2053
41.50414230331616 16.2486
41.528138045159764 16.259
41.551949656675205 16.1544
41.575763145513235 16.1454
41.59957851314666 16.114
41.62358184070442 16.0492
41.64740098505737 16.067999999999998
41.6712220126409 15.9803
41.69504492493139 16.0081
41.71905586207357 15.9586
41.74288256296395 15.968
41.766711153007456 15.9497
41.79054163368412 15.8978
41.814560204340054 15.8662
41.838394485526365 15.8903
41.86223066180303 15.8316
41.88625497706819 15.8014
41.910094962812 15.8397
41.93393684811168 15.7545
41.95778063445365 15.64
41.981812625263366 15.6724
42.00566023303407 15.6566
42.029509746323676 15.6209
42.05336116662236 15.6429
42.077400857069705 15.6344
42.10125611078846 15.5645
42.12511327600405 15.4927
42.14897235421036 15.463
42.173019768448455 15.4759
42.19688269209613 15.425999999999998
42.22074753323349 15.4184
42.24461429335818 15.4173
42.268669455600495 15.3701
42.292540073217886 15.3386
42.31641261433284 15.3012
42.34028708044675 15.2708
42.36435001496739 15.2561
42.38822835065557 15.2902
42.41210861586426 15.1836
42.4359908120986 15.1953
42.46006154323262 15.1421
42.48394762115317 15.0955
42.507835634632315 15.1319
42.531912233047436 15.1273
42.55580413732265 15.064
42.579697981698 15.012
42.60359376768525 15.0695
42.62767820545945 15.0124
42.65157789440821 14.9903
42.67547952952185 14.981
42.699383112316 14.9215
42.72347541395347 14.8554
42.74738291190531 14.8222
42.771292362102166 14.8248
42.795203766063516 14.8168
42.819303956130405 14.782
42.843219287476536 14.7488
42.86713657716324 14.7204
42.89105582671383 14.7264
42.91516392983864 14.7343
42.939087119032166 14.6432
42.963012272677304 14.6684
42.98693939230129 14.5847
43.01105543317513 14.5906
43.034986504731386 14.5507
43.05891954686589 14.4984
43.08285456110972 14.482000000000001
43.10697856448665 14.4644
43.130917542983475 14.4568
43.15485849820081 14.4219
43.17880143167367 14.3421
43.20293342237094 14.3876
43.226880332449 14.2956
43.25082922540554 14.3764
43.27496722682525 14.3037
43.29892010567796 14.2432
43.32287497204102 14.2151
43.34683182745632 14.2099
43.370977859791836 14.2315
43.39493871351105 14.2041
43.41890156092628 14.1492
43.44286640358341 14.1627
43.46702049182749 14.082
43.49098934522816 14.0675
43.51496019852649 14.0611
43.5389330532723 13.9931
43.56309522248204 14.0041
43.58707210044314 14.0131
43.61105098451946 13.9752
43.63503187626491 13.9831
43.659202151562134 13.8926
43.68318707902681 13.84
43.70717401884041 13.872
43.731162972560874 13.8411
43.75534137913236 13.7698
43.779334381108384 13.7685
43.803329401683186 13.794
43.82732644241872 13.7262
43.8515130055166 13.7518
43.87551410707659 13.7046
43.89951723350145 13.6932
43.923709934595614 13.6573
43.94771713129917 13.6104
43.97172635758096 13.6161
43.99573761501002 13.6039
44.0199385169922 13.5918
44.04395385732619 13.557
44.067971233533086 13.5287
44.09199064718605 13.4986
44.11619977548961 13.4561
44.14022328470671 13.4319
44.16424883610785 13.5
44.18827643127035 13.3981
44.21249381139513 13.3677
44.236525514814076 13.3379
44.26055926674478 13.3717
44.28459506876863 13.3331
44.3088207262813 13.2773
44.33286064928722 13.2214
44.35690262714919 13.2159
44.38094666145278 13.2139
44.4051806219871 13.2265
44.42922879003185 13.1597
44.45327901929361 13.0848
44.477331311362136 13.1322
44.501573600619416 13.1226
44.525630039221795 13.044
44.54968854541895 13.0601
44.573937102200176 13.0575
44.5979997645541 12.9826
44.622064499300315 12.978
44.64613130803592 12.9289
44.67038823869318 12.9739
44.69445921643748 12.9246
44.718532272981385 12.9126
44.742607409926194 12.8712
44.76687274034801 12.8192
44.79095205918753 12.7891
44.81503346325094 12.7937
44.839116954143876 12.7696
44.86339071028742 12.7296
44.88747839599524 12.6924
44.91156817336837 12.6817
44.93566004401666 12.6837
44.959942251908146 12.6999
44.984038330325966 12.6912
45.00813650686762 12.6604
45.03223678314731 12.5591
45.05652746888232 12.6122
45.08063196592069 12.5422
45.104738567558705 12.5187
45.128847275414856 12.5416
45.15314646515866 12.4864
45.17725940679741 12.4525
45.20137445952892 12.4812
45.22568004865265 12.4445
45.24979934496396 12.3761
45.27392075725247 12.354000000000001
45.29804428714431 12.3399
45.322358426247604 12.3591
45.346486212804315 12.2626
45.370616121861914 12.2774
45.39474815505086 12.2959
45.41907087049246 12.2104
45.4432071734666 12.2386
45.46734560548283 12.2399
45.49148616817604 12.1766
45.51581748638564 12.1668
45.5399623320197 12.1538
45.56410931325473 12.0989
45.58825843173002 12.1494
45.61259837920865 12.11
45.636751793816 12.0872
45.66090735060093 11.9859
45.68506505120716 11.9832
45.7094136545275 12.0013
45.73357566449271 11.9459
45.75773982322992 11.922
45.78190613238733 11.8851
45.806263418194064 11.8254
45.83043404997326 11.8804
45.85460683713677 11.8691
45.87897065658495 11.8642
45.90314777634752 11.8183
45.92732705646868 11.7735
45.9515084986045 11.7596
45.97588104735473 11.7972
46.00006683541565 11.7515
46.02425479047904 11.7
46.04844491420549 11.6938
46.0728262191024 11.659
46.09702070211635 11.6048
46.12121735879483 11.6205
46.14541619080294 11.6124
46.169806278764455 11.5782
46.194009483459034 11.5703
46.21821486849841 11.5503
46.24242243555223 11.5663
46.266821333570014 11.5087
46.29103328674601 11.4531
46.31524742696538 11.4661
46.33946375590237 11.4634
46.36387149104216 11.4253
46.38809221957392 11.3881
46.41231514186606 11.4004
46.436540259597464 11.3591
46.460956858999374 11.387
46.48518638983522 11.3337
46.509418121166966 11.3186
46.533652054678114 11.2511
46.55807754555709 11.2211
46.58231590571962 11.2191
46.60655647313217 11.1988
46.630988654873654 11.2182
46.655233659129024 11.1929
46.67948087571551 11.18
46.70373030632484 11.1408
46.72817142736393 11.1365
46.752425308428684 11.1259
46.77668140861147 11.0741
46.80093972960865 11.0573
46.82538981736788 10.9944
46.849652602470904 10.9684
46.87391761349769 10.9538
46.8981848521493 10.9965
46.9226439341274 10.905999999999999
46.946915650573224 10.8825
46.97118959976749 10.9001
46.99546578341598 10.8948
47.019933887188216 10.8401
47.04421456235744 10.8109
47.06849747711879 10.8011
47.09278263318286 10.7942
47.11725978640143 10.7752
47.14154944775105 10.765
47.165841355555656 10.7201
47.1901355115306 10.7139
47.214621741924994 10.6828
47.23892041698887 10.6624
47.26322134538975 10.66
47.28771440635075 10.6576
47.31201986422527 10.6271
47.33632758061436 10.5606
47.360637557241866 10.588
47.38513974410611 10.5588
47.40945426407847 10.5071
47.43377104948137 10.5145
47.45809010204344 10.4851
47.48260144275502 10.5029
47.506925052572285 10.5073
47.53125093475548 10.4379
47.55557909103813 10.4134
47.58009961361992 10.3831
47.60443234110732 10.3708
47.62876734791564 10.3811
47.65310463578333 10.327
47.6776343683373 10.3158
47.7019762413987 10.3116
47.72632040075572 10.2707
47.75066684815169 10.2826
47.77520581885936 10.2484
47.799556865477655 10.2683
47.823910205386 10.2443
47.84826584033272 10.1632
47.87281407745551 10.1852
47.89717432569297 10.2094
47.92153687423484 10.1667
47.94609208429692 10.1462
47.97045925671401 10.1254
47.99482873471275 10.0638
48.01920052005013 10.0622
48.04376504619224 10.0422
48.068141469543484 10.0645
48.09252020552573 9.98715
48.11690125590099 9.99276
48.1414751266064 9.93326
48.16586082917454 9.98374
48.19024885144316 9.97542
48.2146391951793 9.94839
48.239222439012764 9.93622
48.26361744916137 9.91966
48.28801478610016 9.85941
48.31241445160131 9.84397
48.337007097209366 9.80942
48.36141144338331 9.83395
48.38581812345755 9.80419
48.41022713920929 9.81027
48.434829215320704 9.76595
48.45924292604658 9.76834
48.48365897780325 9.806989999999999
48.50807737237308 9.71016
48.532688907799276 9.70228
48.55711201168574 9.67543
48.581537463754074 9.67407
48.60615611725119 9.65279
48.63058628942721 9.6585
48.65501881516546 9.62513
48.6794536962573 9.593869999999999
48.70408185970339 9.57169
48.72852147531801 9.52493
48.75296345168211 9.50818
48.77740779059232 9.53231
48.80204549302823 9.519039999999999
48.82649458091802 9.50635
48.85094603676547 9.50187
48.87539986237231 9.43488
48.90004713292306 9.467039999999999
48.92450572200832 9.42165
48.94896668628025 9.410260000000001
48.97343002754588 9.36703
48.99808689542115 9.39887
49.02255501470614 9.3408
49.04702551642794 9.33239
49.0714984023988 9.287230000000001
49.096164896893235 9.3007
49.120642575466796 9.26798
49.145122643748394 9.27277
49.16960510355558 9.22741
49.19428125404938 9.220419999999999
49.2187685210852 9.21668
49.243258185121555 9.19
49.26794160167084 9.18079
49.2924360839405 9.16977
49.31693296869764 9.16624
49.34143225776915 9.13497
49.36612538195438 9.09428
49.39062950396021 9.08752
49.41513603578346 9.048860000000001
49.4396449792564 9.04841
49.46434784069503 9.03739
49.488861631846454 9.03329
49.513377840166804 8.992389999999999
49.537896467493745 8.949589999999999
49.56260909589029 8.926630000000001
49.587132585683285 8.912180000000001
49.611658500018365 8.917580000000001
49.636186840738596 8.93748
49.66090926588511 8.88552
49.685442483902584 8.867989999999999
49.70997813385706 8.85736
49.734516217597076 8.87064
49.75924846937352 8.85871
49.7837914452858 8.80833
49.80833686055187 8.78939
49.83288471702571 8.74133
49.85762682540054 8.782589999999999
49.882179588965734 8.68976
49.9067347993235 8.69614
49.93129245833333 8.69825
49.95604445336378 8.71128
49.98060703442832 8.70384
50.005172069746266 8.66715
50.02993150438364 8.64516
50.05450147301533 8.64777
50.07907390151433 8.59172
50.10364879174981 8.58032
50.12841816587289 8.55302
50.1529980044635 8.55368
50.17758031042124 8.52702
50.20216508562089 8.51351
50.22694442953363 8.51245
50.25153416817468 8.50735
50.27612638170508 8.49109
50.300721072005196 8.44978
50.325510416102105 8.43758
50.350110084975064 8.39584
50.37471223628208 8.39471
50.39931687190919 8.40348
50.424116246675766 8.365689999999999
50.44872587605249 8.36847
50.47333799543065 8.31075
50.49795260670191 8.33938
50.52276204271512 8.31752
50.54738166295838 8.303410000000001
50.57200378079314 8.27352
50.596628398116835 8.233139999999999
50.62144792604559 8.26262
50.646077567609396 8.23945
50.670709714377715 8.196019999999999
50.69553683636198 8.17305
50.72017401885922 8.214360000000001
50.7448137122895 8.190710000000001
50.76945591856022 8.13315
50.79429318636823 8.11619
50.818940443716784 8.14728
50.84359021965163 8.10993
50.868242516085964 8.10626
50.893089960641895 8.05813
50.917747323549435 8.06911
50.94240721271973 8.06235
50.96706963007175 8.02813
50.99192728239342 8.03313
51.01659478166073 7.991569999999999
51.04126481489051 7.986089999999999
51.06593738400761 7.95441
51.090805275207074 7.94033
51.11548294172845 7.9155
51.14016314993547 7.9106
51.164845901758845 7.91723
51.18972406304274 7.900519999999999
51.21441192780656 7.850510000000001
51.23910234200271 7.852
51.2637953075678 7.854939999999999
51.288683770237945 7.81513
51.31338186432707 7.817060000000001
51.33808251561888 7.826789999999999
51.362978729967345 7.79512
51.387684521509755 7.75323
51.41239287610203 7.7226
51.437103795691165 7.70061
51.46201036644977 7.68198
51.486726441956634 7.67168
51.51144508832545 7.65943
51.536166307509156 7.632999999999999
51.56108326624387 7.62276
51.58580965706056 7.653
51.61053862657523 7.658119999999999
51.635270176746864 7.601380000000001
51.66019755512065 7.60964
51.68493429268881 7.568460000000001
51.70967361681515 7.5388399999999995
51.73441552946465 7.533110000000001
51.759353359237934 7.49643
51.7841004750961 7.5240100000000005
51.80885018539685 7.51265
51.833602492111254 7.5105
51.8585508051424 7.456119999999999
51.883308330926425 7.437810000000001
51.90806845906181 7.41811
51.932831191525715 7.3846
51.95779001977161 7.3833
51.98255798721516 7.37575
52.00732856494335 7.360360000000001
52.03229530577543 7.323580000000001
52.057071130455945 7.32609
52.081849571391054 7.3369100000000005
52.106630630568695 7.27301
52.13160794279417 7.2921
52.15639426492067 7.3038
52.18118321127822 7.28428
52.205974783860896 7.2315
52.23096269971011 7.213889999999999
52.255759551287994 7.24682
52.280559035098186 7.187930000000001
52.30536115314103 7.1684
52.33035970494467 7.1750300000000005
52.35516711807904 7.147139999999999
52.37997717147198 7.1307
52.40478986713005 7.1235800000000005
52.42979908731974 7.117960000000001
52.454617094216 7.04598
52.47943774942214 7.04113
52.50426105495102 7.046889999999999
52.529280976059844 7.047860000000001
52.554109609024096 7.05847
52.57894089837482 6.992789999999999
52.60377484613117 6.98889
52.62880550079408 7.005310000000001
52.65364479223379 6.95666
52.67848674816189 6.9715
52.70352547971946 6.95029
52.72837279155837 6.94032
52.753222773982785 6.8918800000000005
52.778075429022984 6.915960000000001
52.80312495150885 6.89439
52.827982978797436 6.88048
52.85284368481815 6.836410000000001
52.87770707160767 6.840489999999999
52.90276741793998 6.80958
52.92763619336701 6.7927
52.952507655698504 6.78994
52.977381806977576 6.79277
53.00245301017842 6.79357
53.02733256653592 6.76783
53.052214817996074 6.723489999999999
53.077099766608484 6.728
53.102181859804446 6.713439999999999
53.127072229988265 6.73855
53.15196530349892 6.703410000000001
53.17686108239249 6.66673
53.20195409881522 6.66162
53.22685531582556 6.6174100000000005
53.25175924441303 6.61918
53.27666588664027 6.6371199999999995
53.30176985962693 6.60438
53.3266819565689 6.58856
53.35159677336455 6.59155
53.376514312083096 6.56917
53.40162927507703 6.564080000000001
53.42655228516116 6.5522599999999995
53.45147802340193 6.48572
53.47660125628886 6.52532
53.50153247842639 6.500319999999999
53.52646643496923 6.454269999999999
53.55140312799818 6.47864
53.576537409691696 6.43959
53.60147960336152 6.45017
53.626424539786164 6.44793
53.65137222105307 6.38866
53.67651758529126 6.39971
53.70147078399681 6.38499
53.72642673383343 6.36979
53.75138543689533 6.348409999999999
53.776541917524526 6.33691
53.801506154876755 6.320209999999999
53.826473151763246 6.33809
53.851442910284916 6.306019999999999
53.87661054126026 6.2874099999999995
53.9015858509782 6.24576
53.92656392866066 6.27041
53.95154477641532 6.2564400000000004
53.976723591801296 6.20621
54.00171000771266 6.19117
54.02669920004598 6.20448
54.051691170915745 6.2336
54.076881204886796 6.19484
54.101878760928514 6.1462900000000005
54.12687910187696 6.12134
54.152077577768296 6.13245
54.1770835166946 6.09437
54.20209224691339 6.1131400000000005
54.22710377055121 6.11521
54.25231352511594 6.05809
54.27733066384342 6.04189
54.30235060239643 6.0612
54.32737334290836 6.01157
54.35259441062629 5.96783
54.377622783395324 6.00692
54.40265396455061 5.98466
54.42768795623251 5.97556
54.45292037169559 5.94723
54.477960012857906 5.93743
54.50300247099511 5.89387
54.52804774825457 5.911490000000001
54.55329154616743 5.863630000000001
54.57834249018678 5.82048
54.6033962597977 5.82533
54.6284528571545 5.8060599999999996
54.653708072335164 5.75185
54.67877035378786 5.7771
54.70383546947698 5.74071
54.72890342156389 5.70399
54.7541700889442 5.7052
54.77924374251975 5.6414599999999995
54.8043202390049 5.67671
54.82959552413022 5.677309999999999
54.8546777351945 5.61865
54.87976279569621 5.60605
54.90485070780914 5.64201
54.930137506558005 5.53385
54.95523115074295 5.57219
54.98032765308844 5.58191
55.005427015775496 5.44489
55.03072536339621 5.5102199999999995
55.05583047570572 5.44931
55.080938454927676 5.45694
55.10604930325027 5.47749
55.131359235107396 5.4388
55.15647585066083 5.36324
55.181595341907496 5.31503
55.20671771104285 5.349019999999999
55.232039262617704 5.34823
55.25716741665048 5.27613
55.28229845518636 5.2721599999999995
55.30743238042802 5.22498
55.33276558731939 5.24334
55.357905315183636 5.2198
55.383047936390035 5.2010000000000005
55.40819345314859 5.1708300000000005
55.433538351073295 5.10732
55.458689688238415 5.08711
55.483843927614096 5.06767
55.509197623043605 5.09092
55.53435769621134 4.9987900000000005
55.55952067826466 4.99068
55.5846865714265 5.023630000000001
55.61005202069737 4.99766
55.63522376553902 4.953069999999999
55.66039842818645 4.92813
55.68557601087004 4.931
55.7109532500271 4.879580000000001
55.73613670233794 4.90399
